120285,0.09250998497009277
105003,0.09182572364807129
128514,0.08808565139770508
116118,0.05971169471740723
99585,0.04983043670654297
90169,0.061827659606933594
123107,0.06480765342712402
120769,0.056383371353149414
122576,0.05939483642578125
124768,0.05744171142578125
98952,0.05382370948791504
126912,0.0643625259399414
122982,0.06788134574890137
124782,0.05416369438171387
126051,0.05769062042236328
125044,0.056478261947631836
130570,0.06391263008117676
115323,0.0688018798828125
102367,0.04510951042175293
