3
24
278
465
587
4
12
227
446
186
91
476
277
301
212
472
456
34
51
275
11
458
30
462
290
284
168
10
151
49
262
427
270
510
405
533
531
467
355
408
591
354
457
348
530
372
491
512
352
219
193
253
528
57
331
259
459
349
17
22
38
475
471
460
13
14
409
40
2
74
39
154
436
45
583
341
19
304
35
244
441
256
6
264
5
199
564
173
41
43
599
15
56
231
31
534
28
55
498
210
155
289
180
58
494
229
478
18
7
53
590
273
54
592
228
171
242
455
511
190
44
105
598
215
597
204
594
36
26
311
438
25
150
356
62
21
48
172
72
532
461
202
562
557
556
65
473
138
50
474
351
558
555
232
27
337
20
198
282
47
23
406
595
16
29
245
1
588
559
9
46
234
347
42
276
464
589
470
407
466
52
8
449
112
596
170
412
32
33
463
37
411
237
314
477
