person 0.8720291256904602 898 205 909 228
person 0.9208871722221375 1073 237 1086 257
person 0.5663273930549622 1105 281 1128 305
person 0.7219732999801636 273 258 299 289
person 0.7362169623374939 426 210 446 247
car 0.9528263807296753 206 367 312 422
car 0.9456939697265625 113 380 189 427
car 0.9902257323265076 583 115 616 144
car 0.9932807087898254 604 158 640 186
car 0.5455951690673828 676 121 707 140
car 0.7281713485717773 1021 267 1064 291
car 0.9735242128372192 620 133 651 161
car 0.9348132014274597 560 189 592 222
car 0.9884069561958313 642 157 672 181
car 0.9309450387954712 648 88 674 108
car 0.7026604413986206 829 227 874 265
traffic_light 0.7759243845939636 1143 314 1162 336
