person 0.364048570394516 1105 280 1129 305
person 0.7202662825584412 273 257 298 287
person 0.9307646155357361 898 205 909 228
person 0.9067914485931396 1071 239 1085 258
car 0.9929021000862122 559 178 590 209
car 0.9622260928153992 208 368 311 422
car 0.9785470366477966 115 379 186 427
car 0.9774112701416016 583 110 619 144
car 0.9411027431488037 913 332 997 417
car 0.9637993574142456 811 252 877 308
car 0.978609025478363 50 356 101 399
car 0.9965006113052368 641 158 674 182
car 0.9950761198997498 597 153 628 181
car 0.9610006213188171 2 334 29 370
car 0.8817201852798462 666 106 695 125
car 0.6158114075660706 1018 267 1062 294
car 0.909114420413971 512 187 534 214
car 0.9897171258926392 682 158 719 180
car 0.8445881009101868 1031 302 1074 330
car 0.8414110541343689 705 151 739 170
traffic_light 0.6955792903900146 1142 314 1160 337
traffic_light 0.700981855392456 423 211 444 243
