person 0.3898932635784149 1105 279 1127 305
person 0.8898255825042725 1072 236 1086 255
person 0.846699059009552 940 187 955 208
car 0.9418036937713623 209 368 310 421
car 0.9901857376098633 328 256 399 301
car 0.9577738046646118 113 381 188 428
car 0.958160400390625 56 397 114 435
car 0.9744083881378174 599 98 626 119
car 0.7292555570602417 1019 267 1065 291
car 0.6773831844329834 960 357 1035 425
car 0.24307511746883392 773 167 808 196
car 0.9668808579444885 641 159 674 183
car 0.9897878170013428 620 135 651 158
car 0.7403790950775146 1031 304 1068 328
car 0.9765328764915466 659 133 692 153
car 0.9020753502845764 81 436 157 499
motorbike 0.33798402547836304 764 166 802 192
traffic_light 0.4989957809448242 1141 313 1159 336
