person 0.45724642276763916 1143 315 1156 337
person 0.511278510093689 453 203 465 233
person 0.7209082841873169 866 189 880 210
car 0.9592320322990417 466 471 629 556
car 0.9362310767173767 358 409 503 482
car 0.975562334060669 572 94 599 116
car 0.9814328551292419 950 245 1001 267
car 0.9722867608070374 1017 257 1064 292
car 0.9869116544723511 564 178 591 206
car 0.9606704711914062 1053 285 1107 318
car 0.7534447312355042 149 495 259 561
car 0.6378281116485596 125 435 202 488
car 0.8261747360229492 666 143 696 171
truck 0.5945307016372681 150 503 265 572
traffic_light 0.8196115493774414 1073 235 1084 253
traffic_light 0.618532657623291 885 189 899 213
