person 0.9199012517929077 423 210 443 248
person 0.8739911317825317 274 256 298 288
person 0.736368715763092 1071 237 1084 257
person 0.6886428594589233 1100 406 1123 437
person 0.6285006999969482 1105 280 1128 305
person 0.9286397695541382 299 230 318 260
person 0.8741094470024109 874 205 889 232
person 0.7648801803588867 883 211 898 239
person 0.8718713521957397 1163 413 1179 439
person 0.7541955709457397 1086 240 1103 262
car 0.9621397852897644 202 368 314 426
car 0.9939448237419128 582 114 616 146
car 0.9945953488349915 593 151 631 183
car 0.9438362717628479 620 133 650 167
motorbike 0.6897831559181213 1028 299 1073 330
traffic_light 0.9537939429283142 1143 314 1160 338
