person 0.8597052097320557 421 210 442 247
person 0.7562286257743835 274 256 298 287
person 0.9182847142219543 299 229 318 259
person 0.56096351146698 1106 280 1128 305
car 0.9562089443206787 202 368 316 426
car 0.9927297234535217 582 115 615 145
car 0.9131791591644287 6 402 52 439
car 0.9954754710197449 593 152 631 181
car 0.9356404542922974 547 96 564 113
car 0.9519301056861877 517 158 538 179
car 0.9324206113815308 620 133 650 166
traffic_light 0.9293987154960632 1143 314 1160 338
traffic_light 0.9159604907035828 890 213 901 237
traffic_light 0.7272034883499146 1070 239 1082 259
