person 0.7904105186462402 1142 313 1159 336
person 0.6134278178215027 1105 279 1129 304
person 0.93550044298172 1070 239 1084 258
person 0.9271318316459656 866 187 879 209
person 0.7929949760437012 274 257 298 286
car 0.9898964166641235 230 366 335 423
car 0.9270018935203552 949 225 993 253
car 0.8350807428359985 191 501 307 575
car 0.9829135537147522 1041 355 1101 403
car 0.7985906004905701 1018 266 1065 292
car 0.9867627024650574 114 381 190 427
car 0.9401877522468567 176 432 283 499
car 0.9397767782211304 550 99 572 119
car 0.9326326251029968 1030 301 1075 328
car 0.8801012635231018 68 435 142 489
