person 0.8920184969902039 1057 354 1076 387
person 0.9118014574050903 274 256 298 288
person 0.7462013959884644 1070 239 1082 259
person 0.8516238331794739 423 210 442 247
person 0.7239898443222046 1032 308 1055 338
person 0.9431857466697693 300 229 319 260
person 0.7151800394058228 1107 280 1127 305
car 0.996085524559021 687 415 811 509
car 0.957672655582428 205 368 313 425
car 0.9958486557006836 583 115 616 146
car 0.9810609817504883 62 391 128 433
car 0.9744466543197632 550 107 572 127
car 0.9963079690933228 593 151 631 182
car 0.960523247718811 620 133 650 167
car 0.9130649566650391 511 176 537 203
traffic_light 0.48129865527153015 1143 313 1160 338
