person 0.4376082122325897 1104 278 1128 304
person 0.6652626395225525 962 194 980 215
car 0.983548104763031 596 95 625 118
car 0.9179677963256836 210 368 310 422
car 0.9727174043655396 115 380 185 427
car 0.9900492429733276 33 401 88 436
car 0.7841823697090149 1019 267 1066 292
car 0.9940630793571472 621 134 651 158
car 0.8938940763473511 899 220 948 243
car 0.9817389845848083 14 439 75 490
car 0.9820740222930908 641 157 674 183
car 0.7788048386573792 920 312 991 377
car 0.8500682711601257 1031 303 1069 329
motorbike 0.8951947689056396 1111 356 1139 385
traffic_light 0.7557199597358704 1140 310 1157 334
