person 0.840499758720398 884 187 898 212
person 0.8436936736106873 866 187 881 208
person 0.9623461961746216 296 232 316 261
person 0.7591137290000916 1142 313 1157 336
car 0.960281491279602 1016 264 1067 295
car 0.9874747395515442 950 245 1000 268
car 0.8645994067192078 189 500 313 575
car 0.9712041616439819 640 116 665 138
car 0.9217883944511414 174 431 284 498
car 0.9821939468383789 563 165 589 198
car 0.7954861521720886 773 179 825 210
car 0.9133197665214539 68 435 140 489
car 0.8775477409362793 278 256 347 305
car 0.9684557914733887 501 175 537 212
