person 0.7990546822547913 1073 236 1085 256
person 0.6035851836204529 1082 268 1105 290
person 0.7599085569381714 863 189 882 210
car 0.9859558343887329 506 390 658 462
car 0.9855937361717224 672 437 812 518
car 0.7974717020988464 226 504 368 577
car 0.9747906923294067 951 246 999 268
car 0.9590447545051575 1012 254 1062 286
car 0.9713698029518127 1040 290 1091 320
car 0.9107846617698669 168 434 263 493
car 0.9785218834877014 583 95 614 119
car 0.9882005453109741 563 177 591 204
car 0.9714454412460327 45 487 127 546
car 0.96990966796875 574 106 602 129
motorbike 0.6609197854995728 20 331 49 360
