person 0.9256943464279175 298 229 315 259
car 0.9049798846244812 397 339 522 394
car 0.9669010043144226 164 377 251 431
car 0.9059507846832275 190 501 308 574
car 0.9577834010124207 884 386 946 455
car 0.9351592063903809 172 430 283 498
car 0.8511126637458801 1020 267 1065 292
car 0.6839287877082825 1068 288 1110 316
car 0.7945007085800171 823 205 880 232
car 0.9287315607070923 560 153 584 180
car 0.8077104091644287 67 435 141 490
car 0.7473389506340027 660 235 708 272
car 0.9575008153915405 505 185 535 213
car 0.8356549143791199 986 303 1044 334
traffic_light 0.5643919110298157 1143 314 1160 337
