person 0.9280239343643188 1071 237 1086 255
car 0.9909494519233704 204 367 312 421
car 0.8400810956954956 190 500 310 575
car 0.9762023091316223 685 215 754 273
car 0.9404982924461365 995 366 1064 416
car 0.7938975691795349 1019 267 1063 292
car 0.957623302936554 176 430 283 499
car 0.47230562567710876 1133 310 1161 335
car 0.9940391778945923 617 89 643 107
car 0.9399839043617249 1028 302 1073 329
car 0.3574630916118622 1101 279 1131 306
car 0.9846464991569519 111 381 191 427
car 0.5026421546936035 1150 351 1180 377
car 0.9279330968856812 67 435 142 489
