person 0.520076334476471 1104 281 1130 305
person 0.5427566170692444 1143 315 1161 338
person 0.7432020902633667 1058 237 1080 255
car 0.9148996472358704 208 367 311 422
car 0.9840333461761475 135 324 203 361
car 0.9694216251373291 824 242 885 291
car 0.9549822211265564 114 379 186 427
car 0.7879900336265564 1020 266 1063 291
car 0.7639614939689636 727 172 758 192
car 0.8790228962898254 1029 302 1074 330
car 0.8270998001098633 404 227 475 282
car 0.9714462161064148 640 156 676 181
car 0.9863380789756775 621 134 651 157
traffic_light 0.48994162678718567 394 438 422 469
