person 0.5471721887588501 1104 281 1129 305
person 0.7373114824295044 1150 427 1176 467
person 0.5951405763626099 274 257 298 287
car 0.9357990026473999 209 368 310 422
car 0.9651142358779907 113 380 187 426
car 0.9880593419075012 640 156 676 183
car 0.7213304042816162 1019 268 1065 292
car 0.9472994804382324 611 64 641 83
car 0.5531849265098572 1138 315 1169 340
car 0.990698516368866 621 132 651 155
car 0.7672995328903198 509 187 534 222
car 0.8318765163421631 1028 302 1075 330
car 0.5621311664581299 989 397 1070 482
traffic_light 0.9406425356864929 860 252 893 278
traffic_light 0.7682358622550964 376 324 391 352
