person 0.9278634190559387 1069 241 1084 259
person 0.7780992388725281 1111 278 1126 301
person 0.7581712007522583 1141 311 1160 333
car 0.9967892169952393 423 313 536 373
car 0.9637379050254822 178 372 269 424
car 0.901931643486023 189 501 310 575
car 0.9410872459411621 1018 267 1066 292
car 0.9615389108657837 1056 288 1101 314
car 0.9540656805038452 172 430 283 497
car 0.9326354265213013 78 396 136 433
car 0.8893665075302124 862 211 922 241
car 0.9422655701637268 69 436 141 487
car 0.9452305436134338 551 120 577 146
car 0.7334917783737183 979 308 1029 336
