person 0.4803195893764496 1105 280 1130 304
person 0.546636700630188 1141 312 1160 333
person 0.6393751502037048 388 411 415 444
person 0.7273098230361938 373 458 394 486
person 0.9122333526611328 272 259 299 287
person 0.9337038993835449 297 230 314 256
car 0.962384819984436 926 379 1005 457
car 0.9617465138435364 208 368 311 420
car 0.986234724521637 227 301 301 347
car 0.9139752984046936 113 381 188 428
car 0.6997290253639221 1020 267 1065 291
car 0.993496298789978 622 132 651 157
car 0.9848490953445435 613 93 640 111
car 0.7701023817062378 1030 304 1069 329
car 0.9689776301383972 640 158 674 183
traffic_light 0.9858754277229309 481 209 516 244
