person 0.48173457384109497 1105 278 1127 303
person 0.9570494294166565 1070 240 1085 259
person 0.6614157557487488 274 257 299 288
car 0.9873346090316772 204 368 312 421
car 0.9485405683517456 606 111 632 133
car 0.9338636994361877 175 431 282 498
car 0.777248740196228 196 501 306 574
car 0.9768252372741699 570 89 588 103
car 0.981187105178833 57 396 113 436
car 0.9790735244750977 657 133 690 155
car 0.9795221090316772 112 380 189 427
car 0.941654622554779 642 157 673 182
car 0.5811617970466614 1020 267 1063 293
car 0.7712705135345459 1029 303 1072 329
car 0.7643514275550842 644 91 662 108
traffic_light 0.6222488284111023 1141 312 1159 336
traffic_light 0.9235548377037048 893 183 908 203
