person 0.9724944829940796 1071 235 1085 255
person 0.7843260765075684 770 189 787 211
person 0.6541240215301514 862 188 881 211
person 0.7551400661468506 298 229 315 256
car 0.9891471862792969 648 246 737 287
car 0.9814136624336243 730 276 832 318
car 0.9669437408447266 206 327 291 376
car 0.9780986309051514 941 245 993 269
car 0.9692737460136414 961 384 1047 447
car 0.9045631289482117 1105 362 1149 397
car 0.8211938738822937 567 182 589 210
car 0.9510398507118225 674 160 715 183
car 0.5097199082374573 1125 313 1155 344
car 0.9624421000480652 601 157 637 183
car 0.9724332690238953 613 140 646 168
car 0.8779326677322388 1019 292 1084 333
