person 0.6350083947181702 1105 279 1126 305
person 0.9679275751113892 1070 238 1084 258
car 0.9831314086914062 203 368 312 420
car 0.8517600893974304 169 500 285 571
car 0.928596556186676 170 433 266 499
car 0.9790447354316711 112 382 188 427
car 0.9716697931289673 605 109 634 132
car 0.9727530479431152 57 397 113 436
car 0.5218871235847473 1021 267 1062 292
car 0.5392332673072815 658 108 682 130
car 0.9757644534111023 4 349 35 381
car 0.9885127544403076 640 158 674 183
car 0.9756964445114136 656 134 692 157
car 0.9808169007301331 678 158 718 183
car 0.7702605724334717 897 219 942 244
car 0.9852682948112488 622 137 649 160
traffic_light 0.6795061826705933 1140 312 1159 335
