person 0.9467777609825134 933 192 947 218
person 0.6559295654296875 1106 280 1126 305
person 0.7770283222198486 860 187 876 211
person 0.38956254720687866 1142 312 1163 335
person 0.9755378365516663 1071 239 1086 257
car 0.9400087594985962 932 359 1020 415
car 0.9888085722923279 202 367 313 422
car 0.9021632671356201 187 499 311 575
car 0.9917389154434204 604 106 632 130
car 0.9765914678573608 572 97 596 118
car 0.9530937671661377 177 431 283 498
car 0.9829491376876831 111 381 190 428
car 0.6450032591819763 1019 266 1065 293
car 0.8257471323013306 1031 303 1068 329
motorbike 0.4849737286567688 707 184 749 213
