person 0.8117164969444275 377 305 393 337
person 0.5467177033424377 1153 427 1179 465
person 0.5967466235160828 732 175 756 195
person 0.9627262949943542 1070 238 1085 258
person 0.9355635643005371 298 229 316 258
car 0.9841780066490173 685 366 759 468
car 0.9567830562591553 210 368 310 422
car 0.9275917410850525 922 385 1007 473
car 0.9661471247673035 112 380 188 428
car 0.775784432888031 898 283 966 345
car 0.9865365624427795 639 158 676 183
car 0.4017006456851959 790 188 823 213
car 0.9534323811531067 640 88 668 107
car 0.9328949451446533 1027 301 1077 330
car 0.7077112793922424 1019 267 1065 293
car 0.3986704647541046 1103 280 1132 305
car 0.9787043333053589 503 202 537 226
car 0.9889925122261047 622 133 650 155
car 0.9374052286148071 611 63 637 79
car 0.9711472988128662 670 113 701 135
motorbike 0.5926981568336487 740 181 761 200
traffic_light 0.4618331491947174 1143 315 1161 337
traffic_light 0.9526301026344299 417 308 438 340
