person 0.3860452175140381 1105 280 1131 304
person 0.6873269081115723 297 229 321 258
car 0.9848143458366394 502 355 645 439
car 0.9892967343330383 557 178 589 206
car 0.963396430015564 203 370 315 422
car 0.9669134020805359 169 330 243 380
car 0.9556491374969482 952 427 1033 514
car 0.9935534000396729 510 186 539 211
car 0.9595375061035156 252 278 332 315
car 0.989237368106842 57 314 103 349
car 0.9778252243995667 583 113 617 146
car 0.9932631850242615 640 156 673 181
car 0.929917573928833 113 377 196 428
car 0.8647555708885193 669 113 701 136
car 0.9931722283363342 600 154 637 182
car 0.8303399085998535 1030 304 1072 329
traffic_light 0.5731392502784729 1143 315 1161 337
traffic_light 0.699914276599884 423 210 441 242
traffic_light 0.8097871541976929 1074 236 1086 255
traffic_light 0.926486611366272 868 192 882 214
traffic_light 0.9840893745422363 886 173 902 191
