person 0.935107409954071 1073 236 1084 255
person 0.8721603155136108 299 230 316 259
car 0.9951882362365723 658 446 805 525
car 0.9869927167892456 588 275 709 334
car 0.8852099776268005 989 393 1059 446
car 0.9860666394233704 594 139 629 172
car 0.6694875955581665 1132 310 1162 337
car 0.8980466723442078 991 259 1042 288
car 0.9399239420890808 1031 291 1091 322
car 0.7041826844215393 1135 349 1171 379
car 0.9284384846687317 565 181 590 207
car 0.9567769765853882 671 159 714 181
car 0.8835538029670715 872 241 937 271
car 0.9706100225448608 561 166 588 197
traffic_light 0.5298370122909546 862 189 882 209
