person 0.7305936813354492 1107 279 1129 308
person 0.8898962736129761 1068 239 1083 259
car 0.9952396154403687 560 269 657 327
car 0.9548563957214355 270 364 377 417
car 0.8972163796424866 176 431 281 497
car 0.6846827268600464 192 501 309 575
car 0.9667736291885376 557 139 583 165
car 0.9709856510162354 69 434 141 487
car 0.9806658625602722 107 387 175 435
car 0.7675730586051941 927 324 985 374
car 0.46775224804878235 1023 267 1064 291
car 0.8428428173065186 826 209 883 233
traffic_light 0.594249963760376 1143 312 1159 335
