person 0.6913340091705322 423 211 441 241
person 0.7626566290855408 973 275 990 309
person 0.9318274259567261 941 241 957 264
person 0.9402751326560974 298 229 317 258
person 0.7869755029678345 1070 238 1084 260
person 0.8159088492393494 275 257 297 286
car 0.8410078883171082 486 356 591 421
car 0.9739185571670532 564 262 660 314
car 0.9741464853286743 354 266 436 315
car 0.9132753014564514 209 370 313 424
car 0.9776572585105896 555 160 586 189
car 0.898016095161438 949 424 1035 514
car 0.9880164861679077 510 186 538 210
car 0.9428828358650208 189 332 263 373
car 0.9852249026298523 582 113 617 145
car 0.8767257332801819 114 380 187 427
car 0.9604285955429077 15 368 50 405
car 0.9810550212860107 601 154 638 184
car 0.9782142639160156 641 158 672 181
car 0.9276013374328613 620 135 650 166
car 0.8411182165145874 802 246 854 283
traffic_light 0.7456406354904175 1144 314 1161 338
