person 0.6518382430076599 1140 317 1155 337
person 0.9160112738609314 299 229 317 259
person 0.91909259557724 1132 436 1148 465
car 0.9965478777885437 831 407 953 485
car 0.9794418811798096 379 297 494 354
car 0.9759892225265503 894 275 958 306
car 0.9811890125274658 792 240 868 276
car 0.9804977178573608 985 246 1037 272
car 0.9894608855247498 563 180 594 204
car 0.865479588508606 1065 379 1112 413
car 0.5440245866775513 1070 328 1108 358
car 0.9874524474143982 597 154 628 180
car 0.9491450786590576 669 158 715 182
car 0.9673047661781311 617 135 647 161
car 0.8673121333122253 1073 258 1122 288
car 0.8430582284927368 1025 295 1102 343
car 0.8595767617225647 501 177 537 213
