person 0.6346929669380188 423 211 440 243
person 0.872215747833252 274 256 297 287
person 0.5346903800964355 1105 281 1133 306
person 0.9176620841026306 299 229 319 258
car 0.9749541878700256 728 332 834 398
car 0.9639334678649902 208 369 311 424
car 0.9857237935066223 639 427 765 518
car 0.9906113743782043 353 315 438 361
car 0.9972653388977051 862 324 931 382
car 0.9364299774169922 110 383 176 430
car 0.9084715247154236 986 400 1072 483
car 0.9955428242683411 585 115 616 146
car 0.9514409303665161 510 180 538 211
car 0.994616687297821 593 151 633 182
car 0.9926961660385132 903 481 986 552
car 0.9840453863143921 1001 501 1086 600
car 0.9614735841751099 924 503 1014 597
car 0.9835205674171448 639 157 671 181
car 0.9956954717636108 592 136 624 164
traffic_light 0.41750040650367737 1143 314 1161 338
traffic_light 0.5802236199378967 1148 267 1174 286
traffic_light 0.8670415878295898 1071 239 1083 259
