person 0.8803442716598511 274 256 298 287
person 0.8009132146835327 424 209 440 244
person 0.6734615564346313 1105 280 1127 305
person 0.9124096035957336 299 229 319 260
person 0.9085999131202698 213 591 246 640
car 0.9925641417503357 511 337 638 409
car 0.9762493371963501 205 368 313 425
car 0.9821595549583435 839 401 938 493
car 0.987236738204956 928 404 1009 486
car 0.9490426778793335 810 553 944 685
car 0.9945506453514099 585 115 615 145
car 0.36255523562431335 1163 267 1191 285
car 0.9875409007072449 549 115 575 140
car 0.9941218495368958 593 151 631 182
car 0.9171222448348999 510 176 537 209
car 0.9434453845024109 87 382 154 430
car 0.9584574103355408 620 133 651 166
car 0.9829708337783813 639 157 671 182
traffic_light 0.701465904712677 1144 314 1161 337
traffic_light 0.7757241725921631 1071 238 1083 260
