person 0.6255847215652466 1142 312 1159 337
person 0.6024990081787109 1105 273 1120 294
person 0.9109705686569214 1069 239 1083 258
car 0.905316174030304 190 499 309 575
car 0.9383638501167297 174 431 282 497
car 0.9831521511077881 62 333 104 368
car 0.952162504196167 1016 262 1064 294
car 0.9704744219779968 514 140 541 169
car 0.9394816160202026 68 436 142 489
car 0.8661506772041321 819 205 882 232
car 0.9693358540534973 563 178 591 206
car 0.9014042615890503 615 85 636 101
car 0.2994019389152527 491 208 518 235
car 0.9463639855384827 669 231 730 271
car 0.5083111524581909 1004 246 1035 265
car 0.9295653700828552 3 478 65 562
