person 0.6668980717658997 1106 278 1126 304
person 0.9753887057304382 1071 237 1086 256
car 0.9827331304550171 935 361 1021 413
car 0.9892585873603821 204 367 312 421
car 0.9824606776237488 629 140 662 167
car 0.9358692765235901 190 499 308 575
car 0.9782564640045166 176 431 283 499
car 0.955865740776062 918 292 992 344
car 0.9757921695709229 700 236 770 297
car 0.6844910979270935 1019 268 1065 292
car 0.9811734557151794 111 380 190 426
car 0.9544604420661926 723 488 794 587
car 0.8444944024085999 1030 303 1070 329
car 0.9230322241783142 68 435 140 490
traffic_light 0.7029740214347839 1142 313 1160 336
