person 0.9447188973426819 932 238 949 266
person 0.5639578700065613 1106 280 1129 306
person 0.5660712122917175 274 257 299 287
person 0.7302146553993225 297 228 318 256
car 0.9825708270072937 656 424 801 541
car 0.9716019034385681 296 320 397 375
car 0.9509938359260559 379 259 474 304
car 0.9710581302642822 210 369 309 422
car 0.9886294603347778 557 177 589 207
car 0.9885699152946472 118 302 169 336
car 0.9338139891624451 900 356 984 432
car 0.9520027041435242 114 379 189 426
car 0.9891013503074646 511 185 540 210
car 0.9904963970184326 640 158 673 183
car 0.9650068879127502 582 111 618 145
car 0.9888290762901306 600 154 637 183
motorbike 0.9329942464828491 40 375 69 405
motorbike 0.5398756265640259 26 333 55 362
traffic_light 0.4790123403072357 1143 314 1160 337
traffic_light 0.9644115567207336 423 209 440 238
