person 0.26110726594924927 1142 319 1159 339
person 0.683210015296936 884 189 899 214
person 0.8769642114639282 299 229 316 259
car 0.9656221866607666 257 426 391 498
car 0.9612417817115784 1018 260 1067 293
car 0.9794837236404419 950 245 1001 268
car 0.8086445331573486 316 489 457 563
car 0.5719732046127319 87 309 125 339
car 0.950982391834259 573 90 592 106
car 0.5547603964805603 140 505 216 566
car 0.595256507396698 664 140 692 169
car 0.9786529541015625 562 166 589 197
car 0.6121561527252197 94 436 169 487
car 0.7973446846008301 1078 282 1124 310
