person 0.5719521045684814 1106 280 1128 305
person 0.9354491233825684 914 192 928 217
person 0.7763000130653381 1152 424 1175 466
person 0.9114920496940613 1071 239 1085 257
person 0.5447303056716919 274 257 298 287
car 0.9498708844184875 209 368 309 421
car 0.864655613899231 616 197 669 252
car 0.9945942759513855 591 141 621 171
car 0.9550138711929321 113 380 187 428
car 0.8375940322875977 571 263 625 334
car 0.9235222935676575 859 311 945 379
car 0.9948069453239441 641 156 675 182
car 0.6818642616271973 1018 268 1064 294
car 0.9802626967430115 583 109 612 131
car 0.7530003786087036 639 88 663 107
car 0.9888294339179993 676 156 717 183
car 0.8961459398269653 1028 302 1076 329
car 0.9778533577919006 622 132 650 160
car 0.5206403136253357 514 185 535 214
car 0.8640996217727661 684 117 717 145
traffic_light 0.5903282165527344 1143 314 1161 336
