person 0.4629296660423279 782 168 809 196
person 0.6453579664230347 1105 278 1127 305
person 0.7025498151779175 274 257 299 287
car 0.9574565291404724 207 368 311 422
car 0.9829517006874084 133 308 185 342
car 0.9062088131904602 131 435 232 499
car 0.9837242364883423 112 380 188 428
car 0.9782794117927551 57 397 115 435
car 0.9916030764579773 640 158 675 184
car 0.5253053903579712 1022 268 1063 292
car 0.9922031164169312 620 134 650 158
car 0.8629459738731384 91 496 179 556
car 0.9843361377716064 607 110 633 130
car 0.9884195327758789 657 133 692 155
car 0.6367215514183044 903 220 946 242
motorbike 0.6988359093666077 1031 304 1069 329
traffic_light 0.4529948830604553 1141 313 1159 335
