person 0.6091108918190002 1106 281 1132 307
person 0.9811767339706421 1072 237 1085 257
person 0.6927511096000671 273 257 299 287
car 0.9632905721664429 208 367 310 422
car 0.7772087454795837 133 494 228 559
car 0.9787790179252625 112 379 189 426
car 0.9816599488258362 921 219 978 247
car 0.7958175539970398 1018 268 1065 291
car 0.9750387072563171 659 133 693 154
car 0.8794482350349426 730 172 766 193
car 0.9719031453132629 640 157 674 183
car 0.7155869007110596 1031 303 1071 329
car 0.9860582947731018 622 133 651 156
traffic_light 0.4231339693069458 1141 314 1160 336
