person 0.7755137085914612 1142 312 1156 336
person 0.4433191418647766 1064 245 1086 263
person 0.788547158241272 864 189 881 209
car 0.9682409167289734 197 497 325 576
car 0.9878389835357666 204 285 264 317
car 0.9305750131607056 1020 266 1064 295
car 0.9573063254356384 179 429 290 497
car 0.9496886134147644 950 246 1000 268
car 0.3975922465324402 757 171 786 189
car 0.9518807530403137 69 434 142 488
car 0.9788169264793396 563 165 589 197
car 0.8595300912857056 657 132 685 151
car 0.9478160738945007 568 74 586 86
car 0.9620532393455505 500 178 537 216
