person 0.8343430161476135 1142 313 1160 338
person 0.6025311350822449 1107 278 1126 302
person 0.8921671509742737 917 193 928 215
person 0.7839251160621643 273 258 298 287
car 0.9915952086448669 203 367 312 421
car 0.9843940138816833 871 273 945 320
car 0.8918651342391968 191 500 308 576
car 0.9355360269546509 1100 362 1150 399
car 0.690457820892334 1021 267 1063 292
car 0.9413366913795471 175 430 284 500
car 0.9817869067192078 111 381 190 427
car 0.9089855551719666 1030 303 1070 328
car 0.8420308828353882 68 435 142 489
traffic_light 0.7951884865760803 861 187 875 210
