person 0.4796859622001648 1141 312 1159 335
person 0.9738710522651672 1070 240 1084 258
person 0.6156741976737976 1104 279 1127 306
person 0.7040276527404785 274 257 298 287
car 0.9943413734436035 692 428 791 568
car 0.989151120185852 203 368 313 420
car 0.9690031409263611 1042 326 1112 360
car 0.9210472106933594 188 499 310 575
car 0.9872753620147705 613 115 639 140
car 0.991054117679596 595 161 627 190
car 0.9400057196617126 709 250 780 302
car 0.978161096572876 176 431 283 499
car 0.98689204454422 112 381 189 428
car 0.595031201839447 1017 267 1063 293
car 0.9825229644775391 56 397 114 431
car 0.9717842936515808 48 437 110 486
car 0.9310997128486633 724 204 782 240
