person 0.44676244258880615 1106 281 1129 305
person 0.8488465547561646 912 213 925 241
person 0.7671210765838623 273 257 299 287
person 0.5008249282836914 423 210 441 243
car 0.9224364757537842 207 368 312 422
car 0.9801656007766724 375 322 481 377
car 0.9925858378410339 558 179 590 206
car 0.9874890446662903 151 297 222 329
car 0.994273841381073 512 186 540 209
car 0.9798755645751953 900 351 940 387
car 0.9542605876922607 113 379 187 429
car 0.9913797378540039 640 157 674 182
car 0.9703481197357178 583 114 618 144
car 0.965153694152832 865 317 938 379
car 0.9479892253875732 73 350 131 401
car 0.9877996444702148 557 166 585 194
car 0.9247590899467468 11 330 46 361
car 0.9932477474212646 601 155 637 182
car 0.6383827328681946 1025 266 1065 291
car 0.8191400170326233 1030 302 1073 329
traffic_light 0.8528218269348145 779 210 809 239
traffic_light 0.6543743014335632 1143 315 1161 336
traffic_light 0.9575740098953247 768 205 792 233
traffic_light 0.6903921365737915 884 175 905 193
