person 0.8582599759101868 861 189 880 215
person 0.5154432058334351 1141 310 1158 334
car 0.9841320514678955 863 339 968 411
car 0.9869154691696167 950 386 1036 448
car 0.648420512676239 150 489 259 559
car 0.9932057857513428 524 461 711 546
car 0.9866787791252136 592 113 622 145
car 0.907888650894165 401 398 539 462
car 0.9856683015823364 1017 248 1059 270
car 0.9911501407623291 563 177 592 205
car 0.9678213596343994 943 257 1010 292
car 0.7334533929824829 1077 266 1110 292
car 0.9855446219444275 589 129 617 156
car 0.9622110724449158 1033 290 1090 323
car 0.9307273030281067 673 158 713 182
