person 0.574482798576355 1142 314 1159 336
person 0.6382545828819275 1106 279 1127 304
person 0.962034285068512 1072 238 1086 258
car 0.9589844346046448 210 368 311 422
car 0.956990122795105 113 379 187 428
car 0.990610659122467 588 88 618 108
car 0.7037474513053894 1017 268 1066 293
car 0.5350977778434753 1083 376 1120 411
car 0.9857999086380005 621 133 651 157
car 0.7383812665939331 1030 303 1072 329
car 0.9708523750305176 640 157 675 183
car 0.908120334148407 812 256 873 312
car 0.9582814574241638 658 133 690 155
truck 0.5302557349205017 289 499 427 577
