person 0.8038660883903503 1068 240 1083 258
person 0.4906112253665924 1142 313 1159 337
person 0.6011890769004822 1107 274 1121 294
car 0.9934788942337036 556 288 658 349
car 0.9525972008705139 189 499 309 576
car 0.9754814505577087 843 448 918 573
car 0.9439756274223328 1017 265 1068 295
car 0.9710800647735596 174 431 282 499
car 0.9753100872039795 142 381 225 426
car 0.9369968771934509 702 223 749 260
car 0.9805163741111755 561 165 590 198
car 0.8905766606330872 817 207 884 232
car 0.6246978044509888 899 321 975 376
car 0.9389075040817261 67 435 142 491
car 0.7823083400726318 696 132 726 152
car 0.8836750388145447 399 227 472 284
