996776,0.4651191234588623,4800.41064453125
1037053,0.48978233337402344,3909.666015625
1000301,0.4620811939239502,6464.02978515625
781772,0.45740365982055664,5868.212890625
1045962,0.477571964263916,3295.99755859375
1066956,0.4820590019226074,3102.3994140625
1053818,0.49646997451782227,4401.419921875
1021209,0.45822930335998535,4706.0068359375
1246543,0.48003196716308594,3217.857177734375
1072818,0.4614112377166748,5269.92578125
1072250,0.47066664695739746,2917.654296875
1316258,0.48161792755126953,3367.375244140625
1206159,0.4873816967010498,3640.944580078125
1501794,0.4884929656982422,2884.734130859375
1304637,0.4935450553894043,3234.52734375
1137762,0.47730112075805664,4278.35595703125
1374087,0.491469144821167,4159.7978515625
1163409,0.48346710205078125,3025.6611328125
960309,0.3601553440093994,2484.934814453125
