2286022,2.0220847129821777,11752.9482421875
2231008,1.9491019248962402,10806.38671875
2754274,2.229987382888794,11402.1259765625
1888081,1.9659667015075684,13196.83203125
2114805,1.9686033725738525,10110.0576171875
1866892,1.931983232498169,12199.94140625
2500112,1.9455797672271729,10552.72265625
2538909,1.9687740802764893,10471.2705078125
2486320,1.9429974555969238,10367.0625
2897874,2.012918472290039,10369.8935546875
2106397,1.8941917419433594,9919.2099609375
2606149,2.127779483795166,10801.2646484375
2341627,2.0620334148406982,12044.7177734375
2954870,2.0864133834838867,10194.099609375
2607287,2.0060837268829346,10175.06640625
2637701,2.0647854804992676,10089.578125
2989549,2.093142509460449,10788.9404296875
2312247,1.974045753479004,9676.2236328125
1985353,1.5346708297729492,7553.3212890625
