1197756,0.4548940658569336,4399.46923828125
1120073,0.47471022605895996,4067.3154296875
1584155,0.5169684886932373,3905.69580078125
1212984,0.4969825744628906,3627.837646484375
753660,0.46405744552612305,6510.5791015625
1152233,0.4762289524078369,3349.26904296875
1232968,0.48197317123413086,4199.89013671875
1212581,0.496044397354126,4220.16796875
1232936,0.4763014316558838,4015.051513671875
1507656,0.49596333503723145,3651.07275390625
1058293,0.48696088790893555,3633.054443359375
1121726,0.48133349418640137,5887.287109375
1379500,0.5009880065917969,3749.5234375
1537745,0.48032259941101074,3568.513916015625
1354525,0.4811861515045166,4043.902099609375
760526,0.4664885997772217,10332.4541015625
1015315,0.5143523216247559,9573.65234375
1100116,0.4901924133300781,4188.7548828125
1057391,0.30026698112487793,2809.061279296875
