1295065,0.4796583652496338,4045.768310546875
1390083,0.4619002342224121,3049.26806640625
1640314,0.49605774879455566,3659.341064453125
1361642,0.45879316329956055,3070.661376953125
1211356,0.4840421676635742,3332.25048828125
1214932,0.4487569332122803,3182.26806640625
1451167,0.48070597648620605,3247.667724609375
1375034,0.4959704875946045,3615.98828125
1434871,0.4862558841705322,3227.40673828125
1607974,0.491790771484375,3263.258056640625
1235326,0.5153343677520752,2927.753173828125
1372631,0.48521924018859863,4193.236328125
1528260,0.4880824089050293,3108.52880859375
1504250,0.4803309440612793,3786.24853515625
1333113,0.45920634269714355,4128.93115234375
1315857,0.5160312652587891,4388.9306640625
1572561,0.4811980724334717,4413.31884765625
1345291,0.5151569843292236,3041.85400390625
1204255,0.34248805046081543,2126.71484375
