1092573,0.4629170894622803,4453.05908203125
957688,0.499218225479126,4575.42236328125
1185190,0.47289252281188965,5687.6328125
980585,0.47681665420532227,4465.4580078125
837610,0.44214725494384766,4935.85400390625
873528,0.476346492767334,4609.61865234375
1111653,0.48125338554382324,4318.76708984375
1048167,0.48526477813720703,4690.1572265625
969103,0.4869217872619629,5214.49072265625
919796,0.49475622177124023,7199.27587890625
816512,0.47544050216674805,4780.05029296875
1099370,0.4604969024658203,5270.4638671875
1135508,0.47751522064208984,4600.64404296875
1185325,0.4818718433380127,4912.19970703125
1054507,0.45813941955566406,5358.38232421875
718791,0.4426586627960205,9708.6904296875
813409,0.45003533363342285,11375.1396484375
923952,0.47936224937438965,4804.51513671875
763106,0.3263554573059082,4276.7646484375
