1053310,0.4920990467071533,4229.58935546875
923164,0.4593627452850342,4360.56689453125
1127629,0.4565417766571045,5489.01708984375
953073,0.45586299896240234,4262.41650390625
843606,0.4820852279663086,4436.8408203125
854728,0.42261767387390137,4353.2216796875
1077082,0.4630606174468994,4145.8505859375
1019204,0.47953343391418457,4438.736328125
943505,0.4827430248260498,4912.91552734375
1039162,0.4512019157409668,5372.84814453125
793546,0.4490048885345459,4576.8427734375
1108272,0.5105931758880615,4741.671875
1102069,0.47904157638549805,4384.55517578125
1145344,0.472811222076416,4736.04443359375
1020989,0.47928857803344727,5113.64599609375
749716,0.5008273124694824,8332.3896484375
821518,0.4586620330810547,10197.0966796875
899953,0.4754326343536377,4579.560546875
770103,0.3381028175354004,3826.9248046875
