1446931,0.48297953605651855,3774.604248046875
1403089,0.4912397861480713,3387.656005859375
1855158,0.5338048934936523,3323.2607421875
1289557,0.49564313888549805,3837.368896484375
967766,0.46031951904296875,5398.21533203125
1444396,0.4881856441497803,2735.07666015625
1488943,0.4894678592681885,3574.868408203125
1526270,0.5174283981323242,3418.03857421875
1580948,0.516620397567749,3086.977783203125
1769193,0.4446685314178467,3125.400146484375
1452907,0.475888729095459,2578.012451171875
1193182,0.4868640899658203,6170.9013671875
1620852,0.4760756492614746,3218.85009765625
1645391,0.500739336013794,3692.78759765625
1438158,0.5103302001953125,4169.97216796875
779286,0.4612009525299072,11414.958984375
1145894,0.4910297393798828,8763.4873046875
1263702,0.5041792392730713,3860.964599609375
1055977,0.33436012268066406,3160.167236328125
