1288744,0.4805901050567627,3965.20263671875
1284762,0.5083968639373779,3450.0478515625
1408873,0.4975006580352783,4738.37353515625
1273339,0.4810013771057129,3391.785888671875
1194928,0.4798276424407959,3351.641845703125
1255861,0.49109339714050293,2946.301025390625
1439343,0.4798741340637207,3216.47998046875
1328366,0.46901893615722656,3777.968994140625
1464598,0.5117766857147217,3028.665771484375
1532606,0.4915189743041992,3486.07666015625
1254622,0.47001099586486816,2804.522216796875
1421901,0.5116615295410156,3822.638427734375
1369470,0.48196911811828613,3731.2841796875
1411690,0.4950425624847412,4171.0576171875
1290108,0.5126874446868896,4239.82763671875
1277813,0.47614407539367676,4505.15234375
1523923,0.5031263828277588,4500.75634765625
1298952,0.48593997955322266,3179.84814453125
1213181,0.3548130989074707,2041.2991943359375
