463304,0.2126920223236084,30562.533203125
419747,0.2034459114074707,29279.896484375
627688,0.212172269821167,28135.263671875
519496,0.22559666633605957,21953.97265625
406224,0.223923921585083,27366.642578125
460401,0.21755218505859375,23054.9609375
545503,0.18836307525634766,24321.02734375
419547,0.21038174629211426,35320.72265625
303886,0.20930743217468262,51570.390625
594465,0.2029740810394287,26297.689453125
395854,0.20428013801574707,26088.919921875
550044,0.23417425155639648,28286.51171875
455402,0.22673654556274414,34096.95703125
543274,0.22904610633850098,29118.7265625
320038,0.2093353271484375,55314.890625
521231,0.2333974838256836,31123.41796875
666666,0.22495007514953613,30605.140625
381256,0.21319580078125,32698.2265625
372866,0.1790790557861328,23714.05078125
