1476730,0.4884510040283203,3742.862548828125
1483578,0.4884374141693115,3237.8828125
1906842,0.5336136817932129,3274.441162109375
1336131,0.45247983932495117,3720.09521484375
1005659,0.49601244926452637,5178.1552734375
1424166,0.47953200340270996,2890.791259765625
1535035,0.49354982376098633,3483.68798828125
1545172,0.5150008201599121,3416.562255859375
1613166,0.5113890171051025,3178.161376953125
1790825,0.5162816047668457,3163.423095703125
1462385,0.48985838890075684,2612.864501953125
1262069,0.48101162910461426,5816.080078125
1734292,0.48827290534973145,3060.806640625
1644711,0.4859428405761719,3842.919677734375
1498730,0.5249688625335693,4028.465576171875
792891,0.4833712577819824,11580.34765625
1187953,0.48195481300354004,8716.6728515625
1277220,0.5100774765014648,3919.9970703125
1062184,0.3199303150177002,3278.375
