1033868,0.5031630992889404,5477.509765625
1251194,0.5071878433227539,3425.969970703125
1303630,0.4792623519897461,5162.021484375
1191381,0.4275228977203369,3629.127197265625
1161527,0.4766960144042969,3331.68505859375
1228047,0.5148825645446777,2925.601806640625
1468748,0.49216365814208984,2934.025390625
1204735,0.4882826805114746,4280.07666015625
1427300,0.47550129890441895,3021.437255859375
1329065,0.45560479164123535,4340.2412109375
1234478,0.4891936779022217,2751.732421875
1292094,0.492321252822876,4299.24462890625
1277061,0.4649810791015625,4017.21435546875
1279089,0.48105502128601074,4768.7099609375
1181807,0.46225929260253906,4714.7255859375
1278412,0.47875165939331055,4269.58203125
1607795,0.49112939834594727,3843.605224609375
1263794,0.4996302127838135,3173.765869140625
1187615,0.32875704765319824,2026.3502197265625
