1471385,0.5171177387237549,3625.14013671875
1444626,0.5037980079650879,3116.022705078125
1951144,0.4855363368988037,3009.50634765625
1284993,0.4833552837371826,3880.072265625
908700,0.45095229148864746,5837.88037109375
1320327,0.4862546920776367,3115.301025390625
1559155,0.49091577529907227,3265.136474609375
1575954,0.5176303386688232,3136.864013671875
1547647,0.48143434524536133,3163.464111328125
1702414,0.4808919429779053,3377.5712890625
1244139,0.49460577964782715,3251.280517578125
1173384,0.5173864364624023,6403.34814453125
1592844,0.4900341033935547,3373.537109375
1661414,0.5139906406402588,3649.621826171875
1396089,0.5127015113830566,4482.1435546875
803474,0.45061779022216797,11084.6513671875
1129494,0.4775509834289551,9303.7998046875
1282397,0.47777295112609863,3806.74462890625
1058279,0.3349177837371826,3259.28662109375
