1454510,0.4801304340362549,3566.6884765625
1289134,0.4673178195953369,3655.95458984375
1835800,0.4893190860748291,3321.9306640625
1295097,0.4760904312133789,3688.662841796875
904491,0.48496270179748535,5629.6875
1227336,0.45438504219055176,3391.597900390625
1540601,0.4957764148712158,3197.3818359375
1497452,0.4806087017059326,3298.897705078125
1454528,0.528367280960083,3406.109130859375
1573661,0.47958827018737793,3825.700927734375
1174529,0.4618959426879883,3438.825927734375
1176595,0.49053525924682617,6204.7529296875
1514011,0.5097253322601318,3588.56201171875
1685441,0.49932312965393066,3420.684814453125
1394619,0.51576828956604,4341.88916015625
810042,0.48694324493408203,10700.1943359375
1132335,0.46191906929016113,9139.703125
1264988,0.49675679206848145,3744.60546875
1083124,0.32570505142211914,3039.5126953125
