1002027,0.49487853050231934,5598.763671875
1208636,0.4594571590423584,3559.001220703125
1276954,0.46433234214782715,5167.97509765625
1174424,0.4878966808319092,3636.008544921875
1121869,0.48532629013061523,3474.979736328125
1219862,0.47405076026916504,2927.89794921875
1414481,0.5278573036193848,3070.838134765625
1164695,0.49274110794067383,4432.69677734375
1407601,0.47772789001464844,3015.84619140625
1306453,0.489992618560791,4354.31298828125
1224160,0.48643040657043457,2752.39501953125
1246662,0.4801642894744873,4441.83740234375
1229923,0.4776031970977783,4165.6650390625
1239418,0.4928736686706543,4917.53759765625
1139595,0.48216891288757324,4860.962890625
1232228,0.4826319217681885,4418.4150390625
1568882,0.5242867469787598,3857.029541015625
1251793,0.4761033058166504,3150.093994140625
1169247,0.3503410816192627,2033.154541015625
