person 0.9167646169662476 1070 242 1083 259
person 0.7304959893226624 1111 278 1126 301
person 0.7579070925712585 1141 311 1159 332
car 0.9938955903053284 423 315 537 371
car 0.9428983330726624 190 499 308 576
car 0.9825526475906372 175 430 282 498
car 0.9864708781242371 179 372 268 422
car 0.9208011627197266 1018 267 1065 292
car 0.9425050616264343 1056 287 1100 314
car 0.9650498628616333 76 394 138 433
car 0.9712240695953369 69 436 140 487
car 0.8485220074653625 866 213 920 240
car 0.9643677473068237 552 120 576 144
car 0.83644700050354 979 308 1029 336
