person 0.8375706076622009 272 257 299 286
person 0.9179390668869019 1071 237 1085 255
car 0.9577946662902832 190 498 309 575
car 0.9912688732147217 203 367 313 422
car 0.9810763597488403 176 430 283 499
car 0.993005096912384 618 90 642 107
car 0.8053571581840515 1018 267 1064 292
car 0.6181660890579224 1133 311 1161 334
car 0.9595584869384766 1028 303 1073 330
car 0.924778938293457 996 366 1064 416
car 0.9890424609184265 111 381 192 427
car 0.9681023955345154 548 87 565 104
car 0.743317186832428 1149 350 1180 378
traffic_light 0.4318940043449402 1104 279 1129 305
