person 0.5504627227783203 1106 279 1126 304
person 0.9222868084907532 1072 238 1086 258
car 0.9741800427436829 208 367 312 423
car 0.9809345602989197 113 379 187 428
car 0.9867650270462036 591 90 615 107
car 0.9917090535163879 622 133 650 156
car 0.6458547115325928 1016 268 1065 294
car 0.9886220097541809 640 158 674 183
car 0.982602596282959 659 133 690 154
car 0.4526097774505615 289 497 414 558
car 0.9050384759902954 666 122 690 141
motorbike 0.39591220021247864 1084 376 1120 410
truck 0.3750648498535156 284 501 422 574
traffic_light 0.8274867534637451 1142 313 1159 336
