person 0.6440309882164001 1105 278 1125 304
person 0.9316335320472717 365 237 380 261
person 0.9571329355239868 1071 238 1085 259
car 0.9912469983100891 331 270 412 320
car 0.9428234696388245 209 368 310 421
car 0.9805192351341248 114 380 186 427
car 0.9933835864067078 597 86 622 101
car 0.7795307040214539 838 292 919 358
car 0.6642073392868042 1019 268 1062 293
car 0.9863877296447754 640 159 675 183
car 0.992102324962616 622 133 649 154
car 0.8355157375335693 662 100 688 115
car 0.9515033960342407 490 203 528 227
car 0.8040948510169983 711 157 739 175
car 0.9630380868911743 682 159 718 181
car 0.940498948097229 612 87 630 100
traffic_light 0.8707682490348816 1143 312 1161 337
traffic_light 0.914143443107605 1107 269 1123 293
