person 0.48497024178504944 1143 312 1155 336
person 0.6572603583335876 864 189 882 209
car 0.9666188359260559 198 496 325 576
car 0.9903576970100403 204 284 264 317
car 0.949253499507904 180 429 290 497
car 0.9438774585723877 1019 267 1064 295
car 0.9701619148254395 949 246 1001 268
car 0.9724137783050537 569 74 587 86
car 0.5237759947776794 756 171 786 188
car 0.9435737133026123 657 132 684 151
car 0.9856215119361877 563 165 589 196
car 0.9659973382949829 69 434 141 487
car 0.5186259746551514 1064 245 1087 264
car 0.9570296406745911 499 177 538 215
