person 0.4473055899143219 1105 280 1129 304
car 0.9502360820770264 208 367 311 421
car 0.9836525917053223 114 380 187 428
car 0.9837402701377869 615 93 637 109
car 0.980517566204071 227 301 300 346
car 0.6891679763793945 1020 268 1065 291
car 0.9941002726554871 622 134 649 155
car 0.98052978515625 641 159 674 183
car 0.9581893682479858 927 383 1008 459
car 0.9688439965248108 678 158 718 184
car 0.8662855625152588 1028 302 1071 329
traffic_light 0.5124626755714417 1141 313 1159 333
traffic_light 0.5195473432540894 388 411 416 442
