person 0.9696856737136841 1071 237 1085 255
person 0.5764043927192688 1104 279 1128 305
person 0.8948807120323181 940 194 953 218
car 0.994438886642456 590 89 618 109
car 0.9446350932121277 189 499 309 576
car 0.9749146103858948 790 297 889 365
car 0.9899075031280518 202 367 313 421
car 0.8589828014373779 1121 314 1160 344
car 0.9718860387802124 176 430 283 499
car 0.6183485388755798 1018 267 1066 293
car 0.9862189888954163 112 380 191 428
car 0.869189441204071 1031 304 1069 329
traffic_light 0.6707955002784729 860 187 876 210
