person 0.5212880373001099 1106 279 1126 303
person 0.9345138072967529 1071 238 1084 256
car 0.9580216407775879 189 498 309 576
car 0.9899473786354065 203 367 312 421
car 0.9751678109169006 553 137 585 170
car 0.7297389507293701 1019 267 1063 292
car 0.975579023361206 175 430 283 500
car 0.9485305547714233 865 313 974 381
car 0.9763197898864746 660 135 688 156
car 0.8084096312522888 1127 356 1162 387
car 0.9819512367248535 110 381 191 427
car 0.8397498726844788 592 67 607 79
car 0.9279710054397583 1031 304 1069 329
car 0.7481745481491089 579 67 591 77
traffic_light 0.8961344361305237 1143 311 1160 334
