person 0.5230128765106201 1105 280 1127 304
person 0.9477316737174988 1071 238 1085 256
person 0.8577976226806641 273 257 298 286
car 0.950798511505127 190 498 307 577
car 0.9872790575027466 801 238 877 294
car 0.9882674813270569 203 367 312 422
car 0.9888247847557068 613 119 639 144
car 0.8965739011764526 1122 346 1160 386
car 0.9760228395462036 175 430 284 499
car 0.5996905565261841 1020 268 1063 293
car 0.9850282669067383 112 381 190 427
car 0.910740852355957 1030 304 1071 329
traffic_light 0.6776354908943176 857 188 877 212
traffic_light 0.8358911871910095 1141 311 1159 334
