person 0.9204450845718384 1070 239 1083 258
car 0.9489009380340576 175 499 305 574
car 0.9565175175666809 175 431 281 498
car 0.9533587098121643 1015 262 1065 295
car 0.9612038731575012 615 86 634 100
car 0.9727737903594971 515 139 541 168
car 0.9710208177566528 68 435 141 489
car 0.9420926570892334 62 333 103 368
car 0.9887338876724243 562 166 589 197
car 0.8326262831687927 820 206 880 232
car 0.5611228346824646 491 207 519 236
traffic_light 0.7069135904312134 1143 312 1159 337
traffic_light 0.8057519793510437 1106 274 1119 294
traffic_light 0.9325253367424011 1166 266 1182 284
