car 0.9378491044044495 209 368 310 420
car 0.9936541318893433 586 118 614 142
car 0.9665275812149048 113 381 186 427
car 0.9134184718132019 663 96 690 119
car 0.9761958122253418 601 164 634 196
car 0.9882171750068665 643 158 674 182
car 0.9902335405349731 622 131 652 157
car 0.8624288439750671 1017 267 1066 293
car 0.9581602811813354 595 380 656 465
car 0.7150630354881287 514 187 535 215
car 0.9762454628944397 963 442 1033 510
car 0.9368816614151001 1027 302 1078 330
motorbike 0.4848410189151764 1152 426 1179 467
traffic_light 0.4268941283226013 1105 280 1128 304
traffic_light 0.5170297622680664 1143 314 1161 336
