person 0.9187263250350952 274 257 298 287
person 0.7046089768409729 422 211 440 243
person 0.9161552786827087 299 229 319 259
car 0.9554510712623596 207 370 312 424
car 0.978523850440979 730 332 833 397
car 0.960420548915863 110 382 176 430
car 0.9908508658409119 865 324 932 383
car 0.9937700629234314 585 115 615 145
car 0.9862174987792969 352 315 439 360
car 0.9679355025291443 510 180 539 210
car 0.9931495785713196 593 150 632 182
car 0.9818732738494873 653 432 757 512
car 0.8301130533218384 987 399 1070 483
car 0.9942514896392822 629 416 714 473
car 0.993503749370575 593 137 622 164
car 0.39462441205978394 1105 281 1135 306
car 0.9800980091094971 639 157 671 182
car 0.9750856161117554 550 131 577 155
car 0.9847437739372253 904 477 982 549
traffic_light 0.7341681718826294 1148 267 1174 285
traffic_light 0.601559042930603 1144 314 1161 337
traffic_light 0.9468047618865967 1071 239 1083 259
