person 0.9329460859298706 273 256 299 288
person 0.8770006895065308 423 211 442 247
person 0.9456080198287964 300 230 319 259
person 0.5087012648582458 1031 308 1057 337
person 0.7210032343864441 1057 354 1075 386
car 0.9475248456001282 205 368 313 424
car 0.9903655052185059 584 116 612 145
car 0.9618409276008606 550 107 571 127
car 0.9932818412780762 696 424 812 508
car 0.9935961961746216 594 151 630 182
car 0.9639952778816223 64 393 124 432
car 0.9364940524101257 621 134 649 166
car 0.9148491024971008 519 119 536 141
car 0.9671010971069336 510 176 539 204
car 0.9782317280769348 639 157 670 181
car 0.9913783073425293 592 135 622 161
traffic_light 0.9139077067375183 1144 314 1160 337
traffic_light 0.8691636919975281 1070 240 1082 258
traffic_light 0.4085088074207306 1106 281 1126 305
