person 0.44910764694213867 1140 312 1159 335
person 0.3623356819152832 1105 279 1128 306
person 0.7825703620910645 273 256 299 287
car 0.9908753633499146 875 337 979 404
car 0.9636792540550232 191 498 307 575
car 0.9915755391120911 201 367 313 423
car 0.9935851693153381 1073 320 1132 354
car 0.98589026927948 176 430 283 500
car 0.9680638313293457 1104 360 1153 405
car 0.9159654974937439 1018 266 1066 292
car 0.9589716196060181 1028 301 1071 329
car 0.9857702255249023 111 380 189 428
car 0.9408429265022278 67 434 141 490
