person 0.7672889828681946 1135 313 1161 339
person 0.49663981795310974 1104 280 1129 304
person 0.9295145869255066 1069 240 1084 259
car 0.9892886877059937 201 367 315 422
car 0.966178834438324 188 498 309 575
car 0.9535870552062988 998 233 1039 252
car 0.8934866189956665 1015 266 1065 292
car 0.9362363219261169 927 336 1023 395
car 0.9808371663093567 176 429 285 500
car 0.9603264331817627 1029 303 1072 329
car 0.9143247604370117 548 87 564 102
car 0.9845090508460999 111 380 190 427
motorbike 0.7447300553321838 1132 327 1161 350
