person 0.7621186971664429 1110 269 1125 293
person 0.8190155625343323 1141 313 1155 336
car 0.9595646262168884 1018 266 1068 295
car 0.9503166079521179 176 431 281 500
car 0.940954327583313 177 499 305 575
car 0.9607443809509277 951 245 1002 267
car 0.9887401461601257 509 166 541 195
car 0.9755805134773254 637 107 661 125
car 0.9917722344398499 563 166 589 196
car 0.9715852737426758 360 246 437 293
car 0.9604003429412842 66 434 140 490
car 0.9063403606414795 793 193 856 219
car 0.9348002076148987 727 160 755 183
traffic_light 0.6912932991981506 1070 241 1084 258
