person 0.471163809299469 1105 281 1131 305
person 0.6288127899169922 273 257 299 287
car 0.9527518153190613 209 367 310 422
car 0.9839693307876587 114 379 186 427
car 0.7678666710853577 1018 268 1065 292
car 0.9914174675941467 621 134 649 156
car 0.9772279858589172 640 159 673 183
car 0.9021338224411011 1029 302 1074 330
car 0.6410338878631592 858 310 944 382
car 0.38008609414100647 776 170 809 196
car 0.9439055919647217 936 229 976 248
traffic_light 0.6632387638092041 1144 314 1162 337
traffic_light 0.8238467574119568 492 141 508 162
