person 0.4386127293109894 1105 281 1130 305
person 0.9448555707931519 1071 236 1085 256
person 0.6706138253211975 389 473 416 508
person 0.6224372982978821 1158 286 1174 310
car 0.9482654929161072 208 369 311 422
car 0.9811550974845886 113 381 187 427
car 0.8979188203811646 72 337 116 372
car 0.9548689723014832 328 257 395 306
car 0.9232885241508484 1096 342 1138 383
car 0.9782278537750244 639 113 667 132
car 0.5798411965370178 1019 267 1062 292
car 0.9502748250961304 1028 302 1075 331
car 0.9941436648368835 620 136 650 158
car 0.9771350026130676 640 158 674 182
car 0.9214200377464294 997 233 1033 251
car 0.7914188504219055 932 331 1009 401
traffic_light 0.35782521963119507 1143 314 1162 335
