person 0.8350096344947815 421 211 440 245
person 0.9275338649749756 274 256 298 288
person 0.9602088332176208 300 230 318 259
person 0.5195092558860779 1107 281 1132 305
car 0.990044891834259 601 279 705 334
car 0.9748797416687012 465 347 594 411
car 0.9685002565383911 210 370 311 425
car 0.9838005900382996 804 377 906 468
car 0.9132429957389832 933 402 1011 483
car 0.9924902319908142 584 115 614 144
car 0.9832757711410522 554 139 583 168
car 0.9882466197013855 509 182 540 210
car 0.9414581060409546 113 381 186 426
car 0.9757014513015747 193 327 268 369
car 0.9634982347488403 798 249 865 290
car 0.9924902319908142 594 152 629 182
car 0.749126672744751 896 290 968 354
car 0.9449032545089722 621 133 650 163
car 0.9507049918174744 516 140 538 162
car 0.9763136506080627 640 158 671 182
car 0.9892942905426025 593 139 621 165
traffic_light 0.8232409358024597 1144 313 1160 337
traffic_light 0.7102448344230652 1069 238 1082 259
traffic_light 0.8540925979614258 1135 268 1152 288
