car 0.9909144639968872 636 256 718 308
car 0.9918557405471802 413 340 527 389
car 0.891411542892456 192 497 306 575
car 0.9251418113708496 177 432 281 499
car 0.9812947511672974 563 162 589 194
car 0.8499808311462402 1018 265 1069 294
car 0.9846306443214417 69 433 140 488
car 0.805440366268158 820 206 880 232
car 0.9481749534606934 65 393 115 428
traffic_light 0.6695928573608398 1068 239 1083 258
traffic_light 0.6788411736488342 1143 313 1159 337
traffic_light 0.8285388350486755 1111 278 1122 296
