person 0.9170077443122864 1071 239 1085 258
person 0.5228276252746582 1105 279 1128 305
person 0.9239614605903625 1157 477 1176 507
car 0.9763720631599426 209 367 312 423
car 0.9822400212287903 112 379 187 427
car 0.8758878111839294 731 172 766 194
car 0.7323183417320251 1115 360 1155 395
car 0.9895836114883423 640 158 674 183
car 0.9911460280418396 621 134 650 156
car 0.9906814694404602 591 86 614 101
car 0.7678869962692261 1019 268 1065 292
car 0.9892906546592712 659 133 690 153
car 0.48090142011642456 256 494 393 566
car 0.9583355188369751 931 227 978 249
truck 0.569496214389801 257 500 394 578
traffic_light 0.9052020907402039 1141 312 1158 335
