person 0.6518443822860718 863 189 882 210
car 0.996843695640564 509 412 652 467
car 0.994083821773529 664 455 800 524
car 0.988323450088501 951 246 1000 268
car 0.9849196672439575 1040 290 1091 320
car 0.8290075659751892 227 505 368 576
car 0.9702003002166748 1011 253 1063 286
car 0.9799153804779053 588 96 612 114
car 0.9900824427604675 563 178 591 204
car 0.9462597966194153 167 436 263 493
car 0.9765653014183044 575 106 601 129
car 0.4485970139503479 1081 267 1107 290
car 0.9574605822563171 615 67 636 82
traffic_light 0.7616784572601318 1073 237 1086 256
