person 0.3468741774559021 1142 319 1153 339
car 0.9770398139953613 202 430 316 498
car 0.949698269367218 1020 261 1069 292
car 0.9769442677497864 952 245 1001 267
car 0.9426717758178711 661 138 691 162
car 0.9073784947395325 228 502 370 578
car 0.9625238180160522 139 302 183 329
car 0.9764235615730286 563 165 589 198
car 0.9699501395225525 82 434 151 487
car 0.8183481097221375 730 145 763 167
car 0.9521881341934204 573 78 589 91
car 0.9611223936080933 570 84 585 97
car 0.8394152522087097 1160 265 1183 280
