car 0.9823527932167053 684 367 759 467
car 0.9415934681892395 210 368 309 422
car 0.8311610221862793 899 282 966 346
car 0.9702629446983337 113 379 187 428
car 0.9168833494186401 922 385 1008 472
car 0.9889028668403625 639 158 675 183
car 0.9602501392364502 640 89 667 107
car 0.9926052093505859 622 133 650 155
car 0.9559912085533142 612 64 636 79
car 0.5373052358627319 1103 279 1133 306
car 0.9612024426460266 1026 300 1079 331
car 0.8292653560638428 1019 267 1065 293
car 0.9764410257339478 671 113 701 135
car 0.9765664339065552 504 202 537 226
car 0.412036657333374 791 188 823 213
car 0.37191450595855713 1151 427 1181 467
traffic_light 0.32617825269699097 1143 315 1161 338
