person 0.47924068570137024 1104 281 1127 305
person 0.9213801622390747 1070 239 1084 258
person 0.9634488224983215 915 193 926 219
person 0.730078399181366 272 257 297 288
car 0.9313431978225708 208 368 311 422
car 0.994767427444458 608 176 649 208
car 0.9729573726654053 112 380 188 427
car 0.969285786151886 583 112 611 146
car 0.9853745698928833 623 130 651 159
car 0.9867303371429443 646 157 673 181
car 0.9305412769317627 644 88 664 104
car 0.9898183941841125 589 128 617 156
car 0.6875597238540649 1017 267 1064 293
car 0.9676016569137573 562 228 607 269
car 0.9908362627029419 681 161 717 183
car 0.9517964124679565 960 451 1048 538
car 0.8324359059333801 514 185 536 215
car 0.9397786259651184 754 155 791 177
traffic_light 0.7287148833274841 1143 314 1161 337
traffic_light 0.9638611674308777 425 211 442 247
traffic_light 0.7572246789932251 900 188 911 215
