person 0.5107264518737793 1106 281 1130 306
person 0.7267419099807739 273 257 300 287
person 0.972416341304779 1072 237 1085 256
car 0.9700707197189331 208 368 310 422
car 0.9850426912307739 113 379 188 426
car 0.9744635224342346 922 220 978 247
car 0.8103381991386414 1017 268 1064 291
car 0.7874236106872559 133 497 226 556
car 0.9906845092773438 622 133 650 155
car 0.9780470728874207 659 133 692 153
car 0.9813700318336487 640 158 673 183
car 0.9111056327819824 731 173 766 193
car 0.8346831202507019 1030 303 1071 329
traffic_light 0.6701165437698364 1142 315 1159 336
traffic_light 0.367274671792984 781 185 816 208
