person 0.8594918847084045 898 205 909 228
person 0.47274795174598694 1105 281 1128 305
person 0.7499954700469971 426 211 446 247
person 0.7883018851280212 273 257 299 289
car 0.9417059421539307 206 367 312 422
car 0.9769774675369263 584 114 615 145
car 0.968643069267273 113 379 189 427
car 0.9927436113357544 606 158 639 187
car 0.9713432788848877 560 188 593 221
car 0.6281712651252747 677 121 706 140
car 0.9670494794845581 621 133 650 160
car 0.7481464147567749 1021 267 1064 291
car 0.9840458631515503 643 157 671 181
car 0.9461095929145813 650 89 672 109
car 0.6756707429885864 830 228 873 265
car 0.815220832824707 751 191 798 224
traffic_light 0.7141425609588623 1143 314 1161 336
traffic_light 0.7503020763397217 1073 238 1086 257
