person 0.5643793940544128 1105 279 1128 305
person 0.9534845352172852 1071 238 1085 257
person 0.32855767011642456 851 238 880 270
car 0.962710976600647 209 368 311 421
car 0.9736919403076172 599 99 623 116
car 0.9753444790840149 115 379 187 428
car 0.9937993884086609 621 134 650 157
car 0.949192225933075 52 400 106 437
car 0.64412921667099 1020 268 1063 293
car 0.9885513782501221 641 158 675 183
car 0.9091370701789856 1031 304 1072 329
car 0.9862869381904602 660 133 692 153
car 0.9317585229873657 53 441 114 492
car 0.7110171914100647 876 338 957 409
traffic_light 0.33529409766197205 1144 325 1163 356
