person 0.8445342183113098 423 213 442 247
person 0.8905137181282043 273 256 298 288
person 0.94190913438797 300 230 318 259
person 0.45428624749183655 1106 280 1128 305
person 0.7065229415893555 1055 336 1074 362
car 0.9541767835617065 207 369 313 425
car 0.9897421598434448 583 114 612 145
car 0.8320246338844299 38 395 88 436
car 0.950644850730896 549 98 570 119
car 0.9844611287117004 511 165 538 193
car 0.995324969291687 594 151 629 181
car 0.9271788597106934 621 133 650 164
car 0.980402946472168 639 156 671 181
traffic_light 0.9567952752113342 1144 314 1160 339
traffic_light 0.8568452000617981 1070 239 1082 258
traffic_light 0.9356732368469238 901 221 913 243
