person 0.5675427317619324 1106 282 1128 305
person 0.9753766655921936 1071 236 1084 255
person 0.6437854170799255 273 257 300 287
car 0.9610771536827087 209 367 311 422
car 0.9865955114364624 114 379 186 427
car 0.8274528980255127 1017 267 1066 292
car 0.7109355926513672 849 248 902 285
car 0.9751328825950623 923 220 976 246
car 0.9853662252426147 640 158 675 183
car 0.9907049536705017 622 134 649 156
car 0.9081212282180786 1030 303 1072 329
car 0.975202739238739 658 133 692 152
car 0.9515493512153625 644 91 667 108
car 0.9425977468490601 93 310 145 337
traffic_light 0.660703182220459 1141 314 1160 335
