person 0.570660412311554 768 184 779 205
person 0.4573344588279724 1065 270 1085 290
car 0.9905124306678772 610 390 746 447
car 0.990885317325592 591 138 621 164
car 0.9885776042938232 950 246 998 267
car 0.993514895439148 728 457 875 520
car 0.9910752773284912 563 177 592 205
car 0.9821087121963501 1016 249 1059 269
car 0.7065340280532837 268 489 400 563
car 0.967560350894928 611 115 636 140
car 0.9746106266975403 881 263 949 311
car 0.9667750000953674 672 159 713 182
car 0.9047695398330688 502 180 537 217
car 0.9813432097434998 995 328 1061 378
traffic_light 0.7552241086959839 860 187 875 213
traffic_light 0.5589571595191956 1143 312 1157 335
