person 0.4119720458984375 1142 313 1160 336
person 0.48517894744873047 1104 279 1128 304
person 0.9663625955581665 1071 236 1085 255
person 0.822923481464386 273 257 299 286
car 0.9922354817390442 769 287 868 357
car 0.9644566774368286 189 498 309 576
car 0.9878323078155518 203 368 312 421
car 0.984567403793335 176 431 284 498
car 0.9809088706970215 1014 323 1074 356
car 0.9615405797958374 1046 377 1097 412
car 0.9537045955657959 637 157 677 190
car 0.5542871952056885 1021 267 1063 294
car 0.9780387282371521 111 380 190 427
car 0.9761301875114441 596 72 614 83
car 0.9704750776290894 68 434 140 489
