person 0.3788124620914459 1106 281 1129 303
car 0.9793469309806824 203 368 315 424
car 0.9828754663467407 557 178 589 206
car 0.9763929843902588 168 330 243 380
car 0.9752545356750488 112 377 196 428
car 0.9929636120796204 511 186 540 210
car 0.8626101613044739 584 112 615 145
car 0.9693806171417236 251 279 332 315
car 0.9843248128890991 57 314 103 348
car 0.9926773309707642 510 365 639 431
car 0.9839974641799927 641 156 672 180
car 0.9868134260177612 596 154 628 180
car 0.5901870131492615 1034 268 1066 292
car 0.8238649964332581 671 115 699 136
traffic_light 0.9569385051727295 1074 237 1086 254
traffic_light 0.6143177151679993 1143 315 1161 337
traffic_light 0.9582322835922241 423 210 441 241
traffic_light 0.9401525259017944 868 192 882 215
