person 0.6853139996528625 861 187 877 209
car 0.9913423657417297 203 367 313 423
car 0.7861254811286926 1073 330 1120 360
car 0.9629412889480591 188 498 310 576
car 0.7730754017829895 1017 267 1063 291
car 0.9837191700935364 176 429 284 499
car 0.9725319147109985 791 282 896 353
car 0.7973933219909668 1054 238 1085 257
car 0.8379322290420532 1030 304 1067 329
car 0.9864904880523682 110 380 190 427
traffic_light 0.570616602897644 1141 313 1158 333
traffic_light 0.4956630766391754 1104 279 1127 304
