person 0.5862703919410706 1106 280 1127 304
person 0.9654068350791931 1070 238 1084 258
person 0.8189420104026794 936 188 950 209
car 0.9720263481140137 208 367 311 423
car 0.9972127079963684 219 286 293 321
car 0.9138557314872742 112 439 194 493
car 0.9765398502349854 57 398 114 436
car 0.9786418676376343 112 381 189 427
car 0.6199658513069153 1021 268 1064 292
car 0.9894654750823975 639 158 672 183
car 0.9924968481063843 620 135 650 158
car 0.4940660297870636 752 191 785 216
car 0.7110937237739563 1031 305 1068 328
car 0.9670964479446411 599 99 624 118
car 0.9856626391410828 660 134 691 154
car 0.8853582143783569 611 98 631 116
traffic_light 0.582286536693573 1142 312 1159 336
