person 0.4478771984577179 1105 282 1131 306
person 0.7519046068191528 273 257 300 287
person 0.9625873565673828 1072 238 1085 257
car 0.9806302189826965 208 367 312 422
car 0.665202260017395 199 502 318 576
car 0.9880260825157166 113 379 188 426
car 0.9698889255523682 921 221 977 246
car 0.7880199551582336 1018 268 1064 291
car 0.9909067153930664 622 133 649 156
car 0.8250473737716675 864 311 944 380
car 0.9770452976226807 640 158 673 183
car 0.7546969056129456 1030 303 1072 329
traffic_light 0.5189061164855957 1141 314 1160 336
traffic_light 0.7665848135948181 734 147 763 167
