person 0.5898298025131226 1143 311 1159 338
car 0.9275853633880615 175 432 282 498
car 0.9335969686508179 1017 265 1068 296
car 0.8365220427513123 190 496 308 578
car 0.9522783756256104 410 327 511 383
car 0.9478666186332703 515 118 542 147
car 0.9740242958068848 562 165 589 198
car 0.8101078867912292 823 207 879 232
car 0.9422386288642883 68 434 140 490
car 0.9778292179107666 786 475 871 574
car 0.9774206280708313 595 73 613 85
car 0.9682140946388245 510 177 539 203
car 0.989092230796814 207 294 277 335
traffic_light 0.6795773506164551 719 211 742 242
traffic_light 0.8826611042022705 1106 273 1120 294
