person 0.5711657404899597 1143 312 1159 337
person 0.95052570104599 1068 239 1082 259
car 0.9358380436897278 175 432 281 497
car 0.8410617709159851 256 364 354 416
car 0.856968879699707 190 497 308 577
car 0.9338599443435669 1016 266 1068 296
car 0.9886249303817749 309 265 384 311
car 0.9828451871871948 563 164 589 197
car 0.8484320640563965 822 207 880 232
car 0.9599799513816833 69 434 140 489
car 0.3846829831600189 731 187 760 214
car 0.9654678106307983 512 160 539 186
car 0.9675448536872864 588 71 605 83
car 0.9268590211868286 669 111 695 129
car 0.9506763219833374 666 242 738 293
car 0.927589476108551 512 109 541 140
traffic_light 0.7814037799835205 1106 272 1121 294
traffic_light 0.9588991403579712 1138 257 1150 273
