person 0.927848219871521 1072 235 1085 254
person 0.38617637753486633 862 189 881 210
car 0.9919941425323486 730 277 831 317
car 0.9916817545890808 647 247 738 286
car 0.9804977178573608 206 327 292 376
car 0.9853037595748901 941 246 993 269
car 0.9427868127822876 1104 361 1150 398
car 0.9257286787033081 961 385 1047 448
car 0.9168881773948669 566 182 589 210
car 0.725429892539978 1124 313 1155 344
car 0.9538763761520386 675 161 714 183
car 0.9752018451690674 603 159 636 183
car 0.9369152784347534 1017 291 1087 334
car 0.9777982234954834 629 143 661 167
car 0.9779694080352783 615 140 644 165
car 0.9174318909645081 495 184 531 219
car 0.9798893332481384 563 167 587 195
