person 0.8576921224594116 423 212 442 245
person 0.9586225748062134 297 228 316 258
person 0.7892635464668274 757 190 781 214
person 0.9303983449935913 960 264 979 288
car 0.9970645308494568 440 250 532 290
car 0.9737946391105652 857 310 933 377
car 0.9474117159843445 208 368 312 423
car 0.9751988649368286 556 163 587 193
car 0.9844670295715332 349 318 433 371
car 0.867551326751709 830 412 949 523
car 0.9458902478218079 114 380 188 428
car 0.9940986633300781 513 188 539 210
car 0.9702270030975342 85 352 150 388
car 0.9810421466827393 760 503 895 637
car 0.9557162523269653 585 113 615 144
car 0.9224235415458679 241 281 312 329
car 0.9916119575500488 640 159 671 183
car 0.9911880493164062 603 156 638 184
car 0.9870055913925171 592 137 622 163
car 0.8350772261619568 1029 299 1072 328
car 0.9304860234260559 622 134 649 163
traffic_light 0.6530564427375793 1143 314 1160 338
