person 0.9510206580162048 934 193 947 218
person 0.6717446446418762 1107 280 1126 305
person 0.6840173602104187 859 187 875 210
person 0.3060958981513977 1142 312 1164 336
person 0.8079128861427307 272 257 298 287
car 0.9915904402732849 202 367 314 423
car 0.962374210357666 186 498 312 575
car 0.9582608938217163 931 359 1019 415
car 0.9958333969116211 605 107 632 129
car 0.9774841666221619 573 98 595 117
car 0.9738657474517822 177 431 283 499
car 0.9869645237922668 111 380 190 428
car 0.6271543502807617 1019 266 1066 293
car 0.4306459128856659 707 184 748 213
car 0.8865460753440857 67 436 141 490
