person 0.6782448291778564 1143 312 1156 336
person 0.4448123872280121 1064 244 1087 263
person 0.9680271744728088 297 228 315 260
car 0.9732635021209717 197 498 325 576
car 0.9917263984680176 204 284 264 316
car 0.9620364904403687 1019 266 1065 296
car 0.9578953981399536 179 429 291 497
car 0.9608615040779114 949 245 1002 268
car 0.9893540143966675 564 177 592 206
car 0.5239409804344177 755 171 787 188
car 0.9591773152351379 569 74 586 86
car 0.9421016573905945 69 434 142 488
car 0.9256967306137085 657 132 684 151
car 0.9649427533149719 500 177 538 214
