person 0.5403677821159363 1140 312 1158 336
person 0.5283422470092773 1105 279 1126 304
person 0.8821948170661926 275 256 298 288
person 0.9655400514602661 1070 238 1084 258
car 0.9967484474182129 814 250 902 303
car 0.9901261329650879 203 368 313 422
car 0.9238067865371704 189 499 309 576
car 0.9714058041572571 175 432 283 499
car 0.9716250896453857 571 96 591 113
car 0.9807192087173462 112 381 188 427
car 0.9960029721260071 590 145 622 171
car 0.9036392569541931 610 107 633 129
car 0.9823809862136841 673 155 719 182
car 0.9895675778388977 624 140 664 167
car 0.9590028524398804 658 182 693 208
car 0.9111029505729675 60 397 111 435
car 0.4724682569503784 1022 267 1063 293
