person 0.9580000042915344 914 191 928 217
person 0.5318647027015686 1106 279 1129 306
person 0.9389061331748962 1071 239 1085 257
car 0.9314220547676086 209 367 310 421
car 0.8637312650680542 617 197 669 252
car 0.9935925602912903 592 141 620 170
car 0.9730312824249268 113 380 186 428
car 0.8678953647613525 570 262 625 334
car 0.868422269821167 859 309 944 381
car 0.9953943490982056 640 155 675 182
car 0.9768396019935608 584 109 612 132
car 0.9910733103752136 677 155 716 183
car 0.7596813440322876 640 89 660 107
car 0.7267046570777893 1018 267 1064 294
car 0.9797898530960083 623 132 650 159
car 0.5754058957099915 514 185 535 214
traffic_light 0.5151899456977844 1143 314 1160 337
