person 0.8045780658721924 1087 382 1112 415
person 0.6940745115280151 1106 279 1127 304
person 0.969458818435669 1070 238 1085 259
person 0.3667519986629486 1140 335 1167 368
person 0.7479320168495178 970 191 985 216
person 0.8092564940452576 1098 376 1123 418
person 0.7665437459945679 1141 314 1162 339
car 0.927751362323761 209 368 312 423
car 0.9762254953384399 595 94 622 115
car 0.9428631067276001 112 379 187 427
car 0.9649338722229004 548 570 694 687
car 0.6641566753387451 1022 266 1065 292
car 0.9799665808677673 506 167 540 199
car 0.9642912745475769 9 404 58 440
car 0.9914875030517578 621 133 651 155
car 0.9805487394332886 640 158 674 184
car 0.7254639267921448 903 220 947 242
car 0.9761580228805542 658 133 691 154
car 0.4894046485424042 1028 451 1115 536
car 0.5302296280860901 1031 303 1069 329
