person 0.556669294834137 1104 278 1126 306
person 0.971060037612915 1070 237 1084 257
person 0.8364134430885315 275 256 298 288
car 0.9915946125984192 205 367 311 421
car 0.9145095944404602 190 499 307 575
car 0.9815798401832581 176 431 282 499
car 0.9883326888084412 609 109 637 132
car 0.9843971133232117 111 382 188 428
car 0.993544340133667 634 154 669 183
car 0.983562171459198 58 396 112 434
car 0.5751010179519653 1020 267 1065 292
car 0.966831386089325 25 426 94 481
traffic_light 0.7673689723014832 1141 312 1158 336
