person 0.9769440293312073 1071 234 1085 254
person 0.596071720123291 862 189 882 211
car 0.9907338619232178 729 274 830 318
car 0.9954513907432556 648 245 738 287
car 0.9810394048690796 206 326 291 376
car 0.9300066828727722 962 385 1046 448
car 0.9734126329421997 1103 359 1152 399
car 0.9587874412536621 943 245 992 268
car 0.9330143332481384 567 181 589 209
car 0.8431137800216675 1123 313 1157 344
car 0.980050265789032 672 159 715 184
car 0.9858923554420471 603 157 637 183
car 0.9584474563598633 1019 291 1083 334
car 0.9869745969772339 562 167 588 195
car 0.989525556564331 628 141 661 167
