person 0.9793543815612793 1071 236 1086 256
person 0.646263837814331 1106 278 1126 305
car 0.9912749528884888 203 367 312 422
car 0.9851227402687073 928 350 1020 409
car 0.9680541157722473 190 498 308 575
car 0.9792439341545105 916 293 993 344
car 0.9856632351875305 176 431 283 499
car 0.9862939715385437 630 139 662 167
car 0.9737387895584106 700 234 770 298
car 0.9810530543327332 111 380 190 427
car 0.6415464878082275 1021 266 1065 293
car 0.9877206683158875 705 444 790 588
car 0.9314662218093872 68 435 141 489
car 0.9650583863258362 591 63 606 74
traffic_light 0.5493735671043396 1142 312 1159 337
