person 0.5686653852462769 1144 313 1162 335
person 0.5417473912239075 1105 280 1130 305
person 0.6617496013641357 365 527 393 553
person 0.5813755393028259 389 473 416 508
person 0.8324382901191711 298 229 316 257
person 0.9541646242141724 1071 236 1086 256
car 0.9338262677192688 209 368 311 422
car 0.9783420562744141 113 380 187 427
car 0.7781733274459839 72 336 117 371
car 0.907286524772644 932 331 1010 400
car 0.957923948764801 327 257 395 306
car 0.8829599618911743 1096 342 1138 382
car 0.6029015183448792 1019 267 1063 292
car 0.9704375863075256 639 112 667 132
car 0.9184393286705017 1029 300 1075 330
car 0.9927003979682922 620 136 651 159
