person 0.395203560590744 1022 266 1062 292
person 0.6564969420433044 1105 278 1126 305
person 0.9807253479957581 1069 237 1084 258
person 0.8793863654136658 275 256 299 288
car 0.9160865545272827 171 500 284 571
car 0.9824909567832947 202 368 312 420
car 0.9657819271087646 169 434 266 499
car 0.9793846607208252 113 381 187 428
car 0.9805688858032227 606 109 632 132
car 0.9729903340339661 56 396 114 435
car 0.9868209958076477 657 134 693 158
car 0.9927173852920532 640 157 673 183
car 0.9911415576934814 622 137 649 161
car 0.7282466292381287 659 109 681 130
car 0.9574838876724243 4 349 35 380
traffic_light 0.45092692971229553 1141 311 1160 336
