person 0.38548389077186584 1105 280 1131 305
car 0.9874863624572754 504 356 645 439
car 0.9905591011047363 558 178 590 206
car 0.9594832062721252 169 330 245 380
car 0.8692488670349121 952 426 1034 518
car 0.9947038292884827 510 186 540 210
car 0.9451519250869751 251 277 333 315
car 0.9522392749786377 201 369 315 423
car 0.9745813012123108 584 114 616 145
car 0.9864805936813354 58 314 103 348
car 0.9956874251365662 640 157 672 182
car 0.9944709539413452 597 154 627 181
car 0.8646873831748962 671 112 700 135
car 0.6212097406387329 824 259 887 320
car 0.8582872748374939 112 378 195 428
car 0.9922627210617065 591 136 623 163
traffic_light 0.9943665862083435 886 172 903 192
traffic_light 0.45798274874687195 1143 315 1161 337
traffic_light 0.9239109754562378 1074 236 1086 254
traffic_light 0.6295891404151917 424 210 441 241
