person 0.9313395619392395 1071 238 1085 258
person 0.5230826735496521 1105 279 1128 306
car 0.9723833203315735 210 367 312 423
car 0.9829634428024292 112 380 187 428
car 0.8603084683418274 732 172 766 194
car 0.5908992886543274 1115 359 1155 395
car 0.9899508357048035 640 158 674 183
car 0.9900283217430115 658 133 691 153
car 0.9926877021789551 621 134 650 156
car 0.9906526803970337 591 85 615 101
car 0.746081531047821 1020 267 1065 292
car 0.9659374952316284 931 227 978 249
truck 0.5449764132499695 257 499 395 577
traffic_light 0.8926141262054443 1142 312 1159 335
