person 0.928641676902771 1072 237 1087 261
person 0.8368725776672363 452 211 464 236
person 0.5669108033180237 870 192 888 212
person 0.9256043434143066 297 229 315 259
person 0.9121611714363098 813 194 827 218
person 0.8728364706039429 1083 240 1101 264
car 0.9930851459503174 521 466 685 538
car 0.9846897125244141 992 230 1036 253
car 0.9702838063240051 600 155 637 185
car 0.9929590225219727 563 180 591 205
car 0.9509194493293762 1022 288 1119 327
car 0.9903956055641174 564 167 588 193
car 0.9592766761779785 636 152 669 179
car 0.9763336777687073 674 157 713 181
motorbike 0.7684797644615173 18 370 52 406
