person 0.9760884046554565 1071 237 1085 256
person 0.5984474420547485 1105 278 1127 306
car 0.9933810234069824 203 367 313 420
car 0.9295134544372559 1069 325 1125 362
car 0.9025334715843201 188 498 310 576
car 0.9181833863258362 700 235 773 293
car 0.9606776833534241 176 431 283 498
car 0.9824149012565613 112 380 189 428
car 0.7792346477508545 1018 266 1066 293
car 0.9303141236305237 644 130 673 152
car 0.9311552047729492 1029 301 1075 331
traffic_light 0.5749880075454712 1144 312 1160 335
traffic_light 0.7652696371078491 860 187 876 208
