person 0.9864231944084167 1071 237 1085 256
person 0.6059852838516235 1103 279 1129 307
person 0.9472679495811462 940 194 952 218
car 0.9764654636383057 787 293 891 368
car 0.9959663152694702 590 89 619 110
car 0.9929632544517517 203 367 313 420
car 0.8704420924186707 188 498 310 576
car 0.836248517036438 1120 315 1160 345
car 0.953963041305542 176 431 283 498
car 0.9835387468338013 112 380 189 427
car 0.6600063443183899 1019 267 1066 293
car 0.8530396819114685 1030 303 1069 329
traffic_light 0.799254298210144 860 187 876 209
