person 0.9698577523231506 932 238 949 265
person 0.6289114952087402 1106 280 1128 305
person 0.5918721556663513 274 257 299 287
person 0.7606467604637146 296 228 318 256
car 0.993425726890564 656 421 802 544
car 0.976414144039154 296 318 397 374
car 0.9642407298088074 379 259 476 304
car 0.9818226099014282 209 367 310 423
car 0.9868611693382263 558 177 590 206
car 0.9937500357627869 118 302 169 335
car 0.9756213426589966 113 378 188 427
car 0.9239609241485596 901 355 983 432
car 0.9905728697776794 641 158 672 183
car 0.9860175251960754 511 185 540 210
car 0.9507172703742981 582 112 616 145
car 0.9908338189125061 597 154 628 181
car 0.9397763609886169 620 135 647 163
motorbike 0.9394564032554626 38 372 70 405
traffic_light 0.5606473684310913 1143 314 1160 337
traffic_light 0.9580073952674866 424 209 440 238
