person 0.577002227306366 1105 281 1129 305
person 0.6384222507476807 1143 315 1161 338
person 0.28958752751350403 397 437 421 469
person 0.6821498274803162 1058 237 1080 256
car 0.9031911492347717 208 366 310 422
car 0.9823613166809082 114 379 185 429
car 0.9889161586761475 135 321 203 360
car 0.9703249931335449 823 242 884 290
car 0.7441486120223999 1021 267 1064 292
car 0.8693609237670898 405 228 474 283
car 0.9854357838630676 640 156 676 182
car 0.8248612284660339 728 171 759 192
car 0.9902946949005127 621 134 651 156
car 0.46832597255706787 1049 479 1130 567
