car 0.8559565544128418 678 326 779 476
car 0.9450101256370544 209 368 311 421
car 0.9723425507545471 114 380 185 427
car 0.9889062643051147 864 312 926 370
car 0.9506547451019287 633 560 727 691
car 0.9928115010261536 590 134 617 158
car 0.9900354743003845 641 155 676 181
car 0.9877270460128784 622 132 648 159
car 0.8838211297988892 647 86 674 109
car 0.7106027603149414 616 201 650 235
car 0.8322052955627441 1018 266 1064 293
car 0.30783259868621826 1105 280 1132 306
traffic_light 0.9609163999557495 1031 375 1059 420
traffic_light 0.46035847067832947 1142 314 1160 337
