person 0.5674091577529907 1105 280 1131 307
person 0.9858279228210449 1071 236 1085 257
person 0.7874512672424316 273 256 300 287
car 0.569951057434082 201 498 317 578
car 0.9834400415420532 208 366 312 423
car 0.9874330163002014 113 378 188 427
car 0.7155826687812805 865 309 944 381
car 0.9824292659759521 920 219 979 248
car 0.7556891441345215 1020 268 1064 291
car 0.9914814233779907 621 131 651 156
car 0.9666469693183899 640 157 674 183
traffic_light 0.49385353922843933 1141 315 1160 337
traffic_light 0.7094195485115051 734 147 763 166
