person 0.6720783114433289 1106 280 1130 306
person 0.9811012744903564 1072 236 1084 257
person 0.7717495560646057 273 257 299 287
car 0.9783958196640015 209 367 310 422
car 0.9893146753311157 113 378 188 427
car 0.877016007900238 134 493 229 559
car 0.9811780452728271 922 219 978 247
car 0.7301821112632751 1019 268 1064 292
car 0.9806137084960938 640 157 673 183
car 0.8959201574325562 732 173 766 192
car 0.9772637486457825 660 133 692 154
car 0.9895209074020386 622 133 650 155
car 0.6282211542129517 983 466 1067 562
traffic_light 0.6336736679077148 1142 315 1160 337
