person 0.8770813941955566 274 256 300 291
person 0.9010555148124695 422 210 443 243
person 0.8795846104621887 1074 236 1086 255
person 0.4385169446468353 1105 280 1129 305
person 0.8645039796829224 912 212 928 240
car 0.9810134768486023 245 319 333 369
car 0.9627026915550232 85 311 143 343
car 0.9842187762260437 557 178 589 206
car 0.9609705805778503 209 370 308 424
car 0.9072349071502686 728 163 758 184
car 0.9931973218917847 511 186 541 210
car 0.9595323801040649 111 379 190 427
car 0.9413327574729919 584 114 617 144
car 0.7995093464851379 10 371 48 409
car 0.9898766875267029 640 157 672 182
car 0.7182033061981201 996 473 1089 606
car 0.9908190369606018 597 154 627 181
car 0.6947286128997803 824 255 858 284
car 0.7088695168495178 1021 268 1066 293
car 0.9782714247703552 682 158 718 182
car 0.4188339114189148 642 91 658 108
car 0.9203251004219055 622 135 648 162
car 0.9836552739143372 590 138 621 163
traffic_light 0.4517935514450073 1143 315 1160 337
traffic_light 0.9797455668449402 886 171 905 193
