person 0.9386439323425293 367 242 383 272
person 0.9241548180580139 1071 238 1085 257
person 0.5331621766090393 1106 278 1129 305
person 0.9289752244949341 299 229 316 258
car 0.8796173334121704 210 368 309 420
car 0.9142313003540039 113 381 188 428
car 0.957981288433075 422 228 497 282
car 0.9867456555366516 640 157 674 183
car 0.9937741756439209 621 132 651 156
car 0.9825837016105652 972 453 1058 540
car 0.7863228917121887 1019 267 1065 293
car 0.9695959687232971 590 76 609 90
car 0.9022068977355957 677 114 713 133
car 0.68532794713974 508 178 537 210
car 0.3348938524723053 753 190 787 215
traffic_light 0.5742352604866028 1142 316 1161 339
traffic_light 0.914849579334259 399 363 427 390
