person 0.8834043145179749 421 210 442 246
person 0.8981029987335205 275 256 298 288
person 0.9273258447647095 299 230 317 259
car 0.9407666921615601 203 368 315 426
car 0.9072588682174683 6 401 53 438
car 0.9866963028907776 583 115 613 145
car 0.9805905818939209 516 157 538 179
car 0.9950525164604187 594 151 630 182
car 0.9065971970558167 548 96 563 113
car 0.9400202035903931 621 133 649 165
traffic_light 0.9439839124679565 1144 314 1160 338
traffic_light 0.9680405855178833 891 214 901 236
traffic_light 0.8574133515357971 1070 239 1082 260
