person 0.70926833152771 1108 278 1129 308
person 0.917313814163208 1069 238 1084 259
person 0.837336540222168 273 255 296 287
car 0.9946231842041016 558 269 657 328
car 0.9205836653709412 268 361 379 419
car 0.8908839821815491 190 498 309 576
car 0.90704345703125 176 431 281 498
car 0.9787415862083435 69 433 141 489
car 0.9861412048339844 557 139 584 164
car 0.9121707677841187 927 323 986 374
car 0.9861664772033691 111 384 175 430
car 0.9032886028289795 824 208 885 233
car 0.613152265548706 1023 266 1065 291
traffic_light 0.5758803486824036 1144 311 1159 335
