person 0.7534968852996826 861 186 875 208
person 0.45860418677330017 1104 278 1128 305
person 0.5252324342727661 1141 312 1157 333
person 0.7869278192520142 273 259 298 287
car 0.9574835300445557 790 276 896 355
car 0.9940077066421509 206 367 311 423
car 0.9273585081100464 189 497 308 577
car 0.7752841711044312 1073 328 1121 360
car 0.9739491939544678 177 430 283 499
car 0.7635743021965027 1016 266 1064 292
car 0.9880444407463074 111 381 189 427
car 0.9848173260688782 511 159 539 187
car 0.8125878572463989 1054 238 1084 257
car 0.7355347871780396 1030 302 1069 329
