person 0.9121127724647522 423 210 442 246
person 0.9030653834342957 274 256 298 287
person 0.921488881111145 300 231 318 259
person 0.7760766744613647 874 206 888 232
person 0.5163677334785461 1105 280 1128 305
person 0.998408854007721 327 630 372 693
car 0.9595865607261658 202 368 314 427
car 0.9794175028800964 583 114 614 145
car 0.9899513125419617 594 150 630 184
car 0.9260048866271973 621 134 649 167
car 0.9801499247550964 639 155 672 182
traffic_light 0.9520918726921082 1144 314 1160 339
traffic_light 0.8547525405883789 1071 237 1083 258
traffic_light 0.7846830487251282 883 213 898 239
