person 0.8501660823822021 423 213 443 247
person 0.9127713441848755 274 256 297 288
person 0.9234883785247803 300 230 318 259
car 0.9524559378623962 206 368 313 426
car 0.9258901476860046 832 522 961 675
car 0.9121665358543396 37 396 90 435
car 0.9903737306594849 582 114 613 145
car 0.9819619059562683 511 164 538 193
car 0.8783423900604248 549 98 569 120
car 0.9947622418403625 594 151 630 182
car 0.9310030341148376 621 132 650 166
car 0.8531395196914673 965 372 1045 454
traffic_light 0.875472366809845 1144 313 1161 339
traffic_light 0.8825867772102356 1070 239 1083 260
