person 0.601321816444397 1141 312 1160 334
person 0.9779600501060486 1070 238 1084 258
person 0.4609147012233734 1105 280 1129 304
car 0.7462537884712219 908 372 985 465
car 0.9561858773231506 208 367 312 421
car 0.9749601483345032 113 379 187 428
car 0.9933338761329651 589 85 614 102
car 0.8066040873527527 1019 267 1065 293
car 0.9824690818786621 640 158 674 183
car 0.9957018494606018 620 133 652 157
car 0.963236927986145 918 221 971 244
car 0.3111550509929657 1152 349 1179 374
car 0.8127947449684143 1030 304 1070 330
car 0.9075335264205933 659 86 684 102
car 0.9665181040763855 658 134 691 154
truck 0.6846729516983032 261 498 394 578
