person 0.8889773488044739 1072 236 1086 257
person 0.5963662266731262 1106 279 1127 305
car 0.9485132098197937 209 368 310 421
car 0.9765000343322754 113 381 187 429
car 0.9951751232147217 621 131 651 156
car 0.8791825771331787 878 335 948 398
car 0.9212117791175842 490 213 529 242
car 0.7846659421920776 1087 480 1136 556
car 0.9380946159362793 732 170 764 190
car 0.9805954694747925 640 158 673 183
car 0.6678345203399658 1021 267 1065 293
car 0.6673833131790161 512 165 538 196
car 0.9290695786476135 1027 300 1077 330
traffic_light 0.5200615525245667 377 262 390 292
traffic_light 0.5540744066238403 1143 316 1162 338
