person 0.6022605895996094 1140 312 1158 336
person 0.38416576385498047 1023 267 1062 293
person 0.9054520130157471 275 257 299 287
person 0.6169811487197876 1105 279 1126 306
person 0.9670315384864807 1069 239 1084 258
car 0.9861096739768982 202 368 314 421
car 0.8938149809837341 189 500 309 576
car 0.9552661776542664 174 432 283 499
car 0.9827767610549927 609 110 634 132
car 0.9841622114181519 573 110 596 127
car 0.968926727771759 113 381 189 428
car 0.9872244596481323 662 136 692 160
car 0.9100944399833679 58 395 112 435
car 0.9872222542762756 621 136 650 161
car 0.9127933979034424 1 427 36 474
car 0.9189181327819824 844 214 902 237
