person 0.981265127658844 1071 237 1086 256
person 0.6522648930549622 1104 279 1128 307
person 0.9640772938728333 222 238 238 266
person 0.805453896522522 275 256 298 286
car 0.9939642548561096 806 246 880 303
car 0.9906265735626221 809 310 900 368
car 0.9930949807167053 205 367 310 421
car 0.9453093409538269 191 498 307 575
car 0.9796066880226135 177 431 282 499
car 0.9842830300331116 112 381 188 428
car 0.8067686557769775 1122 316 1160 345
car 0.6482266783714294 1019 266 1063 293
car 0.9876638054847717 617 127 649 156
car 0.9591875076293945 56 395 112 432
car 0.9146711230278015 1029 302 1072 330
motorbike 0.5116618871688843 624 238 676 298
