person 0.9822471737861633 1070 237 1084 256
person 0.8653227090835571 1140 311 1159 336
person 0.5026697516441345 1105 279 1129 305
person 0.8508005738258362 274 257 298 287
car 0.9881837964057922 800 238 878 296
car 0.9929137229919434 204 367 312 423
car 0.9522521495819092 188 498 309 576
car 0.9177659153938293 1121 345 1160 387
car 0.9737321734428406 175 430 283 499
car 0.9885335564613342 613 119 640 144
car 0.9851052761077881 112 381 189 428
car 0.5902966856956482 1021 267 1064 292
car 0.8831604719161987 1029 302 1072 329
car 0.9319563508033752 67 435 141 490
traffic_light 0.6554911136627197 857 188 876 211
