person 0.9498825073242188 299 229 315 259
car 0.8669385313987732 398 336 521 395
car 0.9314601421356201 164 376 252 431
car 0.8979833722114563 884 379 947 455
car 0.9249061942100525 172 431 282 498
car 0.924816370010376 190 498 308 575
car 0.9585902690887451 560 153 584 180
car 0.8658639192581177 820 204 882 232
car 0.8772363066673279 1020 266 1066 293
car 0.5815497636795044 67 434 142 491
car 0.9051374197006226 658 233 709 273
car 0.7413429617881775 1067 286 1112 316
motorbike 0.6201732754707336 66 427 142 483
