person 0.9443470239639282 1073 236 1086 256
person 0.8610535860061646 898 204 909 228
person 0.5982171893119812 1105 281 1128 305
person 0.8355411887168884 273 258 299 289
person 0.8927186131477356 425 210 445 247
car 0.9405663013458252 207 367 311 422
car 0.967066764831543 114 379 187 427
car 0.9886425137519836 584 115 616 144
car 0.9936238527297974 606 158 640 186
car 0.6527312994003296 676 121 707 140
car 0.9902486205101013 642 157 672 182
car 0.9504734873771667 561 189 592 222
car 0.9785708785057068 620 133 651 161
car 0.6977425217628479 1022 267 1064 291
car 0.9349105954170227 649 89 673 109
car 0.8740278482437134 752 190 798 225
car 0.9183140397071838 815 216 884 269
traffic_light 0.6257485747337341 1143 315 1161 337
