person 0.9097700119018555 861 188 880 215
car 0.9849939942359924 863 338 969 411
car 0.9838506579399109 949 385 1037 449
car 0.9713582396507263 523 458 708 548
car 0.7074182629585266 149 488 260 560
car 0.9872564077377319 592 114 621 145
car 0.9882746934890747 943 255 1011 292
car 0.9887152314186096 1018 248 1059 270
car 0.9899147748947144 563 177 592 205
car 0.8476284742355347 403 398 538 461
car 0.984795331954956 589 129 617 156
car 0.9810526967048645 1030 290 1093 325
car 0.7196089625358582 1078 264 1112 292
