person 0.6563193798065186 1141 313 1159 336
person 0.5071438550949097 1106 279 1127 304
person 0.9749646782875061 1071 237 1086 257
person 0.801626980304718 274 257 299 287
person 0.7518460750579834 859 187 875 209
car 0.9932432770729065 204 366 312 422
car 0.9567447900772095 188 497 310 576
car 0.9788611531257629 176 430 283 499
car 0.9944362640380859 617 128 653 158
car 0.9682965874671936 1038 374 1100 413
car 0.6720802187919617 1021 267 1066 293
car 0.8985270261764526 772 221 841 269
car 0.43120473623275757 1153 243 1175 261
car 0.9847272634506226 112 380 190 428
car 0.9948791265487671 584 127 615 152
car 0.9026781320571899 1030 303 1069 328
