person 0.7976449131965637 864 189 881 210
person 0.8434293270111084 1073 237 1085 255
car 0.9842075705528259 506 390 660 464
car 0.9695032238960266 665 450 803 524
car 0.7584520578384399 225 504 369 576
car 0.9847941994667053 951 245 1000 268
car 0.9673507213592529 1012 254 1062 287
car 0.9647347331047058 1041 290 1090 320
car 0.919222354888916 165 435 264 493
car 0.9891274571418762 563 178 592 204
car 0.9546568393707275 587 96 612 115
car 0.9647740125656128 575 105 601 128
car 0.9689342975616455 45 486 128 549
