114765,0.10054397583007812
122974,0.0951683521270752
121537,0.10167384147644043
124806,0.10552000999450684
120466,0.10496926307678223
120944,0.10065150260925293
17319,0.06295180320739746
114650,0.10359382629394531
122413,0.09579300880432129
120295,0.10358405113220215
121792,0.09305310249328613
120585,0.10430502891540527
120878,0.1039893627166748
120054,0.0929861068725586
122516,0.09332442283630371
120463,0.10326123237609863
122327,0.09986639022827148
121718,0.10379934310913086
119521,0.09314823150634766
120982,0.09202957153320312
119509,0.09832429885864258
120950,0.10449075698852539
118634,0.10369372367858887
121664,0.09429740905761719
120490,0.09489250183105469
94482,0.07718014717102051
