person 0.9635908007621765 1070 238 1084 258
person 0.5559403300285339 1104 280 1127 306
person 0.9684532880783081 915 193 926 219
person 0.7476823329925537 363 495 382 528
car 0.9303461313247681 208 367 310 421
car 0.9929865002632141 608 175 648 208
car 0.9571367502212524 113 381 187 427
car 0.9706121683120728 583 113 610 146
car 0.9823439121246338 623 130 651 159
car 0.9612399935722351 959 449 1050 541
car 0.9847940802574158 645 157 673 181
car 0.9874908328056335 589 128 617 156
car 0.9645882248878479 752 155 791 177
car 0.9924861192703247 681 160 718 184
car 0.8806057572364807 644 88 664 103
car 0.9507436752319336 562 226 607 270
car 0.7109221816062927 1018 266 1063 294
car 0.7457458972930908 514 185 536 215
traffic_light 0.9597530364990234 426 211 442 246
traffic_light 0.578843355178833 1142 314 1161 337
traffic_light 0.8355268239974976 900 186 911 214
