person 0.5172913074493408 1141 312 1159 334
person 0.980566143989563 1070 240 1084 258
person 0.8189318180084229 274 257 299 287
person 0.6035871505737305 1104 279 1127 306
car 0.9892430305480957 695 427 789 566
car 0.9906203746795654 202 368 313 420
car 0.9484485387802124 709 250 779 302
car 0.9691908955574036 1042 326 1113 360
car 0.9444105625152588 188 498 310 576
car 0.9854576587677002 613 115 639 140
car 0.9899673461914062 595 161 627 190
car 0.9819837808609009 176 431 283 498
car 0.9862117767333984 112 381 189 428
car 0.5438126921653748 1018 267 1063 293
car 0.986185610294342 56 396 115 431
car 0.9751735925674438 48 437 111 486
car 0.9269202351570129 725 205 782 240
