person 0.5727884769439697 1143 314 1162 335
person 0.515472948551178 1105 281 1131 305
person 0.6118378639221191 389 474 415 509
person 0.72877436876297 365 526 393 553
person 0.9611473679542542 1071 236 1086 256
person 0.8527771234512329 298 229 316 257
car 0.931216835975647 209 368 311 422
car 0.7236722111701965 72 337 116 372
car 0.9658017158508301 113 381 187 426
car 0.9680886268615723 328 257 395 306
car 0.8455626368522644 932 331 1010 402
car 0.9357343912124634 1096 341 1138 383
car 0.6431736946105957 1019 267 1063 292
car 0.9716149568557739 639 112 667 132
car 0.9434298872947693 1028 300 1077 331
car 0.9916286468505859 620 136 651 159
car 0.9107639789581299 997 233 1034 251
