person 0.988334059715271 1071 236 1084 255
person 0.5795481204986572 1103 279 1128 306
person 0.9546265602111816 940 193 953 218
car 0.9774205088615417 788 294 890 368
car 0.9965556859970093 589 89 619 110
car 0.9924566745758057 202 367 313 420
car 0.8643175363540649 188 498 310 576
car 0.8691649436950684 1120 314 1160 345
car 0.9492313265800476 176 431 283 499
car 0.7028652429580688 1019 267 1066 293
car 0.9807217121124268 112 380 190 427
car 0.9038555026054382 1031 303 1068 329
traffic_light 0.6920751333236694 860 187 876 210
