person 0.5428047776222229 1140 314 1159 336
person 0.6129031181335449 1106 281 1127 304
person 0.981029212474823 1072 237 1085 258
person 0.6656036972999573 273 257 299 287
car 0.9801878929138184 208 367 310 423
car 0.9762933254241943 113 380 186 427
car 0.5933667421340942 249 492 379 566
car 0.7761829495429993 1016 267 1064 293
car 0.9820209741592407 920 220 981 246
car 0.5712280869483948 794 231 837 265
car 0.9532449245452881 661 116 692 139
car 0.981262743473053 640 158 674 183
car 0.9874594211578369 622 133 650 156
car 0.9272451400756836 1030 303 1073 329
car 0.44273051619529724 1084 382 1119 420
truck 0.5949363112449646 249 492 380 582
traffic_light 0.46337831020355225 785 226 831 260
