person 0.9157658815383911 422 210 443 244
person 0.8498266935348511 274 256 300 290
person 0.9486857056617737 1073 237 1085 255
person 0.8784886598587036 912 212 929 241
person 0.5404893755912781 1105 281 1128 305
person 0.8960741758346558 1085 241 1102 260
car 0.9746140241622925 245 320 333 368
car 0.9528940320014954 86 311 141 344
car 0.9795755743980408 557 179 589 207
car 0.8921412825584412 729 163 758 185
car 0.9470230340957642 209 370 308 423
car 0.9228888154029846 583 113 616 144
car 0.9928129315376282 512 186 541 209
car 0.9187533855438232 112 380 189 427
car 0.7038798332214355 11 372 48 408
car 0.9878880381584167 640 157 672 181
car 0.9716697931289673 557 166 585 195
car 0.7170185446739197 996 474 1091 608
car 0.9891345500946045 597 154 627 181
car 0.6399211287498474 1020 268 1067 293
car 0.4845220744609833 642 91 659 108
car 0.5955763459205627 824 257 858 286
car 0.7898972630500793 1029 302 1073 330
car 0.978571891784668 591 138 622 163
car 0.8949249982833862 622 135 647 162
car 0.9688687324523926 683 159 718 182
traffic_light 0.4075602889060974 1143 315 1160 337
traffic_light 0.9759883284568787 887 171 904 193
