person 0.7618634700775146 1072 237 1084 261
person 0.8400262594223022 872 195 886 218
person 0.8375411033630371 447 215 460 239
person 0.8962224125862122 298 231 316 261
car 0.9955202341079712 563 179 592 206
car 0.970858633518219 601 155 638 185
car 0.9774414896965027 761 165 803 189
car 0.9791706800460815 550 122 577 145
car 0.9818727374076843 646 118 673 140
car 0.9838464260101318 564 168 588 193
car 0.9211446046829224 1023 287 1120 328
car 0.9805327653884888 638 156 666 178
car 0.9510440826416016 660 136 689 161
