person 0.8965119123458862 1071 237 1084 262
person 0.90909343957901 441 213 454 237
person 0.9055991172790527 298 229 317 260
car 0.9948315024375916 563 180 592 205
car 0.9740334749221802 602 157 637 186
car 0.9848353862762451 555 132 583 154
car 0.9745581746101379 731 139 763 161
car 0.9790748953819275 563 170 587 193
car 0.9151241183280945 1022 288 1120 327
car 0.9741146564483643 637 156 668 180
car 0.965025782585144 655 135 688 162
car 0.9800980091094971 677 158 715 181
car 0.980241060256958 648 121 674 141
traffic_light 0.7944722175598145 873 195 886 217
traffic_light 0.7125619053840637 1139 318 1155 339
