person 0.6862879395484924 1106 281 1129 306
person 0.9807589650154114 1072 237 1085 257
person 0.7205023169517517 273 257 299 287
car 0.9706261157989502 208 367 310 422
car 0.737030565738678 134 494 227 558
car 0.9844037294387817 112 379 188 426
car 0.9825620651245117 921 219 978 247
car 0.7691230177879333 1018 267 1065 291
car 0.9841841459274292 640 158 673 182
car 0.9148046970367432 731 173 766 193
car 0.9797618389129639 659 133 692 154
car 0.9901270866394043 622 133 650 155
car 0.4849900007247925 984 466 1067 562
truck 0.5826020836830139 140 501 227 569
traffic_light 0.5485612750053406 1141 314 1159 336
pottedplant 0.5286011099815369 782 184 815 208
