person 0.7118069529533386 1141 316 1155 337
person 0.939596951007843 299 229 317 259
car 0.9967775940895081 832 408 952 485
car 0.9687905311584473 378 295 494 354
car 0.9947004318237305 890 273 961 307
car 0.9871935248374939 793 239 868 277
car 0.9922844767570496 563 180 594 204
car 0.9897643327713013 984 245 1038 273
car 0.9551065564155579 1063 377 1114 414
car 0.9176435470581055 1024 295 1103 345
car 0.990605890750885 597 155 628 180
car 0.9564456343650818 670 158 714 182
car 0.968775749206543 618 136 646 161
car 0.7917960286140442 1067 325 1110 358
car 0.8876367807388306 500 177 537 213
car 0.8857892751693726 1073 257 1123 289
car 0.982613742351532 1022 290 1084 321
