person 0.8144007325172424 423 211 441 241
person 0.9452604651451111 940 242 957 265
person 0.8096110224723816 973 275 991 309
person 0.8514633774757385 1070 238 1084 260
person 0.9473834037780762 298 229 317 258
person 0.8609971404075623 274 256 298 286
car 0.9796817302703857 355 265 435 315
car 0.955863893032074 563 261 660 315
car 0.8838804364204407 486 356 591 422
car 0.9413285255432129 209 370 313 424
car 0.9721705913543701 556 159 586 188
car 0.9675244092941284 189 331 262 374
car 0.7502227425575256 949 422 1034 514
car 0.9908053874969482 511 186 539 210
car 0.9012177586555481 114 380 187 427
car 0.9802218079566956 582 113 616 145
car 0.9684550762176514 16 368 50 405
car 0.8853344917297363 801 246 855 283
car 0.9769044518470764 602 155 638 184
car 0.9015249609947205 620 136 649 166
car 0.9804335236549377 641 159 671 182
traffic_light 0.49688103795051575 1144 313 1160 338
