person 0.6060768961906433 375 290 391 320
person 0.6395219564437866 1105 281 1128 305
person 0.924077570438385 1070 239 1084 258
car 0.9591450691223145 209 368 310 422
car 0.9755527377128601 114 380 186 428
car 0.9534726142883301 830 281 901 334
car 0.9905351996421814 640 158 673 184
car 0.496927946805954 1022 268 1063 292
car 0.9926072359085083 621 133 651 157
car 0.8058227896690369 1029 303 1073 330
car 0.9793258905410767 679 159 717 182
traffic_light 0.5447026491165161 1143 315 1161 338
traffic_light 0.6638852953910828 826 217 865 246
traffic_light 0.6773539781570435 510 179 531 226
traffic_light 0.9759619832038879 410 301 433 349
traffic_light 0.9303849935531616 414 329 436 358
