person 0.5245710611343384 1141 312 1158 336
person 0.5174027681350708 1106 277 1127 303
person 0.9701509475708008 1070 240 1085 259
person 0.7526851296424866 274 257 299 288
car 0.9871810078620911 203 368 313 421
car 0.8591606020927429 178 499 305 573
car 0.9460022449493408 175 431 282 498
car 0.9447211623191833 607 110 631 132
car 0.9758573174476624 570 90 587 103
car 0.9529289603233337 642 157 673 182
car 0.9722946286201477 112 380 190 427
car 0.9689497947692871 57 396 113 436
car 0.9787153005599976 658 133 689 155
car 0.4855707287788391 1021 267 1062 293
traffic_light 0.9378687143325806 893 184 907 203
