person 0.4791960120201111 1140 312 1158 335
person 0.5101152658462524 1105 279 1126 304
person 0.8057238459587097 274 257 298 288
person 0.9545925259590149 1070 238 1084 257
car 0.9958533048629761 814 251 902 303
car 0.9909471273422241 202 368 312 421
car 0.8946632742881775 190 499 308 577
car 0.9584196209907532 176 432 283 499
car 0.979600727558136 112 381 189 427
car 0.9691531658172607 571 97 590 114
car 0.9952601790428162 589 145 622 171
car 0.8611966371536255 610 107 632 129
car 0.9131801724433899 60 397 112 435
car 0.950817346572876 658 182 693 209
car 0.9879002571105957 624 140 664 167
car 0.4894173741340637 1021 267 1063 293
car 0.9777469038963318 673 155 718 182
car 0.8282283544540405 1030 304 1071 329
