person 0.6719046831130981 1143 311 1157 335
person 0.7680084705352783 768 184 779 206
person 0.7984811067581177 1065 269 1085 290
car 0.9782592058181763 612 381 747 447
car 0.9793374538421631 720 427 886 521
car 0.994010329246521 591 137 622 164
car 0.5363376140594482 265 487 407 566
car 0.970244288444519 881 263 949 312
car 0.9924951791763306 563 177 592 204
car 0.9889561533927917 950 245 998 267
car 0.9737924933433533 1017 249 1059 269
car 0.9687232971191406 610 115 637 140
car 0.9691826105117798 995 329 1062 379
car 0.948614776134491 1017 363 1091 418
car 0.927879810333252 501 180 537 217
car 0.9743656516075134 1020 288 1088 325
car 0.958044171333313 672 158 713 182
truck 0.5179005861282349 268 493 407 576
traffic_light 0.7046693563461304 859 186 876 214
