person 0.9788534641265869 1071 237 1085 256
person 0.6309574246406555 1106 278 1126 304
car 0.9778435826301575 930 350 1021 410
car 0.9903025031089783 203 367 312 421
car 0.9701802134513855 917 293 992 343
car 0.9617103338241577 190 498 308 575
car 0.9833819270133972 630 139 662 167
car 0.9819728136062622 176 431 283 499
car 0.9681198000907898 700 234 770 298
car 0.6923999786376953 1019 267 1066 292
car 0.9772309064865112 110 380 191 427
car 0.9886426329612732 706 445 790 590
car 0.9265990853309631 1030 302 1070 329
car 0.8974398374557495 68 435 140 490
car 0.9690831899642944 591 64 608 75
traffic_light 0.5607033967971802 1142 313 1159 337
