person 0.9299283027648926 1141 311 1160 337
person 0.8496308922767639 1107 277 1127 306
person 0.8349401950836182 276 256 296 286
person 0.915420651435852 1069 239 1084 259
car 0.9723023772239685 297 349 408 410
car 0.9313781261444092 132 379 219 428
car 0.9911850094795227 896 217 960 246
car 0.7430443167686462 190 497 308 576
car 0.912147581577301 175 431 282 498
car 0.9552159309387207 1102 349 1154 396
car 0.9431197643280029 553 108 573 128
car 0.973783016204834 61 395 117 432
car 0.9573593735694885 70 436 139 487
car 0.5866636037826538 1021 266 1065 292
motorbike 0.8919814825057983 1021 300 1057 331
