person 0.6217279434204102 733 188 759 214
person 0.8687270283699036 296 230 318 259
car 0.9449202418327332 855 265 927 312
car 0.9856985211372375 742 245 827 282
car 0.9712798595428467 599 155 639 185
car 0.978213906288147 564 178 590 206
car 0.914100706577301 1098 356 1147 400
car 0.8361315131187439 255 322 338 371
car 0.9508628249168396 250 302 334 344
motorbike 0.9015743136405945 19 374 52 409
traffic_light 0.6516866087913513 864 191 882 213
traffic_light 0.8250082731246948 1072 236 1085 256
