person 0.9316791296005249 365 237 380 262
person 0.7109533548355103 1105 278 1125 304
person 0.9741335511207581 1071 237 1085 259
car 0.9874798655509949 330 270 413 320
car 0.896263837814331 209 368 310 420
car 0.9443110823631287 113 381 187 427
car 0.8143590688705444 838 292 919 359
car 0.9937460422515869 596 85 623 102
car 0.6172710657119751 1020 267 1061 293
car 0.9780588150024414 639 158 675 183
car 0.9493792653083801 491 203 528 227
car 0.9898281097412109 622 133 649 155
car 0.836417555809021 660 99 689 116
car 0.7242830991744995 711 157 739 176
traffic_light 0.8071278929710388 1143 312 1160 337
