person 0.988215446472168 1071 238 1085 257
person 0.7990890741348267 1142 311 1159 335
person 0.5805079936981201 1104 278 1126 305
car 0.9919249415397644 592 92 620 113
car 0.8527497053146362 211 368 310 421
car 0.6911481618881226 388 512 530 593
car 0.9268664121627808 113 380 187 428
car 0.6892461776733398 1109 358 1145 390
car 0.6866400837898254 1020 266 1065 292
car 0.9894837737083435 622 133 651 156
car 0.8309689164161682 1 403 21 444
car 0.9714852571487427 657 132 691 153
car 0.97771155834198 639 157 674 183
truck 0.5082253217697144 388 517 534 601
