person 0.9476226568222046 298 230 315 259
car 0.867283046245575 397 338 522 394
car 0.8735297918319702 885 380 946 455
car 0.9006273746490479 164 377 252 432
car 0.9281449317932129 172 431 282 499
car 0.9404847025871277 191 498 307 575
car 0.9448604583740234 560 153 584 180
car 0.880596935749054 821 204 882 232
car 0.8948510885238647 1020 265 1066 293
car 0.8844171166419983 659 234 709 273
car 0.7369920611381531 1068 287 1111 317
car 0.9550986886024475 983 300 1047 335
car 0.9655461311340332 506 186 535 213
motorbike 0.5890267491340637 66 435 142 491
traffic_light 0.5302850604057312 1143 313 1159 337
