person 0.7360849976539612 1135 313 1161 340
person 0.4560299515724182 1104 279 1129 305
person 0.9595770239830017 1070 239 1085 259
person 0.8237855434417725 272 257 298 286
car 0.8965378403663635 189 498 308 576
car 0.9886537194252014 202 367 314 422
car 0.968489408493042 924 336 1025 396
car 0.9636611938476562 997 232 1039 252
car 0.9238869547843933 1015 266 1065 292
car 0.9497182965278625 176 430 284 499
car 0.9788758754730225 111 381 189 427
car 0.9713239073753357 1028 300 1074 330
car 0.9847315549850464 507 166 539 199
car 0.8282365798950195 547 87 564 103
motorbike 0.7749524712562561 1132 326 1162 350
