person 0.5086411237716675 1140 313 1158 335
person 0.8816709518432617 274 257 299 288
person 0.6097029447555542 1105 279 1125 305
person 0.9685482382774353 1070 239 1084 258
car 0.9872691631317139 202 368 313 420
car 0.8577253818511963 190 500 308 577
car 0.9434257745742798 175 432 283 499
car 0.9696649312973022 113 381 189 428
car 0.9828232526779175 573 110 597 128
car 0.9785780906677246 609 111 634 132
car 0.388023316860199 1022 267 1062 293
car 0.9829028248786926 662 136 691 160
car 0.9087274074554443 58 395 112 436
car 0.9155893921852112 845 215 902 239
car 0.9279518723487854 1 427 35 474
car 0.7625084519386292 1030 303 1070 329
car 0.9818700551986694 622 137 650 161
