person 0.6329707503318787 1106 281 1128 305
person 0.9838179349899292 1071 236 1084 255
person 0.6682208776473999 273 257 299 287
car 0.9491716027259827 209 367 311 421
car 0.9764976501464844 113 379 187 427
car 0.7997342944145203 1018 267 1066 291
car 0.9813750982284546 922 220 977 246
car 0.8410420417785645 848 247 904 286
car 0.9794753789901733 639 158 676 183
car 0.8433422446250916 94 309 145 337
car 0.9891473054885864 622 133 650 156
car 0.8834032416343689 1030 303 1072 329
car 0.9733421206474304 657 132 692 153
traffic_light 0.5289829969406128 1141 315 1159 336
