person 0.9352339506149292 274 256 298 288
person 0.8906911611557007 423 211 442 248
person 0.8764795660972595 1057 354 1076 387
person 0.7470991611480713 1070 239 1082 259
person 0.9478011727333069 300 230 319 260
person 0.6489741802215576 1032 307 1056 338
person 0.6527541875839233 1107 280 1127 305
person 0.9310477375984192 242 596 275 643
car 0.9967970252037048 684 408 814 518
car 0.9502176642417908 205 368 313 425
car 0.993312418460846 583 115 614 145
car 0.9817073941230774 62 391 128 433
car 0.9650874733924866 550 107 571 127
car 0.9620773196220398 511 176 538 204
car 0.9958744645118713 593 151 631 182
car 0.9529718160629272 620 134 649 167
traffic_light 0.4698999524116516 1143 313 1160 338
