person 0.4559740722179413 1143 313 1159 337
person 0.8681588172912598 1069 238 1083 257
car 0.9927214980125427 636 256 720 309
car 0.9862387776374817 411 335 531 393
car 0.8715438842773438 880 352 955 450
car 0.8193660974502563 192 498 307 575
car 0.880699872970581 173 432 283 498
car 0.9348053932189941 1017 264 1069 295
car 0.9586125016212463 816 203 883 231
car 0.9757477641105652 563 162 589 196
car 0.8443422913551331 68 434 140 488
car 0.9733032584190369 716 166 750 188
car 0.7562125325202942 65 393 114 430
car 0.8969812393188477 965 304 1027 337
