person 0.5965080261230469 1140 312 1158 335
person 0.766400933265686 273 257 298 287
person 0.5572324395179749 1105 278 1128 306
car 0.989940345287323 874 335 979 404
car 0.9915745854377747 202 367 313 423
car 0.9246411323547363 191 498 308 574
car 0.9925623536109924 1072 320 1132 354
car 0.9726403951644897 176 430 283 499
car 0.9742459058761597 1104 359 1153 405
car 0.8899543285369873 1018 266 1066 293
car 0.9802855253219604 112 380 189 428
car 0.9451628923416138 1028 300 1072 330
car 0.9077719449996948 67 434 141 490
