person 0.9272278547286987 274 256 298 287
person 0.9176359176635742 424 209 441 245
person 0.9111077189445496 213 591 246 640
person 0.9463475346565247 299 229 319 260
person 0.5708993077278137 1105 279 1128 305
car 0.9877741932868958 511 338 639 409
car 0.9726194143295288 205 368 313 425
car 0.9126865267753601 808 551 946 688
car 0.9732818007469177 929 404 1008 486
car 0.9534223079681396 839 399 937 493
car 0.9945435523986816 585 115 615 146
car 0.9855400919914246 549 115 575 140
car 0.961908757686615 509 176 538 209
car 0.5835703015327454 1163 267 1191 285
car 0.9963884353637695 594 151 631 183
car 0.9557547569274902 87 382 154 430
car 0.9710981249809265 620 133 649 168
car 0.9874292016029358 639 157 671 183
traffic_light 0.5842554569244385 1144 314 1161 338
traffic_light 0.7460595965385437 1070 238 1082 260
