person 0.7035720348358154 884 190 898 214
car 0.9471608996391296 257 426 390 497
car 0.9629645943641663 1018 259 1067 294
car 0.9883068203926086 950 245 1002 268
car 0.9552832841873169 574 91 591 106
car 0.5607149600982666 316 489 458 564
car 0.6315282583236694 86 309 125 339
car 0.9881892204284668 564 178 592 205
car 0.7145516872406006 664 140 691 169
car 0.7868392467498779 1077 281 1125 311
car 0.6755819320678711 94 436 169 487
truck 0.6408416032791138 140 505 217 565
truck 0.5907323360443115 319 503 455 572
traffic_light 0.30504170060157776 1143 318 1159 338
