person 0.7751906514167786 1141 313 1160 338
person 0.5278364419937134 1106 278 1126 303
person 0.8335630297660828 273 258 298 287
person 0.8705622553825378 917 193 928 214
car 0.9919328093528748 203 367 311 421
car 0.986700177192688 871 273 945 321
car 0.9386763572692871 1100 361 1150 400
car 0.927910327911377 190 497 309 577
car 0.955245852470398 175 430 284 500
car 0.6828135848045349 1021 266 1063 293
car 0.9786253571510315 110 380 191 427
car 0.799430251121521 68 435 142 489
traffic_light 0.8066615462303162 861 187 875 210
