person 0.44119077920913696 1104 278 1127 304
person 0.6745180487632751 273 256 298 286
car 0.9026042222976685 210 368 310 421
car 0.9797607660293579 596 96 625 118
car 0.9647029042243958 114 380 186 427
car 0.9875354170799255 33 401 88 437
car 0.7785935997962952 919 312 992 378
car 0.7670880556106567 1019 267 1066 293
car 0.9935882091522217 621 134 651 158
car 0.9210630059242249 899 220 949 244
car 0.9890810251235962 641 158 674 183
car 0.9822193384170532 14 438 75 490
motorbike 0.8877147436141968 1111 355 1141 386
traffic_light 0.858961820602417 1140 309 1157 335
