person 0.7187775373458862 1087 382 1114 415
person 0.6444327235221863 1105 279 1127 304
person 0.3236972987651825 1140 336 1167 368
person 0.8084376454353333 969 191 984 216
person 0.9620081186294556 1070 239 1085 259
person 0.747521162033081 1141 314 1161 339
car 0.9231263399124146 209 368 311 423
car 0.9789217710494995 595 94 623 115
car 0.9377831220626831 113 379 187 427
car 0.9595789909362793 547 570 693 688
car 0.6452268362045288 1021 267 1065 292
car 0.9795200824737549 506 167 539 199
car 0.9809165596961975 640 158 674 184
car 0.9914394617080688 621 133 651 156
car 0.9645265340805054 9 405 58 440
car 0.7503158450126648 903 221 946 241
car 0.6081063747406006 1031 303 1070 329
car 0.5129424929618835 1028 452 1114 536
car 0.9705221056938171 658 133 691 154
