84822,0.03661489486694336
77233,0.03279590606689453
80380,0.04512906074523926
81905,0.04431486129760742
68988,0.046730756759643555
82485,0.04212665557861328
76950,0.05647897720336914
82021,0.057567596435546875
98967,0.06821465492248535
90973,0.0645589828491211
74470,0.07333946228027344
74476,0.0521235466003418
78056,0.048157453536987305
77506,0.05778145790100098
70890,0.0479884147644043
77421,0.059029340744018555
74150,0.05213761329650879
76193,0.06291985511779785
74323,0.06557226181030273
74423,0.038137197494506836
78372,0.04654836654663086
72408,0.0428769588470459
81392,0.030567407608032227
76376,0.0373072624206543
74022,0.04328799247741699
86822,0.04152965545654297
75078,0.04179573059082031
84076,0.03618812561035156
76534,0.04545760154724121
75890,0.020968198776245117
102901,0.054162025451660156
80847,0.04735732078552246
66221,0.0313725471496582
74498,0.0176846981048584
76807,0.04891610145568848
85207,0.04342293739318848
76827,0.0427241325378418
74277,0.0233154296875
71890,0.028469324111938477
75258,0.020982027053833008
88001,0.019971370697021484
70172,0.04148221015930176
89733,0.0341038703918457
85506,0.025766849517822266
66954,0.04192948341369629
84610,0.01733088493347168
75258,0.034253835678100586
76156,0.03559517860412598
78113,0.03575706481933594
91074,0.04408073425292969
68334,0.03357815742492676
77180,0.03223466873168945
100904,0.05297970771789551
83955,0.04550814628601074
82382,0.03943943977355957
84219,0.049320220947265625
73624,0.04174542427062988
75169,0.0323488712310791
94386,0.03096795082092285
78806,0.04118800163269043
