94623,0.5435035228729248
66848,0.5831477642059326
69653,0.4159359931945801
79399,0.43823838233947754
58709,0.4350860118865967
73891,0.4307520389556885
60768,0.4993722438812256
83905,0.5432488918304443
95315,0.6141746044158936
91560,0.6241898536682129
70650,0.5056109428405762
56537,0.44871091842651367
65303,0.4121816158294678
68908,0.5899875164031982
64063,0.5918922424316406
61459,0.5146770477294922
64831,0.37223148345947266
61678,0.6241271495819092
62553,0.7368464469909668
73786,0.5558207035064697
75727,0.39699363708496094
57042,0.3853023052215576
77770,0.3823215961456299
61451,0.3815906047821045
66146,0.39110231399536133
77997,0.3643040657043457
62972,0.33951473236083984
79296,0.3637537956237793
70778,0.4018990993499756
78126,0.46814870834350586
151082,0.39983391761779785
78700,0.3738386631011963
59448,0.36359310150146484
55145,0.3604249954223633
65562,0.3494582176208496
80539,0.4326140880584717
71664,0.3813326358795166
74967,0.369678258895874
64515,0.3849015235900879
70431,0.3763561248779297
87010,0.4219534397125244
63817,0.3713521957397461
113808,0.3595001697540283
85184,0.3786201477050781
55274,0.35864973068237305
72870,0.3328580856323242
67531,0.33455538749694824
69817,0.3599884510040283
69141,0.3655562400817871
104676,0.3543050289154053
58308,0.3539266586303711
70838,0.3527686595916748
105533,0.3670833110809326
81922,0.42846179008483887
65788,0.45577096939086914
74183,0.5573198795318604
64500,0.34221386909484863
61866,0.35381650924682617
85223,0.3422079086303711
68618,0.35254549980163574
