60808,0.025484561920166016
50940,0.017632722854614258
53612,0.025303363800048828
57935,0.019377470016479492
44159,0.01796436309814453
50317,0.023463726043701172
45263,0.020817995071411133
56268,0.027878284454345703
66897,0.029402732849121094
60756,0.03201484680175781
49190,0.016017436981201172
41674,0.027348995208740234
49460,0.012708187103271484
47838,0.025178194046020508
40418,0.008310556411743164
44119,0.026389122009277344
45581,0.020977258682250977
46713,0.030954837799072266
43854,0.033538103103637695
53513,0.009332895278930664
54647,0.009265422821044922
45130,0.011362314224243164
50919,0.022546768188476562
43307,0.008455514907836914
46967,0.01664137840270996
59678,0.011299371719360352
45051,0.026757240295410156
58253,0.011158943176269531
50753,0.02535247802734375
54820,0.011811971664428711
65929,0.010415792465209961
52189,0.015229225158691406
40608,0.014421463012695312
43718,0.010092973709106445
44676,0.023947477340698242
59284,0.024579524993896484
52745,0.028531789779663086
49787,0.00853872299194336
46711,0.017481327056884766
47643,0.011272668838500977
60110,0.010709285736083984
41873,0.009141206741333008
61209,0.021349668502807617
58365,0.008816242218017578
40857,0.010491609573364258
55761,0.0202333927154541
51563,0.008769750595092773
48491,0.009541511535644531
52205,0.009489297866821289
61050,0.011785507202148438
44822,0.008620977401733398
47767,0.011182069778442383
66928,0.009172916412353516
61334,0.011958122253417969
50657,0.008636951446533203
53045,0.03248715400695801
48959,0.01276850700378418
41825,0.011861801147460938
61138,0.008905410766601562
49070,0.008896589279174805
