63769,0.03553414344787598
64397,0.031287193298339844
68356,0.0316007137298584
72719,0.029175996780395508
61063,0.024507522583007812
69794,0.045027732849121094
61447,0.029549121856689453
61912,0.03186154365539551
85094,0.03615713119506836
83688,0.04094266891479492
52866,0.027418851852416992
59684,0.025694847106933594
67947,0.0233156681060791
63427,0.03033304214477539
59989,0.033696651458740234
58885,0.031954050064086914
59599,0.03349018096923828
60341,0.05337715148925781
58106,0.0641474723815918
68291,0.012630701065063477
62427,0.012804269790649414
61838,0.016825437545776367
62802,0.012511491775512695
60699,0.015674591064453125
63842,0.012305974960327148
77929,0.01613020896911621
62061,0.013770103454589844
62287,0.019445180892944336
66480,0.01475667953491211
63421,0.013281583786010742
94784,0.029334545135498047
70614,0.021720409393310547
56341,0.011386632919311523
58714,0.011776208877563477
58879,0.026653528213500977
59562,0.01241302490234375
69901,0.027603864669799805
67427,0.017597675323486328
62399,0.029082775115966797
64235,0.011555910110473633
78203,0.023331880569458008
62554,0.01954483985900879
78027,0.03236865997314453
70545,0.0180056095123291
58817,0.013427257537841797
73851,0.02685546875
68557,0.03316903114318848
65751,0.017003297805786133
70828,0.016164541244506836
73999,0.028313398361206055
63397,0.014618396759033203
65434,0.012509584426879883
83979,0.013132572174072266
68303,0.037023067474365234
70307,0.016475200653076172
69915,0.02992534637451172
65424,0.02954864501953125
59029,0.014518022537231445
67569,0.012546300888061523
63539,0.017006397247314453
