person 0.7695782780647278 1074 236 1086 256
car 0.9873496890068054 446 457 612 551
car 0.9881108999252319 817 343 920 405
car 0.9785783886909485 880 407 999 478
car 0.9670951962471008 760 267 859 316
car 0.9699898362159729 593 139 623 169
car 0.9927819967269897 921 242 986 267
car 0.9822132587432861 562 178 591 206
car 0.9319947361946106 1090 358 1138 399
car 0.9720947742462158 612 133 639 157
car 0.9580782055854797 1015 246 1057 270
car 0.9778789281845093 673 159 713 181
car 0.9723823070526123 1035 287 1089 319
car 0.9456794261932373 1025 254 1064 281
car 0.9301549792289734 614 120 637 144
