person 0.7231519818305969 1142 313 1158 336
person 0.9356957674026489 1071 238 1084 257
person 0.518278956413269 1106 279 1127 302
person 0.906867504119873 273 257 297 286
car 0.9879348278045654 595 356 678 508
car 0.9692404270172119 190 499 308 577
car 0.99162757396698 204 367 311 423
car 0.9377722144126892 1070 352 1124 389
car 0.9869809746742249 175 431 282 497
car 0.8018253445625305 1019 268 1064 293
car 0.9857211112976074 112 380 190 430
car 0.9719972014427185 597 95 625 117
car 0.9478796720504761 1028 302 1073 329
car 0.9498484134674072 68 434 141 489
car 0.9450321197509766 718 193 785 243
