person 0.6040535569190979 1070 239 1085 257
person 0.9536368250846863 295 228 314 260
car 0.9798060059547424 1018 266 1068 294
car 0.9913389682769775 948 244 1007 268
car 0.986539900302887 359 244 439 295
car 0.9199522137641907 174 431 282 499
car 0.8309081196784973 176 498 305 574
car 0.9555277824401855 637 107 663 125
car 0.9529906511306763 66 434 141 489
car 0.989588737487793 563 166 589 196
car 0.9463614821434021 790 193 861 222
car 0.9875889420509338 510 167 541 194
car 0.9127224087715149 727 160 755 181
car 0.7432422637939453 646 97 666 117
