person 0.6940459609031677 1105 279 1125 304
person 0.9539949297904968 1069 237 1084 258
car 0.989000141620636 202 368 312 420
car 0.9146268367767334 169 500 285 571
car 0.9838835597038269 112 380 188 428
car 0.9772807955741882 169 433 266 498
car 0.9841559529304504 56 396 114 434
car 0.9694119095802307 606 109 632 132
car 0.40548965334892273 1023 266 1061 292
car 0.980838418006897 656 134 693 158
car 0.9903450608253479 640 156 673 183
car 0.6445900797843933 658 109 681 130
car 0.9887627959251404 622 138 649 159
car 0.967596173286438 5 349 34 379
car 0.9798954725265503 678 157 718 182
traffic_light 0.5150030851364136 1142 312 1159 335
