person 0.40876325964927673 1105 280 1131 307
person 0.34224584698677063 512 188 534 216
person 0.5290372371673584 515 162 536 190
person 0.8729395866394043 1071 237 1086 255
car 0.963340699672699 207 367 310 422
car 0.9887621998786926 113 380 186 428
car 0.9891262054443359 701 391 767 489
car 0.9747663140296936 639 157 674 182
car 0.8484550714492798 912 313 981 375
car 0.9012888669967651 1019 266 1065 292
car 0.9935154914855957 895 349 941 387
car 0.9309564828872681 669 109 702 133
car 0.9874211549758911 622 129 652 157
car 0.9718990921974182 857 319 936 384
car 0.9595213532447815 615 66 644 84
car 0.7736131548881531 609 191 650 221
car 0.9857199788093567 738 172 770 196
motorbike 0.6199821829795837 1102 326 1137 354
