person 0.9636833071708679 1071 234 1084 254
car 0.9925872683525085 729 274 831 317
car 0.9946430921554565 648 246 738 286
car 0.9889923930168152 206 325 291 375
car 0.8869786858558655 962 383 1046 449
car 0.9728480577468872 944 245 992 267
car 0.9656587243080139 1103 360 1152 398
car 0.9030793905258179 567 182 589 209
car 0.9789630174636841 674 160 714 183
car 0.8562772274017334 1122 313 1156 344
car 0.9827194213867188 604 158 636 183
car 0.9886156916618347 629 142 661 167
car 0.9836180806159973 615 140 646 166
car 0.9761309623718262 1020 291 1082 333
car 0.9807115197181702 563 167 588 194
