person 0.8760148882865906 1073 237 1086 257
person 0.8583633303642273 898 204 909 228
person 0.6259554624557495 1106 281 1128 304
person 0.9005736708641052 425 209 444 243
person 0.8761134743690491 274 258 298 288
car 0.9729332327842712 206 367 310 421
car 0.9836086630821228 114 380 186 427
car 0.9832971096038818 584 113 615 144
car 0.9896399974822998 607 157 639 186
car 0.949167013168335 560 188 592 223
car 0.9684054851531982 621 133 650 161
car 0.6854729652404785 677 121 707 140
car 0.9864591360092163 643 156 671 181
car 0.9445241689682007 648 88 673 109
car 0.9024218916893005 751 190 799 224
car 0.7300744652748108 1023 266 1063 291
car 0.8452161550521851 825 224 878 264
car 0.9334797859191895 2 373 24 419
car 0.9864640235900879 680 157 717 182
traffic_light 0.6665602922439575 1144 314 1160 336
