person 0.9016311168670654 1072 238 1087 259
person 0.9329001307487488 296 229 316 260
person 0.8806791305541992 452 212 464 236
person 0.5312318801879883 871 192 887 212
car 0.994612455368042 521 466 684 538
car 0.9849966764450073 992 229 1037 252
car 0.9711238741874695 600 155 637 185
car 0.9912927746772766 563 179 591 205
car 0.9904654026031494 564 167 588 193
car 0.9651978611946106 1023 288 1117 327
car 0.7952741384506226 18 368 53 406
car 0.9631787538528442 636 153 669 179
car 0.9474383592605591 590 67 609 81
