person 0.6322763562202454 1105 281 1128 305
person 0.25768208503723145 397 437 422 469
person 0.816039502620697 1144 314 1160 337
person 0.5715804100036621 1056 237 1080 255
car 0.9161274433135986 206 367 311 421
car 0.9835000038146973 114 379 185 429
car 0.9902113080024719 135 320 203 359
car 0.9108287692070007 825 244 883 288
car 0.8007038831710815 1021 266 1065 291
car 0.9242043495178223 405 228 474 282
car 0.9225202798843384 727 171 759 191
car 0.9795799255371094 640 156 676 181
car 0.9854355454444885 621 134 651 156
car 0.7775493860244751 661 112 689 132
car 0.643884539604187 1050 479 1130 568
