person 0.6385089755058289 1143 312 1159 337
person 0.9263385534286499 296 228 314 260
car 0.8674204349517822 189 498 309 575
car 0.9430851936340332 174 431 281 497
car 0.9526113867759705 1015 260 1065 292
car 0.8016575574874878 63 332 104 367
car 0.9434263110160828 68 435 141 488
car 0.9682580232620239 514 140 540 168
car 0.9013685584068298 819 204 883 231
car 0.9609974026679993 614 85 635 101
car 0.9774829149246216 562 166 588 197
traffic_light 0.9508112072944641 1166 266 1183 284
traffic_light 0.2795935869216919 493 207 518 235
traffic_light 0.6871756315231323 1105 274 1120 294
