person 0.9322553277015686 274 257 296 288
person 0.9349277019500732 422 210 441 242
person 0.9597456455230713 299 230 316 259
person 0.8149203062057495 1069 239 1083 261
person 0.6382331848144531 1107 280 1132 305
car 0.9856487512588501 602 279 705 333
car 0.9712408185005188 463 346 593 411
car 0.9884582161903381 802 372 906 469
car 0.9657177925109863 932 401 1010 483
car 0.9798583984375 207 371 313 425
car 0.9466460943222046 895 289 969 355
car 0.9819079041481018 193 326 269 370
car 0.9529901146888733 113 381 187 426
car 0.9883361458778381 510 182 540 208
car 0.9955843091011047 584 113 614 145
car 0.9827909469604492 797 247 865 289
car 0.9918157458305359 555 139 582 167
car 0.9957523345947266 594 152 629 182
car 0.9759492874145508 621 132 650 163
car 0.9841620922088623 516 140 539 162
car 0.9929202198982239 641 159 671 183
car 0.8080699443817139 831 567 956 698
car 0.9930309653282166 593 138 621 165
car 0.9924666285514832 676 158 717 184
car 0.9971404075622559 786 367 862 426
traffic_light 0.4946720004081726 1144 311 1160 337
