person 0.750621497631073 1088 382 1114 415
person 0.91791832447052 1070 238 1085 259
person 0.40706995129585266 1140 335 1166 368
person 0.7621378898620605 1106 280 1126 304
car 0.9467850923538208 207 368 311 423
car 0.9747676849365234 595 95 622 115
car 0.9653341770172119 113 379 186 427
car 0.9769432544708252 550 570 692 688
car 0.9940248131752014 620 133 652 156
car 0.6643087863922119 1023 267 1064 291
car 0.9785568118095398 640 158 674 183
car 0.9723297953605652 505 167 540 198
car 0.9701732397079468 658 132 692 154
car 0.9673479199409485 9 404 58 439
car 0.7944572567939758 903 221 946 242
car 0.6522202491760254 1027 450 1115 536
car 0.9455754160881042 705 148 736 169
car 0.9226228594779968 2 444 34 487
traffic_light 0.8315331339836121 970 192 984 215
