person 0.975594699382782 1071 237 1085 257
person 0.6642830967903137 1105 278 1125 304
car 0.9917131662368774 591 92 620 112
car 0.8302145600318909 384 512 531 593
car 0.9746260046958923 113 380 186 428
car 0.9483432173728943 209 368 310 421
car 0.9939314126968384 621 132 651 156
car 0.7900012135505676 1021 266 1066 291
car 0.6273963451385498 1110 359 1144 389
car 0.9767281413078308 658 131 693 153
car 0.9837622046470642 639 157 674 183
car 0.8159080743789673 1 404 22 443
traffic_light 0.698276162147522 1143 312 1158 334
