person 0.6581239104270935 1072 238 1085 260
person 0.926529586315155 936 188 946 216
person 0.9190862774848938 296 229 318 261
person 0.8966193199157715 439 212 454 237
person 0.8430265188217163 420 211 440 239
car 0.9910380840301514 564 181 592 205
car 0.9820860624313354 602 156 637 184
car 0.9928488731384277 555 140 584 166
car 0.9577645659446716 655 136 688 164
car 0.9880475997924805 637 156 666 178
car 0.9535285234451294 1021 287 1122 328
car 0.9819262623786926 642 139 675 168
traffic_light 0.92497318983078 1141 315 1157 338
