person 0.9474127888679504 934 192 947 217
person 0.6764761209487915 1107 280 1126 304
person 0.9516748189926147 1071 238 1085 257
person 0.8786271214485168 274 257 298 286
car 0.9908910393714905 201 367 313 423
car 0.971852719783783 930 359 1021 416
car 0.9805439114570618 175 500 306 573
car 0.9943773150444031 606 107 632 130
car 0.9804936051368713 175 431 282 499
car 0.9763423204421997 572 99 594 117
car 0.98667973279953 111 380 190 430
car 0.7337713837623596 1020 266 1066 293
car 0.8933923244476318 67 435 141 489
motorbike 0.39846646785736084 707 184 748 212
traffic_light 0.7897047400474548 860 187 874 209
traffic_light 0.39980873465538025 1143 312 1162 336
