person 0.5738922953605652 1141 312 1158 335
person 0.6906144618988037 1105 278 1128 306
person 0.9739201664924622 1071 236 1084 256
car 0.9640161395072937 190 498 307 577
car 0.9943361878395081 203 367 312 421
car 0.9843156933784485 175 430 282 499
car 0.9883391857147217 111 379 190 430
car 0.9712968468666077 1005 325 1075 360
car 0.9652820825576782 621 108 647 127
car 0.9490658640861511 68 434 141 489
car 0.4264377951622009 1022 266 1064 295
car 0.9353235363960266 577 70 591 80
car 0.8746840953826904 588 73 604 84
