person 0.5745887160301208 1142 312 1158 335
person 0.5743198990821838 1105 279 1126 304
person 0.9384430050849915 1070 238 1084 259
person 0.8942731618881226 275 257 298 287
car 0.9967237114906311 815 250 901 302
car 0.9198184609413147 189 500 310 576
car 0.9901594519615173 202 368 313 421
car 0.9743621349334717 176 432 283 498
car 0.9785186052322388 571 96 591 113
car 0.9816468358039856 112 380 189 428
car 0.9953617453575134 590 146 622 171
car 0.868314802646637 610 107 632 128
car 0.9815086722373962 670 155 720 183
car 0.9486808776855469 59 396 113 434
car 0.9853078722953796 624 141 663 168
car 0.542036771774292 1023 267 1063 293
car 0.92931067943573 659 182 694 208
