person 0.5627188086509705 1141 313 1157 335
person 0.6489832997322083 1105 279 1125 305
person 0.9128932356834412 275 257 299 286
person 0.9110283851623535 1070 238 1084 259
car 0.9886947274208069 202 368 313 421
car 0.88626629114151 189 501 310 576
car 0.966571569442749 175 432 283 498
car 0.9722414612770081 112 380 190 428
car 0.9883639812469482 573 110 597 127
car 0.9753965139389038 609 110 634 131
car 0.982100784778595 662 135 693 160
car 0.9575767517089844 56 394 114 435
car 0.4129899740219116 1023 267 1062 293
car 0.984591007232666 620 136 650 161
car 0.8832734823226929 1 427 36 473
