person 0.4797697365283966 1142 313 1159 335
person 0.5583420991897583 1104 280 1128 305
person 0.9634643793106079 1070 235 1086 255
car 0.9953359961509705 769 284 868 357
car 0.9919245839118958 203 367 311 422
car 0.9650692939758301 187 499 311 575
car 0.9844006896018982 175 431 283 499
car 0.9574673771858215 637 156 678 191
car 0.9817376732826233 1014 323 1074 356
car 0.9745008945465088 1046 377 1096 411
car 0.6469613313674927 1022 266 1064 294
car 0.8312380313873291 67 434 142 489
car 0.9843142032623291 110 379 191 428
car 0.9702610373497009 596 70 614 82
