person 0.6121782660484314 1106 281 1131 304
person 0.4525049924850464 1144 315 1161 338
person 0.6835898756980896 274 257 299 286
car 0.9412637948989868 207 367 311 423
car 0.9773579835891724 113 380 186 428
car 0.8133522272109985 861 310 945 380
car 0.9707021713256836 165 300 220 329
car 0.718543529510498 1022 267 1064 291
car 0.9929426908493042 620 133 651 157
car 0.971355676651001 639 157 673 182
car 0.5476877689361572 775 169 810 197
car 0.9509589076042175 927 220 980 245
car 0.7785418629646301 941 336 1016 406
car 0.9696797132492065 655 132 692 155
car 0.8259378671646118 1028 300 1075 331
