person 0.6404992938041687 1142 312 1157 336
person 0.6142320036888123 1105 278 1126 304
person 0.940325915813446 1069 240 1084 260
person 0.8970086574554443 274 257 299 287
car 0.9895405173301697 203 367 312 421
car 0.9112668633460999 173 499 310 574
car 0.9719319939613342 175 431 283 498
car 0.9705609679222107 570 89 588 102
car 0.936284601688385 606 111 630 132
car 0.975932240486145 111 379 190 427
car 0.9836147427558899 57 395 113 435
car 0.9778268933296204 657 133 690 155
car 0.4645991027355194 1022 267 1061 293
car 0.9361878037452698 642 156 673 182
car 0.8562957644462585 643 92 660 108
traffic_light 0.9737555384635925 893 184 907 203
