person 0.9407587051391602 1069 238 1084 258
person 0.6438787579536438 1106 280 1129 304
person 0.9023802280426025 1143 313 1159 336
car 0.9904076457023621 229 365 334 422
car 0.9178946614265442 188 498 310 575
car 0.9888529777526855 1041 355 1101 404
car 0.9888096451759338 113 380 192 428
car 0.9619824290275574 176 431 282 499
car 0.9465169906616211 948 225 992 251
car 0.7592614889144897 1019 265 1064 292
car 0.939562976360321 550 98 571 118
car 0.850654125213623 67 435 142 489
car 0.9392834305763245 503 174 539 206
car 0.9716047644615173 2 478 64 559
car 0.8922367095947266 57 395 110 432
