person 0.6249077320098877 1107 281 1129 305
person 0.8400371670722961 274 257 299 287
car 0.9518714547157288 208 367 311 422
car 0.9867979884147644 113 379 186 428
car 0.8277181386947632 848 246 906 285
car 0.9801623821258545 923 220 977 246
car 0.8459923267364502 1019 266 1066 291
car 0.907841682434082 91 308 146 336
car 0.9902874231338501 621 133 650 156
car 0.9736244678497314 639 157 675 182
car 0.9714289903640747 657 131 692 154
car 0.9723852276802063 643 91 668 109
traffic_light 0.41606393456459045 1142 315 1159 336
