person 0.5917016267776489 1144 316 1160 338
person 0.43483683466911316 732 175 756 195
car 0.9826818704605103 686 365 759 468
car 0.9125112295150757 922 384 1007 475
car 0.9577308893203735 208 368 309 423
car 0.9793588519096375 112 380 187 428
car 0.9046655297279358 899 284 965 344
car 0.9865732192993164 639 156 676 182
car 0.9930806756019592 621 133 650 155
car 0.9683710336685181 639 89 668 109
car 0.9789750576019287 670 111 702 135
car 0.5276181101799011 788 187 822 212
car 0.9605250358581543 610 64 636 80
car 0.46702444553375244 1104 279 1133 305
car 0.8654282093048096 1020 266 1066 292
car 0.9723361134529114 502 202 538 226
car 0.964978814125061 1025 299 1078 331
