person 0.929071307182312 423 209 442 244
person 0.9321762323379517 274 257 297 287
person 0.935567319393158 299 231 317 260
person 0.5172061324119568 1105 280 1128 304
person 0.8008092045783997 875 206 889 234
person 0.9976867437362671 62 110 1218 591
car 0.96694016456604 202 367 315 427
car 0.9832571148872375 582 114 615 146
car 0.9221117496490479 621 133 651 168
car 0.9909064769744873 594 151 629 183
car 0.9811457991600037 640 155 672 181
traffic_light 0.9480675458908081 1143 314 1160 339
traffic_light 0.9271248579025269 1071 238 1083 258
traffic_light 0.7726819515228271 882 212 897 240
