person 0.49927690625190735 1145 312 1159 334
person 0.9702228903770447 1071 236 1085 255
person 0.4895239770412445 1105 278 1126 306
car 0.9931164979934692 203 367 312 420
car 0.9424352049827576 188 498 309 575
car 0.9081657528877258 1069 324 1126 361
car 0.9740685224533081 175 431 282 498
car 0.9650273323059082 700 235 773 293
car 0.9871576428413391 112 380 190 430
car 0.8589580059051514 1019 266 1065 293
car 0.9373602271080017 643 130 673 151
car 0.9389135837554932 68 435 141 489
car 0.9243929386138916 574 74 588 86
car 0.9878399968147278 592 84 614 98
traffic_light 0.8274291157722473 860 187 875 208
