person 0.8797950148582458 1071 238 1085 258
car 0.9738144278526306 208 367 311 423
car 0.9836817979812622 112 380 187 428
car 0.8941515684127808 731 171 766 194
car 0.99208003282547 639 157 674 182
car 0.9877124428749084 658 133 691 154
car 0.5344832539558411 1115 360 1156 394
car 0.9937485456466675 621 133 651 156
car 0.7144222855567932 1021 267 1063 292
car 0.4508097767829895 256 494 393 565
car 0.991168737411499 590 85 617 102
car 0.9606067538261414 930 227 978 249
car 0.9136043190956116 645 93 668 111
truck 0.4354516565799713 256 499 395 578
traffic_light 0.8966156840324402 1142 313 1158 334
