person 0.9859945774078369 367 562 389 590
person 0.5607773661613464 1106 280 1128 304
person 0.8291137218475342 372 504 397 535
person 0.8729917407035828 389 501 412 539
car 0.9482136368751526 208 367 312 422
car 0.969755232334137 113 379 187 428
car 0.9707623720169067 237 280 313 316
car 0.8093162178993225 1022 266 1064 291
car 0.9939557909965515 620 132 651 157
car 0.862922728061676 953 229 991 249
car 0.9627393484115601 660 119 690 141
car 0.9706727266311646 639 156 676 182
motorbike 0.6522290706634521 21 350 51 381
motorbike 0.8406712412834167 1134 328 1166 357
traffic_light 0.7489228248596191 848 238 887 270
traffic_light 0.8761918544769287 860 253 890 275
