person 0.9421660900115967 892 212 908 240
person 0.9384519457817078 1072 238 1085 258
person 0.3380586504936218 759 193 786 214
person 0.8209773898124695 423 211 442 241
person 0.5870058536529541 1106 280 1128 304
person 0.902983546257019 275 257 299 288
car 0.9727502465248108 207 367 311 423
car 0.9851068258285522 557 178 590 207
car 0.95664381980896 900 355 980 431
car 0.9893378019332886 642 156 673 181
car 0.9592942595481873 585 112 616 143
car 0.9782592058181763 116 376 187 428
car 0.9828542470932007 31 328 76 356
car 0.9580371975898743 621 134 648 162
car 0.9742550849914551 558 166 586 193
car 0.5092304348945618 691 133 717 152
car 0.9945375323295593 133 337 202 376
car 0.7921168208122253 1021 266 1064 293
car 0.9932641983032227 597 155 627 180
car 0.8287063241004944 513 186 537 213
car 0.8891765475273132 617 70 638 84
car 0.9869726300239563 592 139 622 165
car 0.9814212918281555 680 157 718 181
traffic_light 0.6267635226249695 1144 315 1159 338
