person 0.6347519159317017 1144 312 1159 337
person 0.9351158142089844 297 229 316 261
car 0.9967485666275024 559 272 656 333
car 0.8946770429611206 188 497 310 576
car 0.9424571990966797 1019 265 1068 295
car 0.8966494798660278 173 432 282 498
car 0.9856321811676025 564 178 592 204
car 0.9078097939491272 67 435 141 488
car 0.8891999125480652 820 205 881 232
car 0.9436197876930237 132 313 182 348
car 0.9823904037475586 512 131 541 157
car 0.684078574180603 509 185 533 213
traffic_light 0.6585534811019897 1106 274 1120 294
traffic_light 0.6738665103912354 725 168 755 196
