person 0.7815371155738831 1144 311 1160 337
car 0.9738374948501587 409 325 511 384
car 0.9399904012680054 173 432 282 497
car 0.8000683784484863 187 497 311 576
car 0.9672483205795288 1017 265 1069 295
car 0.9925633072853088 781 472 869 574
car 0.9909476637840271 563 177 591 205
car 0.8612038493156433 822 207 881 232
car 0.9732455611228943 516 119 542 145
car 0.8669585585594177 68 433 140 490
car 0.9956282377243042 207 294 278 334
car 0.969563364982605 595 74 615 87
traffic_light 0.7676907777786255 719 210 742 240
traffic_light 0.7442872524261475 1106 272 1121 294
