person 0.870176374912262 1071 235 1085 255
person 0.4005358815193176 1105 279 1126 305
car 0.9685483574867249 207 368 311 421
car 0.9941160678863525 329 255 399 301
car 0.979903519153595 113 381 187 428
car 0.9812971353530884 599 98 625 119
car 0.9774921536445618 54 397 116 435
car 0.7451725006103516 1021 267 1066 291
car 0.5273320078849792 960 355 1035 425
car 0.9927874207496643 620 135 651 158
car 0.9680048227310181 641 159 673 182
car 0.9750828146934509 659 133 692 152
car 0.9410501718521118 81 435 157 498
motorbike 0.21816277503967285 773 166 808 195
traffic_light 0.484697550535202 1141 313 1158 335
