person 0.6695457696914673 1143 313 1158 335
person 0.9346586465835571 1070 238 1084 258
person 0.7267431020736694 1106 280 1125 304
car 0.9756999015808105 206 367 313 423
car 0.9584396481513977 110 437 196 496
car 0.9922255277633667 219 279 300 322
car 0.9880450367927551 112 381 188 427
car 0.9868398904800415 56 396 115 435
car 0.5314583778381348 1024 267 1064 292
car 0.985592782497406 639 157 674 183
car 0.5044126510620117 752 190 786 215
car 0.9931632280349731 620 134 650 157
car 0.9805049300193787 658 133 691 153
car 0.982894241809845 598 98 625 119
traffic_light 0.7326663732528687 852 235 889 270
traffic_light 0.820804238319397 935 188 950 209
