person 0.9514665603637695 274 256 297 287
person 0.8637710213661194 423 210 440 242
person 0.7645301222801208 1144 313 1160 338
person 0.9328497052192688 299 229 318 258
person 0.5578593611717224 1106 280 1132 305
car 0.9847914576530457 627 416 777 519
car 0.9870513677597046 726 328 834 400
car 0.9599539041519165 205 368 313 425
car 0.9972395896911621 862 322 932 381
car 0.9934852719306946 351 314 439 360
car 0.9855755567550659 110 383 176 429
car 0.9235470294952393 906 487 1004 610
car 0.9591526389122009 986 396 1072 483
car 0.9613333344459534 510 179 539 208
car 0.9956672191619873 586 114 614 145
car 0.9630188941955566 1002 501 1088 600
car 0.9953367114067078 593 150 632 182
car 0.9928513765335083 639 157 671 182
car 0.9957699179649353 594 137 623 164
car 0.9702854752540588 621 132 650 165
car 0.9814049601554871 549 129 577 155
traffic_light 0.7987925410270691 1148 267 1173 286
traffic_light 0.8199591636657715 1071 239 1084 261
