person 0.46510130167007446 1105 280 1130 304
person 0.6953790783882141 1142 313 1159 334
person 0.9308561086654663 273 258 299 286
person 0.6148234605789185 389 411 416 444
person 0.9239197969436646 297 230 315 256
person 0.6410410404205322 374 457 395 486
car 0.9239109754562378 927 378 1004 458
car 0.9701429605484009 207 368 312 419
car 0.9802170395851135 113 379 188 428
car 0.9870797991752625 226 298 302 346
car 0.9916297793388367 612 93 637 111
car 0.8030399084091187 1022 267 1066 291
car 0.98252272605896 640 157 675 182
car 0.9943605065345764 622 133 650 156
car 0.9761318564414978 679 157 718 182
car 0.8147679567337036 1028 302 1070 329
