person 0.9549408555030823 367 241 383 271
person 0.8583694100379944 1071 238 1085 257
person 0.5109285712242126 1106 279 1130 304
person 0.8836677074432373 297 229 315 258
person 0.8076739311218262 275 258 298 287
car 0.9334999322891235 208 368 310 420
car 0.974790096282959 114 381 186 428
car 0.9875304698944092 640 157 673 182
car 0.943394660949707 421 229 497 282
car 0.9949894547462463 621 132 651 155
car 0.8169017434120178 1019 267 1065 292
car 0.8150971531867981 508 179 537 209
car 0.9694450497627258 590 76 610 90
car 0.9891703724861145 679 158 718 183
car 0.9835583567619324 974 455 1059 540
car 0.9388592839241028 676 114 713 133
car 0.2187514752149582 754 191 787 215
traffic_light 0.6007403135299683 1143 316 1161 338
