person 0.8034983277320862 1142 312 1159 335
person 0.5465031266212463 1106 279 1126 303
person 0.9453746676445007 1071 237 1085 256
car 0.9964609742164612 749 257 848 331
car 0.9935137033462524 204 367 310 421
car 0.9635803699493408 177 501 305 572
car 0.9943285584449768 635 109 662 130
car 0.9865765571594238 547 106 575 129
car 0.9743661880493164 175 431 282 500
car 0.7890297174453735 1020 267 1066 292
car 0.987490713596344 111 380 188 429
car 0.9655812978744507 1076 367 1128 407
car 0.7658240795135498 575 62 590 74
car 0.8946597576141357 67 434 141 490
car 0.9106496572494507 1029 301 1072 330
car 0.9467259049415588 56 395 112 433
