person 0.7494292855262756 1106 279 1126 305
person 0.8285385370254517 274 258 299 286
person 0.9450452327728271 1070 238 1085 257
car 0.9630944132804871 132 492 238 561
car 0.9723774790763855 150 433 256 499
car 0.9884046316146851 205 368 311 419
car 0.9893324375152588 60 330 101 362
car 0.9878873825073242 112 380 189 428
car 0.9799444675445557 56 396 114 435
car 0.45725926756858826 1024 267 1063 292
car 0.9866541028022766 621 135 649 159
car 0.98531174659729 607 110 633 134
car 0.9762579798698425 640 156 675 183
car 0.9604435563087463 662 131 695 154
traffic_light 0.9520193338394165 915 188 928 209
traffic_light 0.5405535101890564 1142 312 1159 336
