person 0.9611139297485352 1071 238 1085 258
person 0.5188608169555664 1105 281 1128 304
car 0.6651365160942078 909 374 985 465
car 0.9707098007202148 207 367 312 422
car 0.9830659627914429 113 379 186 428
car 0.9923662543296814 588 85 614 103
car 0.7967695593833923 1020 267 1063 292
car 0.9965313076972961 619 133 652 157
car 0.5056325793266296 258 494 394 566
car 0.9855933785438538 640 158 674 183
car 0.9622470736503601 658 133 692 155
car 0.5465288758277893 1152 349 1179 375
car 0.9654411673545837 919 222 969 244
car 0.9807015061378479 679 157 721 180
car 0.8336734175682068 1029 303 1071 329
truck 0.5603684782981873 259 498 394 578
traffic_light 0.5797234177589417 1141 313 1160 333
