person 0.878350019454956 273 258 298 286
person 0.9212419390678406 1071 237 1086 255
car 0.9925211071968079 203 367 312 423
car 0.9913719892501831 685 216 754 272
car 0.9581994414329529 187 499 312 574
car 0.9938092827796936 617 89 642 107
car 0.9556530714035034 996 366 1064 416
car 0.9765874743461609 175 430 283 500
car 0.8447222709655762 1019 266 1064 292
car 0.9889137148857117 111 381 190 428
car 0.983953058719635 546 86 566 103
car 0.5462725162506104 1133 309 1162 334
car 0.7997912168502808 66 434 143 491
car 0.9552302956581116 572 62 588 72
car 0.963821530342102 1026 300 1075 331
car 0.6579640507698059 1150 351 1181 378
traffic_light 0.3865702152252197 1103 278 1131 305
