27213,0.027781009674072266
26961,0.023700714111328125
26978,0.02466726303100586
27063,0.025816917419433594
26544,0.03983736038208008
27033,0.031804561614990234
27035,0.0288541316986084
27010,0.0289609432220459
27015,0.02943706512451172
27042,0.03303194046020508
27067,0.020725011825561523
27099,0.020711183547973633
27081,0.023142576217651367
27051,0.03151345252990723
27069,0.027586936950683594
27108,0.026889801025390625
27019,0.021729230880737305
27152,0.031743764877319336
27210,0.027390480041503906
26708,0.028256654739379883
26730,0.019307613372802734
26913,0.025830984115600586
27012,0.03367495536804199
27076,0.02283167839050293
27066,0.02139568328857422
27081,0.023924827575683594
27076,0.018793106079101562
27084,0.01814866065979004
27102,0.02014756202697754
26929,0.030801057815551758
26265,0.031137704849243164
26987,0.021132707595825195
26700,0.019368648529052734
27027,0.025928735733032227
27056,0.028137922286987305
26941,0.02369976043701172
26983,0.030011415481567383
27032,0.019234895706176758
27040,0.030369997024536133
26956,0.023694992065429688
27022,0.019515037536621094
26962,0.026396751403808594
26982,0.026116132736206055
26882,0.025270938873291016
26953,0.01945662498474121
26977,0.02458333969116211
26947,0.026149272918701172
26972,0.024764060974121094
27029,0.02309560775756836
27019,0.01970958709716797
27059,0.03167319297790527
27213,0.06759285926818848
26638,0.022150516510009766
26778,0.0314178466796875
26792,0.019032955169677734
26991,0.025553226470947266
27013,0.036249637603759766
27059,0.02081131935119629
27028,0.018648386001586914
27011,0.02562737464904785
26898,0.03063178062438965
26976,0.02630305290222168
26929,0.02256321907043457
26817,0.0230710506439209
26897,0.022555112838745117
26918,0.021044254302978516
26857,0.017031431198120117
26779,0.026297807693481445
26573,0.025520801544189453
26766,0.01999497413635254
26121,0.023059844970703125
26967,0.017668724060058594
26988,0.02658367156982422
26991,0.021923303604125977
27111,0.018459558486938477
27105,0.019336462020874023
27143,0.024190425872802734
27264,0.020424365997314453
24172,0.020626544952392578
27263,0.023070096969604492
27003,0.021485567092895508
26511,0.01810479164123535
26067,0.02278614044189453
26843,0.03127145767211914
27049,0.01905202865600586
26381,0.0167081356048584
27143,0.02518916130065918
27038,0.024069786071777344
27059,0.019563674926757812
26238,0.027007579803466797
27006,0.020732879638671875
26994,0.022238731384277344
26655,0.026921749114990234
27030,0.021419048309326172
27061,0.03382444381713867
27059,0.020757198333740234
27010,0.025270938873291016
26104,0.025124549865722656
26856,0.02055811882019043
26714,0.02000737190246582
26935,0.018361330032348633
27051,0.027269363403320312
27017,0.029642820358276367
27020,0.02497553825378418
27073,0.025247573852539062
26973,0.020209312438964844
26990,0.03155231475830078
26997,0.020435094833374023
27007,0.02194499969482422
27001,0.019098997116088867
26992,0.02654719352722168
26990,0.01948261260986328
26923,0.02608203887939453
26871,0.026240825653076172
26885,0.02527928352355957
26931,0.017695903778076172
26976,0.03322315216064453
26922,0.026242733001708984
26949,0.025112628936767578
26929,0.027810335159301758
26619,0.021422624588012695
23555,0.02755427360534668
23557,0.0176849365234375
23775,0.022874832153320312
23659,0.022446393966674805
23631,0.03233504295349121
26637,0.028199195861816406
26626,0.02744317054748535
23568,0.03397560119628906
23620,0.020417213439941406
26352,0.025115966796875
26283,0.02056407928466797
26409,0.020659446716308594
26618,0.023574113845825195
23566,0.02755260467529297
23625,0.030285358428955078
23664,0.018139123916625977
23620,0.023868799209594727
23630,0.01891350746154785
23590,0.023557186126708984
23613,0.029095172882080078
23631,0.02166438102722168
23636,0.026526927947998047
23626,0.022809743881225586
23649,0.02634406089782715
23635,0.023900270462036133
23658,0.020528078079223633
23654,0.01984405517578125
23640,0.02410101890563965
23615,0.024726390838623047
23636,0.021722078323364258
23580,0.022049427032470703
23660,0.020246505737304688
23665,0.022493600845336914
23610,0.020427703857421875
23571,0.027733325958251953
23577,0.027884960174560547
26630,0.026099681854248047
23567,0.02579641342163086
26597,0.03294110298156738
23553,0.015878915786743164
23597,0.02504754066467285
23611,0.02337956428527832
23615,0.026088953018188477
23625,0.02669692039489746
23577,0.02201390266418457
23604,0.020871877670288086
23636,0.028476953506469727
23605,0.0222775936126709
23554,0.032824039459228516
26610,0.02804112434387207
26610,0.021327972412109375
26614,0.022522926330566406
23558,0.018784523010253906
26604,0.020525693893432617
26543,0.024221181869506836
26588,0.021712779998779297
26600,0.027741670608520508
26575,0.022773027420043945
26520,0.025797367095947266
23569,0.019397974014282227
23548,0.022976398468017578
26583,0.02065587043762207
26595,0.0293886661529541
26611,0.027207374572753906
23559,0.02538609504699707
23571,0.022753238677978516
23569,0.02628302574157715
23559,0.028331995010375977
23552,0.023543119430541992
26567,0.030524253845214844
26544,0.03038763999938965
26599,0.025693416595458984
23530,0.0310819149017334
26228,0.02412247657775879
26164,0.023461341857910156
26238,0.024367332458496094
23426,0.018107891082763672
23557,0.025566577911376953
26296,0.0283966064453125
26173,0.023060083389282227
26315,0.019600391387939453
26481,0.025382041931152344
23671,0.023427486419677734
23597,0.019572973251342773
23612,0.022148609161376953
26632,0.027665138244628906
26677,0.020471572875976562
26652,0.021396875381469727
26611,0.020095109939575195
26647,0.021291732788085938
26669,0.02579045295715332
26636,0.03177785873413086
26611,0.028908729553222656
26622,0.0224606990814209
26642,0.021675825119018555
26641,0.0346376895904541
26662,0.02783513069152832
26625,0.030026912689208984
26658,0.028220176696777344
26653,0.02804088592529297
26612,0.02312779426574707
26632,0.0221865177154541
26634,0.030540943145751953
26447,0.027240753173828125
26365,0.02112722396850586
26256,0.02583456039428711
26572,0.023761272430419922
26638,0.03466224670410156
26689,0.0260469913482666
25687,0.03457379341125488
25759,0.11404299736022949
25747,0.11283445358276367
25699,0.1160581111907959
25711,0.09731531143188477
25666,0.09999322891235352
25841,0.09314990043640137
25841,0.09314990043640137
25858,0.12023520469665527
25845,0.09758615493774414
25879,0.10705780982971191
25879,0.10705780982971191
24466,0.10399508476257324
28050,0.10941410064697266
28050,0.10941410064697266
24282,0.09712004661560059
24330,0.10814261436462402
24304,0.11192584037780762
24342,0.11927223205566406
27403,0.11402463912963867
27098,0.0962209701538086
27246,0.11514472961425781
24278,0.11687970161437988
24320,0.08191585540771484
27274,0.09361958503723145
27321,0.09954333305358887
27338,0.1164696216583252
27093,0.10121512413024902
27186,0.12124443054199219
24211,0.1015625
24271,0.09366941452026367
24291,0.10889625549316406
24315,0.1218729019165039
24237,0.11759233474731445
24297,0.09584403038024902
24350,0.09687471389770508
24326,0.09462738037109375
24324,0.09285116195678711
24365,0.11549496650695801
27309,0.09238457679748535
27241,0.09276413917541504
27244,0.11819338798522949
27283,0.09980988502502441
27303,0.11411285400390625
24155,0.092864990234375
24230,0.0931246280670166
24256,0.11062264442443848
24285,0.09238791465759277
24236,0.11610102653503418
24272,0.11127877235412598
24335,0.1127009391784668
24332,0.09329509735107422
24332,0.11408376693725586
24258,0.09141755104064941
24146,0.09559249877929688
24213,0.11081600189208984
24260,0.09369540214538574
24266,0.1109926700592041
24181,0.1241292953491211
24252,0.11386322975158691
24248,0.12192630767822266
24197,0.10503220558166504
24237,0.09808850288391113
24251,0.11707401275634766
24201,0.09990453720092773
24202,0.11652636528015137
24281,0.09567475318908691
24330,0.10307669639587402
27211,0.11237287521362305
26955,0.09775495529174805
27129,0.11249518394470215
27008,0.11579275131225586
26874,0.11883974075317383
26666,0.11580467224121094
26608,0.11742711067199707
26601,0.11528682708740234
26724,0.09195518493652344
26736,0.09403395652770996
26864,0.09641242027282715
27066,0.09578514099121094
27164,0.11984491348266602
27119,0.09434342384338379
27218,0.1114497184753418
27017,0.09953570365905762
27226,0.11358952522277832
24278,0.09476661682128906
24293,0.11454010009765625
24303,0.1154935359954834
24239,0.11226534843444824
27345,0.09562921524047852
27388,0.09824371337890625
27362,0.1183462142944336
24241,0.10750436782836914
24257,0.09998464584350586
24214,0.0941464900970459
24198,0.11115622520446777
24244,0.11997389793395996
24234,0.09536504745483398
24251,0.11728715896606445
24224,0.09827923774719238
27372,0.11389899253845215
26658,0.11295080184936523
26652,0.09667539596557617
26716,0.11859893798828125
26658,0.13089823722839355
26636,0.09648799896240234
26668,0.0948636531829834
26639,0.09987497329711914
27940,0.09537911415100098
27960,0.11403942108154297
27990,0.10848331451416016
27947,0.1096036434173584
27998,0.12104535102844238
27964,0.11955547332763672
28009,0.11939573287963867
28058,0.09194731712341309
27984,0.12063479423522949
28105,0.09128093719482422
28067,0.10085558891296387
27884,0.0985560417175293
27965,0.10513734817504883
27976,0.1103057861328125
28032,0.11684894561767578
28038,0.10055112838745117
25803,0.07160019874572754
25675,0.1146242618560791
25480,0.09370303153991699
25480,0.09370303153991699
23610,0.09535384178161621
23569,0.0889892578125
23519,0.09381771087646484
23490,0.1096031665802002
23555,0.09394645690917969
23547,0.09950590133666992
23528,0.09514188766479492
23547,0.09205079078674316
23465,0.09560990333557129
26092,0.09531116485595703
23433,0.09997034072875977
26477,0.12111496925354004
26234,0.10277795791625977
26234,0.10277795791625977
26301,0.11459469795227051
26368,0.0939171314239502
26421,0.09846806526184082
26391,0.11352300643920898
26312,0.11714696884155273
26300,0.11940193176269531
26328,0.11099767684936523
26248,0.09019041061401367
26248,0.09788131713867188
26357,0.06879186630249023
26321,0.09380817413330078
26262,0.09847569465637207
26322,0.09746456146240234
26326,0.10709166526794434
26376,0.09801673889160156
26291,0.07007861137390137
26287,0.10734915733337402
26248,0.11998629570007324
26165,0.09454536437988281
26160,0.11825966835021973
26188,0.0830080509185791
26315,0.10255742073059082
26371,0.09887170791625977
26164,0.11443924903869629
26367,0.11185884475708008
26363,0.09693074226379395
25951,0.11035752296447754
25951,0.11035752296447754
24622,0.09414339065551758
24622,0.09414339065551758
24746,0.12375545501708984
24336,0.09336733818054199
24049,0.09321427345275879
23828,0.12083220481872559
24572,0.09397721290588379
24247,0.09275698661804199
24013,0.09387540817260742
24599,0.09481072425842285
24619,0.09852409362792969
24614,0.07281064987182617
24591,0.10243582725524902
24619,0.09088611602783203
24635,0.0993661880493164
24613,0.09331750869750977
24617,0.09518122673034668
24573,0.09710812568664551
24570,0.09452128410339355
24607,0.09438347816467285
25558,0.10286760330200195
25548,0.09808683395385742
25601,0.11814427375793457
25477,0.08886122703552246
25005,0.11624741554260254
24902,0.11599516868591309
24836,0.09554028511047363
24937,0.09168052673339844
24906,0.11318588256835938
25170,0.11936092376708984
25334,0.09353256225585938
25712,0.09825849533081055
25554,0.10317587852478027
25353,0.10420370101928711
25315,0.09308290481567383
25250,0.11573243141174316
25111,0.11491823196411133
25175,0.09864187240600586
25718,0.07885122299194336
25446,0.09564566612243652
25538,0.09319519996643066
25479,0.11385941505432129
25513,0.08891797065734863
25563,0.10161614418029785
25531,0.11370563507080078
25472,0.1073000431060791
25476,0.11897611618041992
25503,0.09390830993652344
25497,0.12014961242675781
25514,0.11371135711669922
25527,0.09394121170043945
25584,0.10075902938842773
25384,0.11239790916442871
25374,0.09429216384887695
25127,0.0921480655670166
25400,0.09979677200317383
25392,0.09374165534973145
25278,0.09288477897644043
25218,0.09241533279418945
25241,0.10478591918945312
25663,0.12169170379638672
25490,0.12256240844726562
25519,0.0895848274230957
25524,0.09690380096435547
25518,0.12134146690368652
25389,0.09147286415100098
25346,0.09165763854980469
25260,0.09607982635498047
25495,0.0954430103302002
25465,0.07644224166870117
25484,0.0947408676147461
25478,0.11510300636291504
25436,0.09489274024963379
25361,0.09889459609985352
25223,0.11038446426391602
25470,0.11847686767578125
25489,0.10631084442138672
25535,0.09295868873596191
25521,0.0902097225189209
25522,0.10538816452026367
25523,0.11089801788330078
25571,0.09051370620727539
25531,0.08704972267150879
25600,0.09241294860839844
25614,0.09705829620361328
25412,0.11580991744995117
25417,0.08881020545959473
25433,0.08983373641967773
25386,0.10878729820251465
25395,0.09846997261047363
25182,0.0961618423461914
25362,0.11159205436706543
25460,0.09146809577941895
25170,0.06322193145751953
25141,0.09541749954223633
25122,0.09167933464050293
25255,0.11958169937133789
25380,0.09497904777526855
25357,0.11313986778259277
25351,0.08904790878295898
25473,0.1154932975769043
25528,0.11297011375427246
25501,0.11315441131591797
25432,0.09427094459533691
25468,0.11673641204833984
25418,0.11695528030395508
25426,0.11564111709594727
25459,0.09193634986877441
25473,0.0715169906616211
25513,0.09888768196105957
25541,0.11315083503723145
25506,0.11704874038696289
25478,0.10216164588928223
25473,0.0861501693725586
25561,0.11226916313171387
25537,0.11639904975891113
25499,0.12190723419189453
25237,0.09852218627929688
25575,0.11177277565002441
25544,0.11183547973632812
25242,0.0959165096282959
25003,0.1120762825012207
25003,0.1120762825012207
24647,0.11894536018371582
24421,0.12398362159729004
24538,0.10325741767883301
24746,0.10498476028442383
24382,0.0914158821105957
27294,0.12368035316467285
24869,0.11795234680175781
24739,0.09401607513427734
24457,0.09422016143798828
24906,0.09026479721069336
24402,0.09218358993530273
26946,0.10404157638549805
24641,0.11463713645935059
24734,0.09016108512878418
24921,0.1184549331665039
24738,0.09550857543945312
27433,0.08997559547424316
24615,0.09186840057373047
24782,0.11227750778198242
24450,0.09608650207519531
26930,0.11371064186096191
24531,0.09211087226867676
24555,0.09575963020324707
24533,0.0948629379272461
24554,0.09038686752319336
24565,0.12105846405029297
24586,0.09127473831176758
24534,0.08922195434570312
24563,0.08282709121704102
24633,0.09718036651611328
24700,0.09332633018493652
24745,0.0624699592590332
24665,0.10899662971496582
27527,0.09426307678222656
24574,0.11064314842224121
24587,0.09573554992675781
24588,0.12071752548217773
24549,0.11654782295227051
24540,0.1128542423248291
24577,0.11232447624206543
24550,0.08511090278625488
24586,0.09451103210449219
24503,0.11879968643188477
24548,0.09331655502319336
24476,0.09352970123291016
24574,0.08978509902954102
24580,0.10123682022094727
24646,0.06817078590393066
24610,0.11297225952148438
24569,0.09669280052185059
24591,0.09297060966491699
24634,0.09558463096618652
24631,0.11295819282531738
24601,0.09973526000976562
24614,0.07189345359802246
24634,0.10251760482788086
24646,0.11312413215637207
24748,0.09411740303039551
24917,0.11770272254943848
24765,0.11288619041442871
27120,0.11284136772155762
24768,0.11336636543273926
26975,0.11346220970153809
24509,0.09559440612792969
24660,0.09174346923828125
24665,0.09542107582092285
24613,0.095306396484375
24621,0.09477353096008301
24621,0.12031412124633789
24621,0.12031412124633789
25675,0.11953067779541016
25629,0.09456658363342285
25624,0.1125791072845459
25570,0.12072277069091797
25537,0.10563802719116211
25197,0.09500002861022949
25831,0.09277486801147461
