27153,0.03528404235839844
26632,0.018881797790527344
26672,0.023331403732299805
26358,0.016257047653198242
25270,0.025588274002075195
26614,0.026352643966674805
26558,0.02136516571044922
26597,0.026532649993896484
26575,0.019307613372802734
26590,0.02564215660095215
26589,0.021490097045898438
26577,0.0325169563293457
26642,0.026180744171142578
26626,0.029614925384521484
26685,0.02468395233154297
26787,0.02128291130065918
26739,0.025853395462036133
26904,0.029410600662231445
26994,0.020364999771118164
26273,0.041669607162475586
26009,0.027616024017333984
26408,0.01866292953491211
26620,0.03112196922302246
26747,0.0198976993560791
26666,0.02958512306213379
26804,0.03078317642211914
26786,0.033949851989746094
26796,0.025315284729003906
26797,0.029783248901367188
26334,0.02557849884033203
24933,0.02371525764465332
26478,0.017238140106201172
25716,0.025345563888549805
26795,0.022710084915161133
26920,0.025969743728637695
26691,0.025360107421875
26602,0.016175508499145508
26719,0.016435861587524414
26724,0.02007436752319336
26676,0.02585124969482422
26765,0.026282548904418945
26775,0.02042984962463379
26787,0.02107691764831543
26583,0.028318405151367188
26663,0.031132221221923828
26772,0.023755550384521484
26701,0.02221989631652832
26717,0.021036624908447266
26843,0.029932498931884766
26854,0.01949453353881836
26953,0.0239105224609375
27067,0.0183866024017334
26466,0.019629716873168945
26150,0.022472858428955078
26358,0.016899585723876953
26669,0.027297019958496094
26681,0.03630876541137695
26734,0.04673504829406738
26745,0.020895957946777344
26714,0.025281429290771484
26626,0.031339168548583984
26653,0.024782896041870117
26636,0.022441387176513672
26591,0.028992891311645508
26607,0.020394325256347656
26646,0.02489948272705078
26621,0.015780210494995117
26513,0.021500825881958008
26242,0.018986225128173828
26421,0.021263599395751953
25430,0.020033836364746094
26439,0.026169300079345703
26761,0.026189327239990234
26759,0.021409034729003906
26808,0.021845340728759766
26895,0.019282817840576172
26979,0.024346590042114258
27064,0.0306856632232666
27257,0.02950882911682129
26968,0.017925739288330078
26422,0.02011728286743164
25522,0.03038763999938965
25502,0.021052837371826172
26422,0.020493507385253906
26083,0.02196955680847168
25262,0.024851322174072266
26839,0.021297216415405273
26478,0.028311729431152344
26039,0.021247148513793945
25190,0.023904085159301758
26852,0.0283510684967041
26437,0.02831888198852539
25702,0.019853830337524414
26801,0.024521827697753906
26745,0.021642208099365234
26655,0.03281521797180176
26138,0.02060699462890625
24858,0.024508953094482422
26616,0.01935744285583496
26300,0.02172994613647461
26075,0.021811723709106445
26744,0.025288820266723633
26724,0.029286861419677734
26685,0.025370121002197266
26755,0.02429795265197754
26674,0.0319979190826416
26704,0.03434443473815918
26669,0.020560503005981445
26650,0.028810501098632812
26689,0.019912242889404297
26720,0.025652170181274414
26759,0.022389650344848633
26638,0.018677234649658203
26641,0.027903079986572266
26602,0.020682573318481445
26659,0.030733823776245117
26689,0.027066707611083984
26611,0.02503037452697754
26621,0.02401137351989746
26703,0.02529144287109375
23829,0.021792173385620117
23815,0.03260397911071777
23793,0.0210416316986084
24163,0.031206846237182617
23952,0.020630836486816406
23949,0.028683185577392578
23805,0.019942045211791992
23808,0.024031877517700195
23814,0.03038954734802246
24018,0.022312402725219727
23540,0.02744770050048828
23527,0.01952075958251953
23654,0.021317481994628906
23807,0.029727697372436523
23890,0.020772218704223633
23961,0.022284507751464844
24017,0.029451370239257812
23960,0.018445968627929688
23947,0.02085590362548828
23890,0.018016338348388672
23914,0.025292634963989258
23977,0.022383928298950195
23946,0.02427363395690918
23931,0.018924474716186523
23938,0.021909713745117188
23863,0.029385089874267578
23902,0.02644205093383789
23915,0.022180557250976562
23914,0.028671979904174805
23895,0.020774364471435547
23884,0.02055978775024414
23904,0.018680334091186523
23916,0.031890153884887695
23960,0.027551889419555664
23851,0.028010129928588867
23799,0.019366979598999023
23805,0.03727364540100098
23781,0.02024698257446289
23762,0.023537158966064453
23699,0.02813553810119629
23777,0.02378702163696289
23846,0.023683786392211914
23844,0.02340555191040039
23842,0.0215909481048584
23819,0.020845890045166016
23839,0.0221099853515625
23784,0.02139735221862793
23831,0.026006221771240234
23844,0.02101731300354004
23807,0.03289675712585449
23794,0.02411508560180664
23763,0.01934218406677246
23749,0.02367568016052246
23790,0.015460491180419922
23773,0.019912004470825195
23811,0.021643638610839844
23782,0.026686668395996094
23753,0.02402329444885254
23722,0.017547607421875
23705,0.018616199493408203
23794,0.022672653198242188
23774,0.027925491333007812
23731,0.024675607681274414
23724,0.03558754920959473
23817,0.016706466674804688
23888,0.021148204803466797
23837,0.02681875228881836
23855,0.026618003845214844
23840,0.024044275283813477
23809,0.02963399887084961
23783,0.02202749252319336
23728,0.02461719512939453
23806,0.023485422134399414
23896,0.026156187057495117
26327,0.01942896842956543
26464,0.02295231819152832
26423,0.01905226707458496
23902,0.022039413452148438
23872,0.021643638610839844
26474,0.02289605140686035
26495,0.019016027450561523
26539,0.02244114875793457
23702,0.022228240966796875
24084,0.0284574031829834
23800,0.022272586822509766
23769,0.018308401107788086
24901,0.03264927864074707
24852,0.029717206954956055
24893,0.01915717124938965
24749,0.019269943237304688
24812,0.02282547950744629
24837,0.02793574333190918
24890,0.026722431182861328
24835,0.026852846145629883
24876,0.025600194931030273
24885,0.02941274642944336
24881,0.01868891716003418
24914,0.02869558334350586
24906,0.019969701766967773
24901,0.022038936614990234
24893,0.027544736862182617
24883,0.0305330753326416
24905,0.021862506866455078
24875,0.02901911735534668
24477,0.035207509994506836
24314,0.03487682342529297
24628,0.01876974105834961
24729,0.020172119140625
24830,0.02327752113342285
24955,0.02483654022216797
25659,0.022304296493530273
28795,0.12083673477172852
28760,0.09605979919433594
28755,0.0933220386505127
28728,0.10031723976135254
28715,0.09805965423583984
26521,0.09205126762390137
26521,0.09205126762390137
26529,0.09962344169616699
26581,0.1150369644165039
26594,0.09475493431091309
25023,0.11438941955566406
25023,0.11438941955566406
27391,0.09356331825256348
28031,0.11251568794250488
28031,0.11251568794250488
27979,0.1220247745513916
27925,0.07961559295654297
27926,0.07921481132507324
27915,0.09901237487792969
27830,0.0820612907409668
27790,0.11991024017333984
27989,0.11558008193969727
27883,0.07863116264343262
27732,0.11121535301208496
27757,0.11899185180664062
27836,0.11464691162109375
27814,0.09597253799438477
27922,0.1112985610961914
28124,0.10441875457763672
28060,0.1090245246887207
27997,0.09976696968078613
28079,0.1152186393737793
28083,0.09353423118591309
28158,0.08573460578918457
28106,0.11710476875305176
28060,0.08805727958679199
27974,0.12363529205322266
27986,0.0871434211730957
27771,0.11595749855041504
27823,0.09226512908935547
27891,0.09131336212158203
27964,0.08376264572143555
28013,0.07911157608032227
28058,0.08449530601501465
28015,0.0925147533416748
28136,0.10230827331542969
28054,0.0848841667175293
27984,0.0805666446685791
27898,0.11310529708862305
28003,0.10239839553833008
27964,0.11599087715148926
27832,0.09244894981384277
27657,0.07341909408569336
27859,0.09774160385131836
27916,0.07202625274658203
27855,0.11684179306030273
27819,0.12107157707214355
27782,0.11335349082946777
27751,0.0910346508026123
27809,0.07670068740844727
27839,0.09969139099121094
27842,0.11681365966796875
27728,0.09167814254760742
27914,0.10383176803588867
27818,0.08797025680541992
27933,0.08647966384887695
27972,0.07953238487243652
28144,0.11108994483947754
27430,0.09658622741699219
27646,0.07463908195495605
27895,0.10893654823303223
27628,0.0950765609741211
27468,0.11994242668151855
27475,0.09673261642456055
27515,0.0841062068939209
27598,0.0915994644165039
27614,0.09023714065551758
27602,0.0936899185180664
27688,0.07700347900390625
28063,0.07549691200256348
27997,0.09839439392089844
28043,0.09458041191101074
27668,0.11540770530700684
27678,0.09942030906677246
28013,0.10761857032775879
28002,0.11450028419494629
28054,0.11587095260620117
27986,0.1085364818572998
27999,0.10000276565551758
27967,0.11552047729492188
27982,0.10831189155578613
28001,0.12859034538269043
28008,0.09526610374450684
28058,0.0962831974029541
28073,0.09371709823608398
28081,0.08414077758789062
28088,0.09012842178344727
28118,0.10932779312133789
28074,0.11900973320007324
28028,0.11401677131652832
28898,0.07802963256835938
28967,0.1159827709197998
29038,0.09818363189697266
28979,0.10469341278076172
29029,0.09055566787719727
29002,0.0919654369354248
29035,0.09634208679199219
25381,0.07346034049987793
25443,0.09283685684204102
25377,0.10910868644714355
25324,0.09321331977844238
25371,0.096588134765625
25245,0.07719612121582031
25381,0.11836957931518555
25429,0.08758687973022461
25392,0.09504008293151855
25560,0.09299135208129883
25612,0.09943914413452148
25273,0.10348224639892578
25452,0.09208297729492188
25470,0.0913236141204834
25511,0.09512782096862793
25545,0.0984652042388916
29133,0.11125659942626953
28830,0.11488962173461914
28403,0.09025812149047852
23683,0.09598898887634277
23683,0.09598898887634277
26827,0.11223959922790527
26694,0.10210013389587402
26662,0.10039782524108887
26792,0.09508943557739258
26740,0.11144828796386719
26577,0.09254312515258789
26538,0.09698629379272461
26576,0.09338140487670898
25885,0.09719300270080566
26323,0.10263800621032715
26649,0.09617733955383301
26002,0.0785207748413086
24048,0.09403681755065918
27265,0.09270787239074707
27161,0.10103249549865723
25973,0.080596923828125
26005,0.09160256385803223
25982,0.08341526985168457
25941,0.09539437294006348
25955,0.10027313232421875
25979,0.10046792030334473
25973,0.12157344818115234
26067,0.11536431312561035
25971,0.11307215690612793
25963,0.10227608680725098
25992,0.08416271209716797
25934,0.09455490112304688
25906,0.11483407020568848
25955,0.08903980255126953
25997,0.10085511207580566
25876,0.11725687980651855
25891,0.11769676208496094
25989,0.10630369186401367
26003,0.09272980690002441
25968,0.097015380859375
25926,0.11352705955505371
26060,0.11233639717102051
25807,0.11173892021179199
26008,0.12503719329833984
25915,0.09675908088684082
25616,0.09438014030456543
26046,0.11594176292419434
26884,0.09499645233154297
27049,0.09399604797363281
26665,0.09667491912841797
26293,0.12175178527832031
25967,0.08586573600769043
26916,0.07056617736816406
26704,0.09175491333007812
25987,0.09340715408325195
26802,0.09485936164855957
26880,0.08237504959106445
26899,0.0719289779663086
26919,0.09748458862304688
26919,0.09749317169189453
26920,0.10265326499938965
26894,0.10026264190673828
26840,0.09373998641967773
26884,0.09611129760742188
26832,0.10969281196594238
26865,0.09292840957641602
28527,0.09648466110229492
28478,0.11545848846435547
25261,0.12833261489868164
25189,0.12499189376831055
27518,0.12080502510070801
27227,0.07421112060546875
27128,0.11682343482971191
27015,0.11603355407714844
27286,0.09440779685974121
27569,0.09139657020568848
28143,0.09958672523498535
25461,0.10683226585388184
28583,0.0961754322052002
28099,0.11701726913452148
28069,0.09376287460327148
27801,0.09453749656677246
27813,0.08505415916442871
28144,0.09505987167358398
25487,0.11812686920166016
28345,0.10208535194396973
28355,0.11350250244140625
28342,0.09320640563964844
28405,0.093017578125
28496,0.10082125663757324
28448,0.09084224700927734
28418,0.09475493431091309
28386,0.11324596405029297
28453,0.09299182891845703
28468,0.09742546081542969
28463,0.10915780067443848
28455,0.11111640930175781
28573,0.12380456924438477
28379,0.09364891052246094
28328,0.12007284164428711
28073,0.09330630302429199
28503,0.09679841995239258
28152,0.09496831893920898
27959,0.1162118911743164
27811,0.1273801326751709
28399,0.12663626670837402
25375,0.11264872550964355
28375,0.10037374496459961
28300,0.09407925605773926
28266,0.11938261985778809
28334,0.11313152313232422
28097,0.11003971099853516
28378,0.09383630752563477
28333,0.11915707588195801
28307,0.11984920501708984
28306,0.09821939468383789
28449,0.07630467414855957
28470,0.09854817390441895
28088,0.11881232261657715
25295,0.09819865226745605
28340,0.09758996963500977
28284,0.11645841598510742
28246,0.09738683700561523
28328,0.09540343284606934
28550,0.11523985862731934
28520,0.09288716316223145
28467,0.09655284881591797
28534,0.09274435043334961
28549,0.11586833000183105
28540,0.09578299522399902
28611,0.09250020980834961
28289,0.12037086486816406
25266,0.09517312049865723
28356,0.09297347068786621
28508,0.0933692455291748
25192,0.11873745918273926
28297,0.08401632308959961
28329,0.09328103065490723
28269,0.0710747241973877
27798,0.0924232006072998
28043,0.1009068489074707
27849,0.09308004379272461
28210,0.10184526443481445
25281,0.11145639419555664
25286,0.1068580150604248
25340,0.1112675666809082
25333,0.09169363975524902
28474,0.09145569801330566
28387,0.09454584121704102
28315,0.11289048194885254
28309,0.0944209098815918
28250,0.08731317520141602
28191,0.09289121627807617
28296,0.09298205375671387
28322,0.09471273422241211
28473,0.09874629974365234
28482,0.062326908111572266
28477,0.11301755905151367
28448,0.11487913131713867
28489,0.11216211318969727
28477,0.09630775451660156
28503,0.09473085403442383
28025,0.0887603759765625
28269,0.09809684753417969
25340,0.09319519996643066
28227,0.11573958396911621
28430,0.09469079971313477
27931,0.09691238403320312
28327,0.09308886528015137
28061,0.08993005752563477
28099,0.10906314849853516
28763,0.0964057445526123
28361,0.0970926284790039
27993,0.11419463157653809
28606,0.09788274765014648
28460,0.08779358863830566
28091,0.11497616767883301
28774,0.10082578659057617
28475,0.0898737907409668
28335,0.09419441223144531
28458,0.09821534156799316
28586,0.11613917350769043
28608,0.09677672386169434
28392,0.10651731491088867
28219,0.09580731391906738
28486,0.09669041633605957
28728,0.11137080192565918
28626,0.10478806495666504
28332,0.11779236793518066
28201,0.09579610824584961
28936,0.08247685432434082
28810,0.09244561195373535
28727,0.09764933586120605
28638,0.11433839797973633
28648,0.07863569259643555
28604,0.0962514877319336
28687,0.11625123023986816
28694,0.09628105163574219
28607,0.11113238334655762
28562,0.09421634674072266
28260,0.12380623817443848
28165,0.11271262168884277
29111,0.1090543270111084
28722,0.09475898742675781
28675,0.11194944381713867
28690,0.09672832489013672
28783,0.11848306655883789
28739,0.11467289924621582
28805,0.0928030014038086
28863,0.0965416431427002
29017,0.11847162246704102
29025,0.11881828308105469
28393,0.12193727493286133
28517,0.09804344177246094
28546,0.09369707107543945
28716,0.09694099426269531
28751,0.10089731216430664
28695,0.11667275428771973
28685,0.12121391296386719
28777,0.09662938117980957
28691,0.0989985466003418
28735,0.11839985847473145
28693,0.08996772766113281
28669,0.09181404113769531
28712,0.09556031227111816
28692,0.11394476890563965
28696,0.09281778335571289
28501,0.10062575340270996
28324,0.1132042407989502
28007,0.09617185592651367
28299,0.09132909774780273
27937,0.11426353454589844
29204,0.1145181655883789
28700,0.09224295616149902
28629,0.11447668075561523
28647,0.11236023902893066
28752,0.09464168548583984
28661,0.10128903388977051
24957,0.11165189743041992
24957,0.11165189743041992
24905,0.11408066749572754
24832,0.11598038673400879
24823,0.09283113479614258
24836,0.11899375915527344
24738,0.09799885749816895
25227,0.09554743766784668
