27957,0.02293229103088379
28126,0.025900602340698242
24930,0.016959428787231445
27780,0.025350570678710938
27727,0.03257417678833008
24888,0.024070262908935547
24928,0.03295254707336426
24924,0.018380165100097656
24910,0.023816585540771484
24895,0.02968597412109375
24904,0.02455282211303711
28148,0.022948503494262695
28179,0.036115169525146484
28150,0.0197598934173584
24881,0.02253127098083496
28157,0.019524335861206055
24866,0.0261385440826416
28005,0.021191120147705078
27990,0.02627420425415039
24914,0.02665424346923828
28030,0.02854466438293457
28015,0.028238534927368164
28094,0.02889084815979004
28156,0.027329444885253906
24851,0.020885944366455078
28150,0.021795034408569336
28175,0.017109394073486328
24881,0.0165097713470459
24983,0.02711176872253418
28093,0.026015758514404297
27668,0.028122901916503906
24984,0.02806711196899414
27875,0.023263216018676758
27940,0.024276256561279297
27955,0.025625228881835938
28069,0.0266876220703125
28008,0.03785204887390137
28088,0.023658037185668945
28166,0.0276029109954834
24901,0.0164337158203125
24893,0.025105714797973633
28202,0.02260565757751465
28208,0.025231122970581055
24924,0.020015954971313477
28146,0.028143882751464844
28137,0.016496658325195312
28174,0.027803421020507812
28153,0.019235610961914062
28076,0.029013633728027344
28096,0.01982426643371582
28019,0.032044410705566406
28042,0.03046417236328125
24930,0.026660680770874023
28136,0.03256034851074219
28086,0.03201484680175781
24920,0.024447202682495117
24946,0.030303478240966797
24925,0.023739337921142578
24923,0.020095109939575195
24983,0.02084946632385254
24963,0.03335213661193848
24950,0.02123403549194336
25001,0.018373489379882812
25002,0.02099895477294922
24990,0.02080249786376953
24959,0.024120330810546875
25046,0.021815776824951172
25065,0.01907968521118164
25061,0.025870561599731445
25123,0.0191195011138916
27944,0.01925826072692871
27803,0.026796817779541016
28000,0.027302026748657227
25031,0.018046140670776367
24971,0.019661664962768555
24943,0.02441120147705078
24894,0.016584157943725586
28212,0.019914865493774414
28176,0.0330502986907959
24869,0.019579648971557617
25021,0.027055978775024414
27801,0.022970914840698242
27569,0.026117563247680664
25217,0.018653392791748047
24819,0.019408702850341797
27756,0.019636869430541992
25132,0.025205135345458984
25146,0.022277116775512695
27770,0.021613359451293945
27858,0.03153228759765625
25121,0.030354976654052734
24916,0.029001235961914062
27875,0.02139902114868164
25013,0.017908096313476562
25035,0.03153347969055176
25081,0.025142192840576172
27945,0.029163599014282227
27501,0.02802729606628418
25205,0.020673751831054688
25193,0.022037982940673828
24907,0.027046680450439453
24971,0.03295135498046875
24924,0.029873371124267578
24908,0.02577042579650879
28220,0.019855022430419922
24912,0.030402183532714844
24932,0.02850937843322754
28203,0.02384209632873535
24925,0.027743816375732422
24927,0.0207977294921875
28225,0.021443605422973633
28205,0.021743059158325195
24935,0.02396368980407715
24965,0.029354095458984375
24943,0.021538257598876953
24932,0.032972097396850586
24895,0.0215756893157959
24967,0.03334832191467285
24987,0.02898240089416504
24972,0.022153854370117188
25136,0.03255105018615723
25207,0.03295779228210449
25084,0.01865530014038086
25431,0.02836441993713379
25292,0.024566173553466797
25336,0.025012969970703125
25216,0.021785497665405273
25216,0.024402379989624023
25245,0.029536962509155273
25258,0.02443695068359375
25046,0.018238067626953125
24996,0.03252243995666504
24998,0.020789384841918945
25133,0.023517608642578125
25197,0.03300976753234863
25218,0.022585391998291016
25285,0.02934575080871582
25271,0.02115488052368164
25273,0.022935867309570312
25249,0.029187440872192383
25244,0.0232698917388916
25285,0.021384477615356445
25258,0.02069997787475586
25274,0.027611970901489258
25278,0.020782947540283203
25279,0.02880406379699707
25280,0.022989273071289062
25286,0.019640445709228516
25272,0.028548717498779297
25251,0.024690628051757812
25265,0.02852344512939453
25230,0.019091367721557617
25242,0.01965475082397461
25222,0.023023128509521484
25184,0.020313024520874023
25223,0.02019357681274414
25209,0.023564577102661133
25194,0.02893519401550293
25197,0.02049732208251953
25148,0.020615816116333008
25180,0.022127151489257812
25227,0.022377967834472656
25230,0.023604631423950195
25190,0.02115774154663086
25181,0.02327895164489746
25196,0.02128767967224121
25221,0.01989459991455078
25236,0.027323246002197266
25216,0.02048325538635254
25192,0.03606128692626953
25184,0.023351430892944336
25184,0.023370027542114258
25156,0.0261075496673584
25175,0.01992940902709961
25172,0.019737720489501953
25156,0.025616884231567383
25148,0.02642512321472168
25178,0.02309393882751465
25156,0.03112316131591797
25206,0.02058124542236328
25159,0.02622699737548828
25149,0.02744770050048828
25134,0.024485111236572266
25104,0.024065017700195312
25198,0.028505802154541016
25195,0.01700568199157715
25188,0.02491617202758789
25191,0.029540538787841797
25208,0.020255327224731445
25205,0.024274110794067383
25167,0.027138233184814453
25162,0.026346445083618164
25141,0.019098997116088867
25180,0.02095937728881836
24743,0.01972055435180664
24919,0.026784658432006836
24965,0.02428126335144043
25186,0.021725893020629883
25121,0.021297454833984375
24893,0.027006864547729492
24834,0.02181220054626465
24979,0.02250385284423828
25084,0.02129960060119629
25372,0.024315834045410156
25224,0.021647930145263672
25163,0.020812034606933594
26040,0.023362159729003906
25968,0.025583267211914062
26077,0.02698826789855957
26014,0.019739151000976562
26014,0.019712209701538086
25993,0.016754865646362305
25988,0.03474760055541992
25997,0.031655073165893555
26025,0.029387712478637695
25953,0.029361248016357422
25967,0.023391008377075195
25963,0.021492958068847656
25934,0.02326226234436035
25981,0.021503686904907227
25974,0.03143143653869629
26012,0.022558927536010742
25969,0.02094554901123047
26008,0.0296018123626709
26056,0.0228269100189209
26022,0.027323484420776367
25570,0.028241395950317383
25789,0.02526569366455078
25875,0.03328275680541992
25942,0.03375387191772461
26091,0.02980780601501465
26396,0.09269523620605469
26372,0.1093287467956543
26404,0.0849158763885498
26396,0.09796261787414551
26371,0.10503792762756348
26371,0.10503792762756348
26948,0.09178590774536133
26968,0.09747695922851562
27002,0.0949242115020752
27025,0.10299110412597656
27025,0.10299110412597656
25359,0.09433364868164062
24954,0.10421609878540039
26841,0.12044811248779297
26841,0.12044811248779297
26818,0.11952328681945801
26836,0.10574150085449219
26912,0.09268546104431152
26905,0.12083196640014648
26628,0.11826801300048828
26723,0.11821460723876953
26754,0.11782169342041016
26840,0.11784696578979492
26708,0.09899520874023438
26737,0.12241578102111816
26732,0.09504318237304688
26724,0.10056209564208984
26646,0.09366321563720703
26703,0.09578275680541992
26758,0.11483359336853027
26770,0.1035914421081543
26807,0.0968179702758789
26816,0.10348987579345703
26877,0.10534930229187012
26889,0.09336686134338379
26881,0.09490752220153809
26889,0.11327171325683594
26966,0.12805914878845215
26825,0.09948492050170898
26724,0.11316967010498047
26662,0.0977468490600586
26691,0.11483502388000488
26759,0.11714911460876465
26686,0.0966498851776123
26784,0.09131431579589844
26771,0.09780502319335938
26819,0.0939021110534668
26723,0.12025189399719238
26744,0.11147856712341309
26808,0.0954444408416748
26822,0.11056947708129883
26836,0.11436080932617188
26838,0.09016799926757812
26650,0.11864471435546875
26727,0.1130523681640625
26778,0.10124707221984863
26772,0.11384391784667969
26806,0.09544968605041504
26736,0.10945320129394531
26725,0.09261012077331543
26673,0.10113048553466797
26773,0.10350894927978516
26735,0.09777092933654785
26701,0.09301114082336426
26769,0.11972928047180176
26821,0.11378169059753418
26771,0.10360479354858398
26599,0.1168205738067627
26089,0.09603762626647949
26441,0.11273932456970215
26170,0.11851143836975098
26171,0.11590743064880371
26132,0.11563348770141602
26324,0.10372018814086914
26333,0.11666584014892578
26284,0.09081792831420898
26328,0.10058474540710449
26446,0.10303950309753418
26542,0.09901642799377441
26609,0.09817719459533691
26540,0.11692571640014648
26666,0.11713933944702148
26483,0.09556245803833008
26855,0.09660911560058594
26987,0.0939171314239502
26945,0.11620116233825684
26905,0.1179499626159668
26887,0.09799933433532715
26838,0.11732149124145508
26837,0.11225056648254395
26848,0.11643576622009277
26865,0.09694409370422363
26839,0.09453678131103516
26847,0.09561920166015625
26857,0.11890769004821777
26875,0.10081338882446289
26919,0.10332274436950684
26888,0.11587786674499512
26880,0.0974876880645752
26909,0.11532402038574219
25407,0.11611247062683105
25401,0.09932065010070801
25444,0.09884119033813477
25425,0.09470343589782715
25469,0.09545755386352539
25408,0.10053229331970215
25397,0.11331510543823242
25204,0.09457039833068848
25241,0.11127758026123047
25145,0.08925962448120117
25153,0.1052560806274414
25165,0.09275674819946289
25101,0.10232019424438477
25165,0.09889507293701172
25167,0.10114502906799316
25167,0.09413957595825195
25297,0.09218239784240723
25382,0.09749174118041992
25067,0.09551119804382324
25217,0.0937192440032959
25135,0.11520504951477051
25226,0.1025850772857666
25244,0.10330939292907715
27407,0.08662939071655273
27110,0.11177229881286621
26914,0.09659504890441895
24944,0.10081815719604492
24944,0.10081815719604492
25169,0.09796905517578125
25092,0.09127140045166016
25147,0.11203575134277344
25124,0.1127176284790039
25109,0.09690713882446289
25080,0.09501886367797852
25018,0.09534144401550293
24938,0.09636998176574707
24690,0.09457039833068848
24809,0.09977602958679199
24985,0.09648823738098145
24565,0.08877396583557129
27090,0.09854674339294434
27090,0.09854674339294434
27072,0.0953836441040039
25627,0.09486174583435059
25757,0.07313394546508789
25735,0.09285664558410645
25745,0.11003708839416504
25700,0.10159468650817871
25769,0.09533929824829102
25726,0.09366416931152344
25719,0.09805774688720703
25665,0.1127777099609375
25738,0.09253859519958496
25715,0.10274219512939453
25622,0.09293937683105469
25670,0.11049318313598633
25619,0.07951593399047852
25622,0.07256698608398438
25637,0.09961223602294922
25678,0.12133073806762695
25710,0.09313511848449707
25716,0.09436917304992676
25745,0.11145806312561035
25675,0.11676669120788574
25753,0.11741471290588379
25723,0.11305880546569824
25829,0.11391472816467285
25668,0.09814572334289551
25138,0.11947965621948242
24177,0.08920955657958984
24177,0.08920955657958984
24129,0.121002197265625
24103,0.09517979621887207
23867,0.11032772064208984
23602,0.09380698204040527
24147,0.08990097045898438
23881,0.09566211700439453
23946,0.09636616706848145
24215,0.09498381614685059
24155,0.10123705863952637
24188,0.07595562934875488
24207,0.12073731422424316
24212,0.09777998924255371
24183,0.11634540557861328
24209,0.11591267585754395
24180,0.10250139236450195
24160,0.09319353103637695
24181,0.09281373023986816
24201,0.11789345741271973
25835,0.09738874435424805
25804,0.11785602569580078
25766,0.11828732490539551
25635,0.08968639373779297
25207,0.09102296829223633
25246,0.10078883171081543
25302,0.11380743980407715
22559,0.08972620964050293
25366,0.1173100471496582
22589,0.09582662582397461
25606,0.11141061782836914
22983,0.09001040458679199
25746,0.11844801902770996
25689,0.11514878273010254
25641,0.09681558609008789
25601,0.09417462348937988
25533,0.09509396553039551
25422,0.1250607967376709
22999,0.08984875679016113
25719,0.09193015098571777
25780,0.0905752182006836
25782,0.11440825462341309
25797,0.0969996452331543
25815,0.10682368278503418
25820,0.09794044494628906
25747,0.11463284492492676
25733,0.11964249610900879
25783,0.11338353157043457
25808,0.11357331275939941
25814,0.11373686790466309
25801,0.11356115341186523
25797,0.09712100028991699
25636,0.1104884147644043
25659,0.09605574607849121
25410,0.10906362533569336
25803,0.09622335433959961
25745,0.11368083953857422
25678,0.09632611274719238
25616,0.09387731552124023
25614,0.10025501251220703
22975,0.11882638931274414
25721,0.09131336212158203
25763,0.11252450942993164
25836,0.09410619735717773
25779,0.09350395202636719
25724,0.11752080917358398
25529,0.11175274848937988
22779,0.1071465015411377
25798,0.1100153923034668
25745,0.10567069053649902
25844,0.09433841705322266
25757,0.09185004234313965
25659,0.08336544036865234
25728,0.11822199821472168
25536,0.09426474571228027
25759,0.11260414123535156
25833,0.07206988334655762
25837,0.10806059837341309
25771,0.11610174179077148
25736,0.09058284759521484
25736,0.08527636528015137
25774,0.11227846145629883
25776,0.09436416625976562
22903,0.1115875244140625
25801,0.09530758857727051
25627,0.11505484580993652
25711,0.0677344799041748
25698,0.1125497817993164
25649,0.11159992218017578
25630,0.1178431510925293
25516,0.09337759017944336
22783,0.11155223846435547
25752,0.1226809024810791
25533,0.0997312068939209
25480,0.0954751968383789
25274,0.11514449119567871
25617,0.09652233123779297
22783,0.0890665054321289
25504,0.11786770820617676
22873,0.11170458793640137
22888,0.12297177314758301
25742,0.10912179946899414
25802,0.0943288803100586
25793,0.09633374214172363
25796,0.09706568717956543
25774,0.10803461074829102
25764,0.11993193626403809
25805,0.09721136093139648
25774,0.06452035903930664
25815,0.09352779388427734
25795,0.1220088005065918
25797,0.09799337387084961
25817,0.11289548873901367
25787,0.10616183280944824
25817,0.09631657600402832
22909,0.11689591407775879
25679,0.11469674110412598
25595,0.12295985221862793
22911,0.09606409072875977
25750,0.1164240837097168
25506,0.09322619438171387
25396,0.07159042358398438
27005,0.09733724594116211
27005,0.09733724594116211
26922,0.12569022178649902
27488,0.1170048713684082
27026,0.11996054649353027
26788,0.10394430160522461
26951,0.12365221977233887
27127,0.09222030639648438
26997,0.12099123001098633
27196,0.0917198657989502
27167,0.11469101905822754
26942,0.09385180473327637
26437,0.09328651428222656
27225,0.09791302680969238
27229,0.0955803394317627
27130,0.09429121017456055
26946,0.11745142936706543
27159,0.10950517654418945
27355,0.09276175498962402
27281,0.09433913230895996
27001,0.09976673126220703
26401,0.11515998840332031
27348,0.11586761474609375
27258,0.0846409797668457
27247,0.10116291046142578
27223,0.11210250854492188
27213,0.09758377075195312
27238,0.09757757186889648
27254,0.09117388725280762
27241,0.1061849594116211
27214,0.09646821022033691
27260,0.09301209449768066
27022,0.09500908851623535
26844,0.11445426940917969
26928,0.11257028579711914
27299,0.09494709968566895
27273,0.10920476913452148
27209,0.12080693244934082
27279,0.10220623016357422
27273,0.10870194435119629
27299,0.11684012413024902
27338,0.11414694786071777
27369,0.11370277404785156
27455,0.11633610725402832
26879,0.10103631019592285
27045,0.11496210098266602
27194,0.10117435455322266
27282,0.11747598648071289
27291,0.06280517578125
27273,0.0929720401763916
27272,0.10058736801147461
27298,0.11459231376647949
27268,0.11633157730102539
27281,0.09707045555114746
27272,0.10440969467163086
27253,0.06459736824035645
27268,0.0919344425201416
27271,0.11218523979187012
27315,0.09516572952270508
27194,0.09518718719482422
26973,0.10705447196960449
26694,0.09518957138061523
27037,0.11552739143371582
26661,0.1041874885559082
27560,0.09622669219970703
27295,0.09525299072265625
27320,0.09548354148864746
27291,0.0942544937133789
27315,0.09706425666809082
27208,0.09123826026916504
24696,0.09258747100830078
24696,0.09258747100830078
24708,0.11402630805969238
24684,0.11778473854064941
24603,0.10985016822814941
24472,0.11577749252319336
23660,0.09832119941711426
24265,0.10889148712158203
