48712,0.06237602233886719
47553,0.06658244132995605
47353,0.04214668273925781
48858,0.043767690658569336
51117,0.0463109016418457
47191,0.05622363090515137
45658,0.04413247108459473
46231,0.06254315376281738
47137,0.06014609336853027
47276,0.05797743797302246
47319,0.04128885269165039
47345,0.059360504150390625
47191,0.04251670837402344
47521,0.04575181007385254
48037,0.05378413200378418
47048,0.04869580268859863
47444,0.05694437026977539
48109,0.04446125030517578
48426,0.04558396339416504
49300,0.044358015060424805
49211,0.04496288299560547
47951,0.05567002296447754
48041,0.05802512168884277
48896,0.05513453483581543
47758,0.05673956871032715
47166,0.04792332649230957
47512,0.060047149658203125
48296,0.0463261604309082
48191,0.05811500549316406
49089,0.0571136474609375
50908,0.058844566345214844
48689,0.06084108352661133
52224,0.04803013801574707
47632,0.057784080505371094
47836,0.052435874938964844
48973,0.04148387908935547
47692,0.06173515319824219
48005,0.051206111907958984
47341,0.055319786071777344
47495,0.05106973648071289
48255,0.06235766410827637
47968,0.05605888366699219
48375,0.05990743637084961
47311,0.04747653007507324
47323,0.04732084274291992
47020,0.04828929901123047
46989,0.04278922080993652
49512,0.06059575080871582
46968,0.04264545440673828
47282,0.05003929138183594
47651,0.04942798614501953
47452,0.05616641044616699
48096,0.041441917419433594
47774,0.04719853401184082
46957,0.04848313331604004
46865,0.047107696533203125
46801,0.051947832107543945
47108,0.09205269813537598
46824,0.06598520278930664
46048,0.0440976619720459
46266,0.05591607093811035
46365,0.04078102111816406
45944,0.050394296646118164
47106,0.04489612579345703
46965,0.05208325386047363
46848,0.054030656814575195
46641,0.05263566970825195
47261,0.03995656967163086
46401,0.04695415496826172
47964,0.054494619369506836
47455,0.04242134094238281
51495,0.04440188407897949
46305,0.04720139503479004
46041,0.057959556579589844
46599,0.046546220779418945
47681,0.05094456672668457
47644,0.060446739196777344
47017,0.04873466491699219
48814,0.04875516891479492
48616,0.0484161376953125
48150,0.05322122573852539
49303,0.040964365005493164
49557,0.04863476753234863
47630,0.05053067207336426
48947,0.04700779914855957
52897,0.048139095306396484
48464,0.03993082046508789
48314,0.04884219169616699
49895,0.0420989990234375
50290,0.04636073112487793
49669,0.06412243843078613
47931,0.043190717697143555
50947,0.06014585494995117
50394,0.04265618324279785
48246,0.041886091232299805
48950,0.042052507400512695
50144,0.06030607223510742
50724,0.04436373710632324
48681,0.051062822341918945
49217,0.047902584075927734
51158,0.05199742317199707
49727,0.047799110412597656
48025,0.05130887031555176
48058,0.05642414093017578
47661,0.05331730842590332
46758,0.04889631271362305
47231,0.05439186096191406
47237,0.06044173240661621
47391,0.04217934608459473
47791,0.04188203811645508
47083,0.0641639232635498
47677,0.05019497871398926
47628,0.05123496055603027
47864,0.05280137062072754
47017,0.05532956123352051
47953,0.059480905532836914
47533,0.054271697998046875
47341,0.0640554428100586
47699,0.039917707443237305
47920,0.0499110221862793
45145,0.06922626495361328
45476,0.05592823028564453
45186,0.062011003494262695
44815,0.056246042251586914
44909,0.07095003128051758
45124,0.04378390312194824
44591,0.0463259220123291
44784,0.04210233688354492
45131,0.06470417976379395
46163,0.05433034896850586
45275,0.05172848701477051
45200,0.056081533432006836
45266,0.04654097557067871
44406,0.059734344482421875
43867,0.04548025131225586
43483,0.041672706604003906
43547,0.04079556465148926
44108,0.05428457260131836
43710,0.058882713317871094
43614,0.05311012268066406
44602,0.05554842948913574
43990,0.04462790489196777
43911,0.042398691177368164
43930,0.0457303524017334
44882,0.06109452247619629
44809,0.057672739028930664
44557,0.044025421142578125
44759,0.05812549591064453
44121,0.055490970611572266
44165,0.05629444122314453
44326,0.04200148582458496
43966,0.03517341613769531
44091,0.04692721366882324
44569,0.043679237365722656
44828,0.04984545707702637
44587,0.05169963836669922
43988,0.06035351753234863
43699,0.044301748275756836
44205,0.04379773139953613
44205,0.05222296714782715
44346,0.04675698280334473
44477,0.04834175109863281
44167,0.045911312103271484
44441,0.0429079532623291
44399,0.03398919105529785
43750,0.0597379207611084
44640,0.06345152854919434
44596,0.039522409439086914
44089,0.04764413833618164
44817,0.0571286678314209
44475,0.05560159683227539
45142,0.035485029220581055
45016,0.04793858528137207
45033,0.06483244895935059
45230,0.049404144287109375
44654,0.05464363098144531
44909,0.0743095874786377
44971,0.045210838317871094
44870,0.043909311294555664
44436,0.04225325584411621
44217,0.04662132263183594
44301,0.04089045524597168
44622,0.04738259315490723
44349,0.05714678764343262
44758,0.047472476959228516
45517,0.04877519607543945
44555,0.05865979194641113
44018,0.04668998718261719
44844,0.04651236534118652
44871,0.057450294494628906
45297,0.048880815505981445
44234,0.041573286056518555
44060,0.04958319664001465
43176,0.07910919189453125
45628,0.062469482421875
45201,0.05714583396911621
45106,0.040625810623168945
45936,0.052351951599121094
43226,0.04410719871520996
44531,0.04617190361022949
45498,0.04059648513793945
45884,0.05379295349121094
46628,0.05077362060546875
44408,0.047577619552612305
43235,0.04294896125793457
42922,0.042481184005737305
51363,0.06124544143676758
49678,0.05612373352050781
49563,0.04634833335876465
50458,0.06575369834899902
50873,0.051184892654418945
50279,0.042879343032836914
50517,0.045020341873168945
50780,0.05202364921569824
50639,0.057221412658691406
50278,0.046955108642578125
50710,0.05576586723327637
50090,0.0531001091003418
50734,0.040534019470214844
50499,0.05773162841796875
50523,0.05556440353393555
49902,0.04218173027038574
50018,0.05410456657409668
51379,0.05247187614440918
53382,0.041791677474975586
52993,0.042069435119628906
52309,0.05309891700744629
51515,0.05195784568786621
52094,0.042818307876586914
51924,0.0470278263092041
45482,0.05599617958068848
47343,0.09099912643432617
47513,0.11346268653869629
48529,0.09773635864257812
48465,0.10683369636535645
47351,0.10945367813110352
48345,0.10358572006225586
48361,0.11202812194824219
48543,0.10939979553222656
49259,0.10748934745788574
48892,0.09061908721923828
48666,0.11437869071960449
55547,0.10225653648376465
34094,0.09931278228759766
41619,0.10375785827636719
48522,0.0765688419342041
49933,0.0848231315612793
49590,0.130204439163208
49010,0.09634685516357422
50062,0.08967185020446777
50062,0.10168719291687012
50330,0.08415341377258301
50486,0.11535477638244629
50143,0.09856200218200684
49660,0.09359908103942871
51007,0.0908820629119873
53139,0.09649014472961426
51728,0.10807323455810547
51912,0.08800363540649414
51088,0.12926006317138672
50773,0.1059575080871582
50632,0.08712005615234375
50214,0.10610294342041016
49854,0.10397958755493164
49837,0.09586310386657715
49984,0.08823537826538086
49822,0.09853553771972656
50383,0.10235357284545898
51835,0.09120869636535645
51984,0.10331201553344727
52172,0.10800361633300781
51934,0.0770418643951416
50975,0.10380315780639648
50953,0.12886333465576172
50815,0.12681150436401367
50954,0.10797834396362305
50561,0.09532928466796875
51166,0.10196423530578613
50993,0.09222197532653809
51330,0.10163092613220215
50967,0.09473896026611328
50462,0.11848783493041992
51438,0.09482240676879883
52113,0.10181593894958496
52013,0.10414838790893555
52808,0.10941958427429199
52418,0.10538649559020996
52219,0.09944701194763184
52100,0.1137998104095459
54304,0.09860754013061523
53591,0.09536194801330566
53422,0.09446120262145996
52566,0.09850215911865234
52763,0.0897359848022461
53188,0.08740043640136719
52962,0.09339547157287598
52925,0.11740970611572266
53710,0.08310675621032715
53798,0.10738086700439453
54399,0.10147929191589355
55838,0.10398530960083008
52609,0.09304094314575195
53288,0.12202930450439453
53400,0.09122729301452637
52067,0.1043539047241211
52728,0.10599970817565918
52269,0.10338568687438965
52575,0.10490655899047852
50850,0.09914350509643555
51724,0.10311627388000488
51614,0.09654355049133301
52043,0.10907363891601562
51261,0.1001284122467041
52004,0.10846900939941406
53953,0.09903311729431152
49588,0.08713102340698242
49656,0.12047648429870605
49114,0.10367870330810547
49449,0.10705208778381348
51354,0.0980989933013916
49868,0.10855627059936523
49752,0.09310054779052734
49482,0.10694694519042969
49124,0.0912930965423584
48969,0.10578370094299316
50982,0.0859675407409668
50633,0.10428333282470703
49613,0.10466694831848145
49645,0.09928226470947266
49575,0.10524177551269531
49970,0.10507631301879883
47081,0.1067817211151123
46971,0.1095285415649414
46924,0.10891366004943848
46760,0.1056814193725586
46905,0.10343790054321289
46771,0.10393095016479492
46963,0.08516216278076172
56108,0.08225202560424805
57294,0.10801815986633301
55868,0.09832310676574707
56168,0.10489487648010254
55978,0.11575961112976074
55362,0.1066901683807373
57263,0.10357880592346191
55859,0.10160589218139648
56331,0.11959385871887207
56810,0.11003971099853516
57146,0.1073758602142334
56957,0.10366463661193848
57578,0.10307765007019043
58068,0.10373806953430176
57758,0.11612391471862793
57499,0.10107111930847168
48006,0.09018826484680176
47791,0.08876585960388184
46958,0.11186766624450684
48614,0.09951186180114746
56903,0.0939640998840332
55111,0.11029863357543945
52285,0.11618471145629883
52336,0.11322164535522461
51033,0.1242823600769043
48373,0.11844182014465332
52080,0.11652517318725586
53862,0.10612249374389648
54786,0.10843682289123535
50394,0.10924625396728516
54178,0.11555767059326172
47963,0.12403249740600586
56794,0.11178374290466309
55918,0.10993361473083496
38733,0.10184741020202637
39978,0.10266447067260742
49627,0.09144711494445801
50149,0.10395145416259766
49933,0.10542678833007812
49475,0.1049191951751709
50162,0.10549235343933105
50492,0.09963369369506836
51116,0.09948420524597168
50696,0.10750722885131836
50358,0.0977630615234375
50314,0.11030197143554688
50494,0.10101175308227539
49741,0.09125566482543945
49231,0.10347414016723633
49360,0.11126494407653809
49415,0.0996861457824707
50101,0.11981606483459473
50368,0.12048935890197754
49739,0.10222983360290527
49293,0.10370278358459473
48806,0.09067320823669434
49589,0.10158300399780273
50215,0.1010279655456543
50125,0.0908498764038086
41440,0.10969161987304688
50833,0.09776973724365234
51211,0.11110210418701172
43373,0.11893057823181152
51167,0.10976076126098633
51519,0.12945127487182617
52130,0.11592292785644531
52833,0.12983465194702148
54453,0.1183784008026123
52772,0.1119837760925293
50373,0.1301567554473877
51378,0.12036871910095215
49705,0.12976908683776855
49581,0.13161373138427734
50740,0.12864398956298828
50464,0.12168049812316895
49669,0.10690569877624512
50354,0.11378836631774902
49579,0.12050390243530273
49383,0.1342024803161621
50253,0.12268567085266113
50571,0.12118053436279297
50647,0.11976027488708496
46068,0.09276700019836426
48250,0.10352802276611328
47446,0.1087193489074707
48080,0.10021543502807617
48059,0.1070103645324707
49227,0.1029360294342041
52962,0.11909794807434082
52802,0.10436868667602539
51034,0.11477518081665039
51719,0.09929704666137695
48552,0.10846209526062012
47070,0.10946464538574219
45942,0.09171438217163086
44815,0.09839510917663574
46681,0.10009145736694336
46658,0.10168075561523438
46987,0.10056447982788086
46696,0.09933090209960938
47410,0.10967445373535156
46017,0.11168932914733887
46001,0.10337710380554199
45935,0.10515761375427246
46132,0.11053848266601562
45912,0.10111880302429199
45229,0.10454154014587402
46420,0.10839653015136719
46341,0.10124349594116211
45994,0.13509464263916016
46210,0.0980081558227539
46062,0.10343050956726074
44885,0.09909343719482422
47739,0.10007119178771973
46565,0.10613536834716797
46146,0.10721087455749512
44611,0.10283708572387695
46444,0.10910868644714355
45039,0.09472227096557617
46799,0.09934306144714355
47068,0.10309696197509766
48162,0.11052680015563965
47187,0.10849428176879883
46670,0.11356925964355469
44331,0.10005903244018555
43922,0.11498045921325684
45858,0.10894632339477539
45300,0.1128242015838623
47468,0.10874509811401367
49339,0.11284780502319336
46793,0.1005711555480957
46793,0.10440230369567871
45814,0.10931253433227539
45435,0.10478425025939941
47246,0.11278605461120605
46722,0.0952904224395752
47299,0.10794925689697266
47009,0.11010098457336426
46423,0.10926032066345215
46731,0.11598849296569824
46463,0.1012716293334961
45210,0.11201691627502441
45049,0.10759663581848145
43826,0.10420966148376465
48003,0.11263680458068848
46936,0.10196876525878906
47170,0.10042953491210938
47881,0.10898780822753906
46537,0.10505843162536621
44876,0.10765671730041504
46938,0.13311386108398438
47534,0.11548519134521484
44373,0.09989619255065918
44145,0.11086869239807129
45547,0.10574817657470703
47248,0.10839629173278809
46692,0.09507918357849121
46690,0.09122157096862793
49931,0.10156011581420898
50852,0.10854816436767578
49335,0.09325718879699707
49791,0.11029481887817383
48109,0.10523128509521484
46553,0.08922719955444336
45049,0.10981631278991699
46165,0.11406993865966797
45972,0.10538196563720703
45609,0.10200905799865723
46053,0.11008715629577637
46242,0.09141993522644043
46727,0.1076054573059082
46348,0.0983130931854248
46148,0.10283613204956055
46547,0.11409616470336914
46876,0.09433484077453613
43677,0.10349726676940918
45556,0.10704922676086426
47801,0.1037893295288086
46869,0.10038304328918457
45365,0.11291027069091797
48536,0.10525298118591309
45829,0.1059725284576416
45358,0.1013650894165039
48175,0.10025763511657715
47287,0.10595846176147461
44701,0.10339856147766113
48324,0.10961484909057617
47441,0.11375594139099121
45657,0.10161137580871582
47276,0.10070586204528809
48103,0.11436629295349121
45924,0.1162109375
47198,0.11739516258239746
49626,0.1116938591003418
47518,0.11177563667297363
47521,0.11593818664550781
49137,0.12349462509155273
45476,0.12464666366577148
45878,0.1144402027130127
46138,0.12630653381347656
48143,0.11293911933898926
55657,0.11864900588989258
47868,0.12298250198364258
46878,0.11672234535217285
47542,0.12580204010009766
49068,0.1159050464630127
47114,0.10993599891662598
46788,0.1291053295135498
46026,0.12441730499267578
45874,0.11075162887573242
46315,0.12436127662658691
46261,0.11844849586486816
46483,0.10350775718688965
45324,0.12219762802124023
46257,0.11178231239318848
45675,0.10641360282897949
45987,0.12428450584411621
54207,0.10696268081665039
48923,0.12310338020324707
47038,0.11309099197387695
46468,0.11628389358520508
46149,0.10307431221008301
46648,0.12731575965881348
46528,0.15239953994750977
47396,0.13013052940368652
46489,0.11091446876525879
46476,0.12670230865478516
47875,0.1255044937133789
47336,0.1240994930267334
47265,0.10655522346496582
47749,0.11429500579833984
47146,0.12521958351135254
47023,0.11632561683654785
46882,0.10359907150268555
47254,0.11679506301879883
46290,0.11577129364013672
47451,0.11551761627197266
47081,0.1244199275970459
46795,0.11178016662597656
47621,0.125654935836792
46642,0.11959338188171387
47363,0.12751054763793945
53328,0.11236906051635742
46845,0.10671472549438477
47731,0.12572336196899414
48848,0.12813830375671387
49511,0.12475323677062988
49973,0.11388468742370605
50568,0.11913084983825684
46563,0.11289548873901367
53974,0.11153101921081543
46218,0.11620688438415527
45738,0.11788392066955566
46805,0.1282048225402832
46443,0.12926697731018066
52522,0.10915899276733398
52953,0.10940408706665039
53070,0.11117911338806152
53919,0.10975790023803711
54051,0.08748722076416016
55265,0.10563778877258301
55870,0.1031336784362793
