29822,0.03546905517578125
29549,0.034421682357788086
28452,0.0196993350982666
28633,0.02132129669189453
28125,0.029130935668945312
28852,0.024933815002441406
28973,0.028647422790527344
28995,0.03130459785461426
28983,0.028467655181884766
29072,0.031351327896118164
29172,0.026687145233154297
29057,0.020938873291015625
29035,0.017818450927734375
29134,0.018591880798339844
28942,0.024646282196044922
29146,0.019360065460205078
28782,0.022539854049682617
29723,0.02801966667175293
29868,0.027485132217407227
28830,0.033418893814086914
28989,0.0320737361907959
28775,0.017137765884399414
28770,0.01920604705810547
28966,0.02549886703491211
28972,0.0222170352935791
29016,0.02310323715209961
28984,0.04061102867126465
29065,0.02907848358154297
28925,0.023526668548583984
28572,0.02728891372680664
27786,0.03144097328186035
28627,0.025098323822021484
28621,0.02860093116760254
29205,0.016005516052246094
29394,0.03354477882385254
29597,0.028486967086791992
29196,0.029920578002929688
29059,0.02231764793395996
28995,0.02485823631286621
28898,0.021239757537841797
28921,0.021587610244750977
28942,0.03199434280395508
28936,0.02044677734375
28714,0.0238189697265625
28995,0.028056621551513672
29116,0.021475553512573242
29112,0.015928983688354492
29192,0.021600723266601562
29261,0.022129535675048828
29177,0.027768611907958984
29700,0.018579721450805664
29588,0.022260427474975586
29365,0.034537553787231445
29078,0.020764827728271484
29096,0.027376890182495117
29169,0.024424076080322266
29090,0.023909568786621094
29148,0.049526214599609375
29130,0.016936779022216797
29127,0.026618003845214844
29157,0.0211031436920166
28931,0.03249025344848633
29049,0.026005029678344727
28925,0.0307919979095459
29079,0.025585174560546875
28900,0.021905183792114258
28910,0.03340721130371094
28676,0.031911373138427734
28311,0.0315706729888916
28751,0.0201413631439209
28184,0.029680252075195312
28857,0.025773048400878906
29295,0.02785348892211914
28976,0.02445673942565918
29259,0.01604747772216797
29482,0.029595613479614258
29677,0.028609275817871094
30031,0.0195772647857666
30253,0.027245044708251953
29862,0.031119108200073242
28783,0.0188138484954834
28406,0.019199609756469727
26601,0.020656824111938477
28970,0.021747589111328125
28433,0.027576208114624023
28751,0.028565645217895508
29291,0.03002333641052246
28889,0.019077062606811523
28701,0.02470850944519043
28428,0.027234554290771484
28807,0.021179914474487305
28756,0.016934871673583984
28594,0.02535724639892578
29578,0.0221102237701416
29202,0.022962093353271484
29119,0.02442145347595215
28748,0.020042896270751953
28106,0.019351482391357422
28925,0.020264625549316406
28378,0.0205841064453125
28372,0.021559476852416992
28973,0.021601438522338867
29124,0.01654195785522461
29117,0.02554607391357422
29103,0.019567012786865234
28854,0.019611120223999023
28900,0.016860485076904297
28971,0.02412247657775879
28914,0.031478166580200195
29085,0.017617225646972656
28985,0.02188873291015625
29034,0.022484779357910156
28960,0.0285642147064209
28861,0.028775453567504883
28623,0.023914575576782227
28869,0.019789934158325195
29139,0.031180620193481445
29439,0.026587247848510742
29229,0.027990102767944336
29025,0.022058963775634766
35636,0.033820390701293945
36697,0.037802696228027344
36546,0.04142427444458008
37219,0.039964914321899414
36654,0.035539865493774414
37106,0.03511810302734375
36884,0.027517318725585938
36657,0.042619943618774414
36820,0.03849148750305176
32687,0.03740644454956055
36026,0.026968955993652344
37004,0.03172039985656738
36315,0.029362201690673828
37056,0.03625202178955078
37036,0.03586149215698242
37400,0.030993938446044922
37238,0.035604238510131836
37006,0.029866933822631836
36682,0.03618812561035156
36639,0.02861475944519043
36814,0.035654306411743164
36803,0.026810884475708008
36604,0.03517651557922363
36726,0.02693915367126465
37054,0.03844094276428223
36964,0.026808977127075195
37054,0.035028696060180664
36844,0.024440526962280273
37038,0.03575563430786133
36878,0.03586125373840332
37182,0.03690147399902344
37107,0.02553415298461914
36996,0.039890289306640625
37429,0.0369417667388916
37096,0.036336660385131836
37218,0.023832321166992188
37288,0.0343632698059082
37243,0.037999868392944336
36642,0.03590798377990723
36763,0.0255587100982666
36924,0.03665900230407715
37475,0.03971099853515625
37344,0.02702164649963379
37184,0.026990890502929688
37055,0.04562640190124512
36925,0.03344893455505371
36938,0.041166067123413086
37016,0.03659176826477051
37281,0.029667139053344727
36991,0.031758785247802734
37228,0.036132097244262695
37282,0.024430036544799805
37434,0.03499794006347656
37189,0.02460503578186035
36955,0.03624558448791504
37322,0.036455392837524414
37085,0.03771328926086426
37483,0.03516030311584473
37245,0.036561012268066406
36936,0.03662824630737305
37270,0.03877902030944824
37174,0.030553102493286133
36999,0.03771162033081055
36673,0.03622698783874512
37169,0.03612780570983887
37134,0.043439388275146484
37409,0.03738570213317871
36876,0.03659701347351074
36620,0.024797677993774414
36847,0.04114079475402832
37051,0.0243074893951416
37243,0.028588533401489258
37700,0.03482341766357422
37258,0.03873419761657715
35803,0.03926372528076172
36771,0.02453136444091797
37259,0.02785968780517578
32128,0.03487133979797363
37197,0.0373539924621582
35481,0.02453899383544922
36770,0.02370429039001465
36945,0.0361180305480957
37100,0.041300058364868164
37281,0.03399205207824707
37168,0.02649092674255371
36973,0.035980939865112305
33357,0.032881736755371094
33567,0.034538984298706055
33490,0.02901768684387207
33119,0.02295374870300293
33344,0.025508642196655273
33551,0.029488086700439453
33174,0.0335385799407959
33202,0.02740192413330078
33383,0.026331186294555664
33511,0.022587299346923828
33448,0.029872894287109375
33394,0.031093358993530273
33386,0.03177499771118164
33622,0.02823805809020996
33512,0.03271794319152832
33424,0.02750086784362793
33458,0.021767616271972656
33620,0.0264890193939209
32885,0.03007340431213379
32430,0.020862102508544922
33387,0.02271723747253418
33228,0.031250953674316406
33741,0.028322219848632812
33877,0.02871394157409668
35486,0.0338129997253418
32495,0.1248466968536377
32092,0.11908531188964844
32066,0.12101078033447266
32032,0.09843063354492188
31958,0.09514236450195312
32111,0.09377002716064453
32028,0.10007953643798828
31873,0.10348939895629883
31895,0.09887456893920898
32014,0.0970926284790039
31765,0.09769082069396973
37920,0.09826540946960449
32125,0.09990930557250977
31936,0.0965886116027832
33409,0.08166265487670898
32778,0.12255692481994629
32665,0.12821149826049805
33116,0.09745001792907715
33818,0.10197830200195312
33318,0.1199953556060791
32534,0.12018442153930664
33066,0.11189818382263184
33714,0.10140204429626465
33215,0.09966921806335449
33288,0.12134623527526855
33413,0.12149810791015625
33664,0.11836624145507812
33401,0.10371017456054688
33069,0.09908771514892578
33300,0.12511515617370605
33523,0.12184786796569824
33530,0.08594393730163574
33110,0.10117149353027344
33261,0.09888267517089844
33494,0.09403157234191895
33295,0.11957097053527832
33463,0.1108238697052002
33209,0.1268017292022705
33198,0.11723685264587402
33046,0.08879256248474121
33286,0.10813617706298828
32427,0.10649275779724121
33394,0.07370567321777344
32848,0.12051701545715332
32941,0.11696600914001465
32983,0.12702584266662598
32919,0.09531593322753906
32841,0.11495685577392578
32998,0.11955118179321289
33257,0.09640383720397949
33259,0.11900210380554199
32905,0.11691689491271973
32594,0.11378955841064453
32983,0.10534977912902832
32860,0.09772682189941406
33224,0.10014843940734863
33234,0.1129608154296875
32583,0.09336352348327637
32817,0.10602545738220215
32921,0.12108731269836426
32797,0.12782001495361328
32723,0.12385368347167969
33135,0.12325310707092285
33500,0.10475921630859375
33546,0.12088608741760254
33745,0.10327816009521484
33627,0.09587812423706055
33687,0.12022280693054199
32968,0.11569404602050781
32210,0.10169339179992676
33105,0.09520792961120605
33289,0.10799646377563477
33210,0.09737682342529297
32793,0.0882408618927002
32901,0.10740160942077637
33039,0.11965155601501465
32905,0.1287083625793457
32795,0.10149478912353516
32885,0.12595677375793457
32992,0.11028099060058594
32361,0.11456632614135742
33182,0.0984952449798584
32281,0.09992432594299316
36647,0.11385512351989746
33502,0.10116362571716309
33230,0.09536123275756836
32906,0.10050535202026367
33368,0.09755396842956543
32944,0.11713814735412598
33221,0.12748217582702637
33388,0.10119342803955078
33220,0.09682631492614746
32997,0.1235816478729248
32836,0.0985562801361084
33138,0.10393953323364258
33173,0.11841940879821777
33013,0.11547994613647461
33073,0.09800148010253906
33086,0.09807419776916504
33294,0.0982511043548584
31721,0.09605193138122559
31597,0.12236714363098145
31447,0.09373903274536133
31563,0.12497949600219727
31604,0.11758875846862793
31494,0.1233212947845459
31399,0.09683370590209961
31489,0.09825348854064941
31323,0.09432506561279297
31175,0.0852656364440918
31555,0.10019588470458984
31082,0.1166529655456543
31094,0.1050717830657959
31426,0.12169981002807617
31537,0.09785795211791992
31730,0.11843276023864746
32071,0.09289169311523438
31906,0.09630537033081055
31361,0.10120820999145508
31431,0.09514641761779785
31179,0.10236573219299316
31729,0.11549901962280273
31495,0.11222147941589355
34477,0.07310986518859863
34447,0.08415555953979492
34212,0.1010599136352539
34441,0.12154364585876465
31898,0.09660911560058594
32631,0.09650039672851562
32884,0.11885809898376465
32700,0.1151738166809082
32801,0.09734034538269043
33274,0.09658098220825195
32878,0.10331344604492188
33017,0.12186598777770996
33427,0.09623169898986816
31240,0.09592986106872559
31900,0.0961906909942627
33259,0.0955040454864502
32309,0.0911250114440918
33219,0.11604046821594238
32784,0.09929490089416504
32531,0.07858657836914062
34747,0.08910989761352539
34840,0.09093141555786133
34902,0.10476207733154297
35450,0.13158869743347168
35416,0.09938454627990723
35745,0.09172773361206055
35557,0.09923076629638672
35123,0.11810636520385742
35402,0.09985613822937012
34793,0.09740257263183594
35187,0.1205592155456543
35143,0.10574030876159668
34748,0.09517502784729004
35711,0.11792850494384766
35154,0.11147499084472656
34912,0.10662674903869629
35063,0.08092522621154785
35227,0.09971451759338379
35095,0.09534382820129395
34934,0.09996533393859863
35226,0.08635067939758301
35261,0.0994729995727539
35329,0.12217402458190918
35688,0.1163177490234375
35993,0.1069035530090332
36924,0.12173318862915039
37173,0.09973692893981934
31577,0.0972282886505127
31699,0.09298920631408691
31344,0.11691665649414062
31282,0.11956453323364258
30976,0.11339426040649414
31859,0.10109424591064453
31615,0.09765267372131348
31488,0.1251838207244873
31617,0.08255672454833984
31749,0.08632588386535645
31590,0.08290958404541016
31588,0.09682655334472656
31698,0.0944819450378418
31716,0.09518694877624512
31762,0.09638643264770508
31442,0.09637665748596191
31428,0.07443785667419434
31371,0.09539914131164551
31607,0.09575605392456055
31592,0.1001284122467041
35813,0.10240674018859863
31390,0.1140432357788086
31400,0.11832737922668457
30849,0.10373520851135254
29883,0.11093854904174805
28682,0.09301567077636719
30627,0.11268258094787598
29572,0.12244892120361328
30754,0.08868885040283203
29904,0.09521365165710449
32682,0.09952354431152344
36376,0.1141824722290039
36623,0.11761140823364258
36190,0.12278175354003906
35841,0.10061383247375488
35497,0.09656119346618652
35388,0.11965584754943848
32157,0.11443781852722168
31143,0.10101032257080078
36119,0.12074971199035645
31249,0.0933065414428711
31379,0.1117408275604248
35641,0.07012176513671875
35639,0.1211237907409668
35949,0.09523248672485352
35914,0.11670613288879395
31131,0.0914909839630127
31206,0.0959630012512207
31330,0.09580874443054199
35881,0.11763143539428711
31190,0.11230063438415527
31287,0.10091662406921387
31048,0.11996698379516602
31760,0.09566259384155273
31162,0.11752629280090332
35681,0.11854863166809082
35124,0.11224198341369629
35247,0.12097811698913574
34922,0.11775755882263184
31885,0.09639430046081543
31219,0.11551213264465332
31614,0.1264033317565918
36194,0.07697224617004395
31343,0.11240148544311523
35365,0.11315727233886719
35766,0.11983609199523926
35290,0.0776677131652832
31498,0.11570334434509277
35744,0.10039305686950684
31681,0.11326384544372559
31500,0.10659360885620117
31652,0.12065887451171875
31515,0.11428332328796387
30808,0.1010599136352539
31342,0.09130001068115234
31256,0.12304186820983887
31713,0.12072205543518066
31470,0.08411049842834473
31553,0.0944051742553711
31447,0.11463809013366699
31472,0.09212112426757812
31483,0.12348294258117676
31435,0.08290386199951172
31933,0.08007287979125977
31212,0.11423993110656738
31381,0.11510801315307617
31415,0.09312319755554199
31548,0.08344554901123047
31275,0.1148078441619873
31308,0.07248592376708984
31288,0.10208725929260254
31693,0.12822675704956055
31617,0.11746501922607422
31613,0.09653091430664062
35785,0.09627556800842285
30304,0.10220789909362793
30879,0.09499120712280273
31164,0.09302234649658203
30948,0.11701178550720215
30943,0.09057497978210449
36156,0.1242835521697998
35722,0.10898327827453613
35789,0.11860251426696777
35713,0.07226037979125977
35820,0.11703848838806152
35865,0.09666943550109863
36041,0.12044620513916016
36066,0.11848926544189453
31174,0.09508800506591797
31369,0.10817122459411621
31637,0.1181492805480957
36129,0.10123062133789062
31584,0.11236810684204102
31772,0.10429143905639648
31465,0.09566235542297363
31233,0.07209062576293945
31482,0.10145330429077148
31134,0.12119317054748535
31675,0.11695647239685059
31589,0.11864781379699707
30806,0.09558796882629395
31296,0.09231114387512207
37344,0.1160738468170166
32305,0.11745238304138184
32414,0.11797404289245605
32859,0.09988570213317871
36555,0.09502077102661133
33878,0.11042261123657227
32943,0.11756229400634766
37321,0.12523269653320312
34138,0.07654571533203125
33142,0.10200333595275879
32604,0.11863994598388672
33853,0.11815619468688965
33125,0.11622452735900879
33249,0.12750601768493652
32715,0.0885775089263916
37407,0.12304401397705078
33731,0.09345865249633789
33590,0.12495017051696777
33284,0.09867596626281738
32831,0.12681365013122559
31155,0.12010955810546875
33660,0.11886262893676758
33597,0.09809637069702148
33305,0.09675431251525879
33362,0.11840391159057617
33583,0.10056924819946289
33371,0.09670376777648926
33365,0.0985875129699707
33525,0.12334918975830078
33303,0.12319087982177734
33216,0.12212562561035156
32903,0.10409927368164062
36597,0.1182703971862793
33024,0.0976109504699707
33449,0.11718106269836426
33465,0.09229469299316406
33830,0.09507870674133301
33693,0.11843419075012207
33747,0.09102487564086914
33900,0.11060976982116699
34480,0.10451149940490723
34301,0.09911131858825684
34360,0.09992170333862305
33324,0.09411144256591797
33615,0.09523749351501465
33498,0.10081291198730469
33660,0.08629369735717773
33610,0.09529256820678711
33648,0.11568546295166016
33739,0.08724808692932129
33582,0.10776281356811523
33537,0.12182211875915527
33574,0.10386347770690918
33731,0.11845064163208008
33732,0.09896230697631836
34102,0.06889128684997559
33865,0.11656308174133301
33582,0.11006450653076172
33413,0.09450125694274902
33906,0.11915349960327148
33071,0.0971994400024414
33668,0.10206747055053711
33845,0.08415412902832031
32819,0.0717475414276123
33901,0.11742615699768066
33747,0.10155582427978516
33801,0.08422112464904785
33837,0.09540152549743652
33865,0.09904313087463379
33747,0.10426473617553711
34162,0.11922359466552734
34190,0.09820389747619629
33781,0.1185462474822998
33699,0.11664199829101562
33706,0.0728459358215332
33407,0.09977579116821289
33558,0.09702563285827637
