25971,0.036779165267944336
25825,0.019807815551757812
25849,0.022070646286010742
25918,0.021158695220947266
25673,0.02865910530090332
25926,0.031374454498291016
25918,0.03039240837097168
25916,0.02282547950744629
25899,0.029799222946166992
25911,0.028230905532836914
25969,0.02192234992980957
25933,0.019182920455932617
25936,0.021535396575927734
25941,0.016527175903320312
25962,0.023154020309448242
25988,0.024750709533691406
25957,0.02941751480102539
25989,0.022989511489868164
25976,0.02834916114807129
25886,0.02711319923400879
25725,0.018158435821533203
25794,0.025092124938964844
25891,0.030773162841796875
25933,0.026544570922851562
25963,0.029286623001098633
26013,0.024393320083618164
25969,0.01579594612121582
25980,0.020927906036376953
26029,0.022913694381713867
25787,0.031037092208862305
25418,0.02847576141357422
25972,0.01914501190185547
25688,0.020143747329711914
25905,0.025833845138549805
26016,0.027465343475341797
25946,0.031722068786621094
25848,0.022890806198120117
25871,0.019814729690551758
25985,0.020641326904296875
25936,0.029271602630615234
25952,0.018958091735839844
25982,0.020910024642944336
25960,0.02502298355102539
25904,0.02478623390197754
25856,0.02803325653076172
25862,0.022287368774414062
25899,0.0263974666595459
25917,0.02452397346496582
25988,0.02140045166015625
25969,0.025216102600097656
26005,0.028676509857177734
26001,0.035611629486083984
25861,0.03227567672729492
25795,0.02629375457763672
25732,0.03191399574279785
25878,0.019922256469726562
25927,0.0426936149597168
25936,0.03998112678527832
25921,0.025502443313598633
25942,0.02654719352722168
25957,0.02618575096130371
25944,0.030814409255981445
25905,0.031903743743896484
25900,0.023129940032958984
25953,0.017943143844604492
25942,0.017575502395629883
25936,0.019761323928833008
25890,0.032419443130493164
25722,0.023606538772583008
25892,0.023544788360595703
25191,0.02469611167907715
25835,0.017006635665893555
25924,0.024713516235351562
25943,0.02169942855834961
26025,0.03111433982849121
25953,0.025522232055664062
25981,0.02522134780883789
26112,0.025542736053466797
26005,0.02361273765563965
26080,0.025465726852416992
25949,0.02641463279724121
25422,0.020035266876220703
25469,0.02425074577331543
25965,0.0258791446685791
25761,0.026306629180908203
25552,0.023658275604248047
26114,0.020240068435668945
25970,0.027272939682006836
25788,0.02912425994873047
25489,0.020668745040893555
26046,0.021336078643798828
25964,0.028252840042114258
25411,0.026204586029052734
26041,0.02209758758544922
26093,0.026355266571044922
26144,0.02152252197265625
25897,0.021378040313720703
25277,0.02534961700439453
25888,0.016249895095825195
25739,0.02112126350402832
25871,0.01873612403869629
25949,0.025582313537597656
26054,0.019414901733398438
26031,0.023000001907348633
26057,0.025288820266723633
26021,0.03217601776123047
26017,0.017856121063232422
26023,0.0325162410736084
26031,0.02332448959350586
26004,0.01967477798461914
26021,0.025565624237060547
25991,0.01899099349975586
26021,0.02500009536743164
25968,0.025029420852661133
26003,0.028769731521606445
26002,0.02394890785217285
26019,0.02044057846069336
25975,0.02325296401977539
26005,0.02298283576965332
25963,0.02482748031616211
25040,0.02046799659729004
25189,0.025487661361694336
24931,0.02945709228515625
25338,0.03037095069885254
25196,0.023031949996948242
25178,0.026993989944458008
25109,0.021942615509033203
25089,0.02150249481201172
25109,0.027119159698486328
25048,0.019278526306152344
24736,0.020749568939208984
24799,0.027759075164794922
24747,0.020742416381835938
24995,0.023852109909057617
25013,0.02485179901123047
25100,0.022832393646240234
25213,0.019659042358398438
25183,0.028397560119628906
25157,0.02022385597229004
25140,0.027138471603393555
25152,0.02055048942565918
25161,0.028581857681274414
25183,0.023267030715942383
25174,0.026611328125
25141,0.024255037307739258
25154,0.0231325626373291
25165,0.025203466415405273
25137,0.02072763442993164
25149,0.028842926025390625
25162,0.02184295654296875
25149,0.021012544631958008
25151,0.02754664421081543
25143,0.0255739688873291
25149,0.019353866577148438
25083,0.019812583923339844
25091,0.02752995491027832
25087,0.016819477081298828
25084,0.021544933319091797
25118,0.031011581420898438
25050,0.01903390884399414
25041,0.018335819244384766
25120,0.022529125213623047
25139,0.026905059814453125
25148,0.030302762985229492
25116,0.019834041595458984
25165,0.022546052932739258
25109,0.023710012435913086
25143,0.026713848114013672
25118,0.025646448135375977
25024,0.030846834182739258
25079,0.03335118293762207
25019,0.02734375
25019,0.0201566219329834
25059,0.021428823471069336
25058,0.02374553680419922
25054,0.02450251579284668
25058,0.020070791244506836
25015,0.025089263916015625
25006,0.026125669479370117
25005,0.023961544036865234
25080,0.023470640182495117
25075,0.02281975746154785
25040,0.02045416831970215
25027,0.03153038024902344
25078,0.02319025993347168
25097,0.028232812881469727
25101,0.026021957397460938
25127,0.0221250057220459
25079,0.023122787475585938
25083,0.02027153968811035
25024,0.024656295776367188
24994,0.026477575302124023
25039,0.01949477195739746
24824,0.02988266944885254
24436,0.02669692039489746
24553,0.020877599716186523
24710,0.02586674690246582
24974,0.020740032196044922
24903,0.021950244903564453
24637,0.02153182029724121
24609,0.02935791015625
24706,0.026700496673583984
25028,0.018754959106445312
25294,0.020743370056152344
25105,0.019722461700439453
25135,0.032356977462768555
24846,0.03157162666320801
24826,0.02689218521118164
24857,0.02216315269470215
24863,0.020721912384033203
24842,0.027112245559692383
24840,0.018110990524291992
24790,0.023480892181396484
24812,0.02782154083251953
24874,0.028287410736083984
24808,0.02698040008544922
24787,0.029413700103759766
24797,0.026865482330322266
24820,0.020084142684936523
24817,0.030317306518554688
24806,0.027004003524780273
24825,0.028183698654174805
24826,0.025498628616333008
24831,0.03097224235534668
24814,0.016509532928466797
24827,0.026175975799560547
24533,0.027224063873291016
24627,0.023337125778198242
24699,0.02547144889831543
24746,0.021981000900268555
23711,0.026817798614501953
26348,0.09680724143981934
26356,0.11630988121032715
26348,0.10831236839294434
26368,0.09152340888977051
26326,0.09520125389099121
23375,0.10072135925292969
23375,0.10072135925292969
23377,0.10158848762512207
23388,0.09566617012023926
23372,0.11929893493652344
24612,0.0811774730682373
24612,0.0811774730682373
24385,0.11705970764160156
26910,0.11530804634094238
26910,0.11530804634094238
26862,0.0928187370300293
26841,0.11210250854492188
26846,0.11401128768920898
26890,0.1077876091003418
26775,0.09571266174316406
26692,0.09954643249511719
26714,0.09968709945678711
26734,0.09845399856567383
26694,0.09533190727233887
26641,0.0995945930480957
26763,0.12036466598510742
26684,0.1131589412689209
26573,0.11490774154663086
26636,0.11092662811279297
26725,0.12525200843811035
26789,0.10978913307189941
26786,0.1008448600769043
26790,0.1127779483795166
26824,0.11539506912231445
26809,0.11261439323425293
26812,0.09607124328613281
26803,0.11883687973022461
26766,0.11676478385925293
26805,0.1210319995880127
26733,0.11947011947631836
26696,0.11218786239624023
26700,0.11680936813354492
26701,0.12548351287841797
26746,0.10121870040893555
26799,0.10501384735107422
26759,0.11589527130126953
26811,0.11407804489135742
26670,0.061228275299072266
26759,0.11365079879760742
26807,0.11463046073913574
26751,0.11315155029296875
26626,0.08491325378417969
26729,0.0986480712890625
26697,0.11723756790161133
26742,0.10885095596313477
26650,0.11945128440856934
26698,0.11443853378295898
26600,0.11904573440551758
26547,0.11467194557189941
26593,0.08935880661010742
26591,0.09757685661315918
26531,0.11725330352783203
26517,0.11851310729980469
26437,0.11457490921020508
26570,0.10537481307983398
26556,0.09468626976013184
26635,0.09477353096008301
26269,0.11482357978820801
26185,0.1042165756225586
26347,0.09538936614990234
26129,0.09365034103393555
26093,0.11914515495300293
25893,0.10873103141784668
25992,0.10865044593811035
25995,0.09308695793151855
26047,0.12185454368591309
26044,0.12490296363830566
26147,0.09043574333190918
26437,0.08293533325195312
26656,0.08833789825439453
26523,0.11960935592651367
26643,0.11633968353271484
26463,0.12406635284423828
26736,0.11170816421508789
26978,0.12250304222106934
26919,0.10419249534606934
26911,0.09716272354125977
26858,0.11365342140197754
26822,0.11547994613647461
26848,0.09580349922180176
26843,0.11803221702575684
26868,0.09360384941101074
26874,0.11866044998168945
26841,0.09892082214355469
26892,0.08881187438964844
26877,0.1185312271118164
26881,0.11910510063171387
26898,0.0944366455078125
26921,0.09991741180419922
26899,0.1175527572631836
26972,0.11302042007446289
26947,0.11481022834777832
26962,0.09319090843200684
26957,0.10641145706176758
26969,0.11916995048522949
26982,0.09547257423400879
26990,0.09878706932067871
24144,0.0941617488861084
24157,0.09438419342041016
27334,0.09325981140136719
27293,0.09410881996154785
27304,0.07504391670227051
27285,0.09541606903076172
27291,0.09598898887634277
27339,0.11351299285888672
27321,0.11528158187866211
24183,0.10091471672058105
27352,0.10077190399169922
24100,0.09182262420654297
24196,0.09815359115600586
24150,0.09699320793151855
24177,0.09589028358459473
27376,0.09883761405944824
24548,0.077301025390625
24364,0.0897972583770752
24139,0.0972893238067627
23672,0.1020655632019043
23672,0.1020655632019043
23915,0.09551429748535156
23869,0.10822129249572754
23857,0.10370278358459473
23896,0.09380245208740234
23902,0.09296250343322754
23877,0.0921485424041748
23967,0.09279656410217285
23754,0.09582662582397461
23458,0.09411978721618652
23469,0.09188604354858398
23832,0.08004236221313477
23481,0.09628486633300781
25510,0.11295938491821289
25510,0.11295938491821289
27019,0.08877182006835938
27018,0.11681580543518066
27066,0.09689116477966309
26983,0.11868858337402344
27025,0.11738061904907227
27016,0.09317398071289062
27007,0.11801981925964355
26937,0.09697341918945312
27043,0.06767964363098145
26941,0.09801197052001953
27043,0.09505867958068848
26992,0.09705495834350586
26992,0.10390472412109375
26971,0.09843063354492188
26993,0.11268496513366699
26959,0.1190338134765625
26942,0.11619138717651367
26935,0.09818673133850098
27018,0.11334419250488281
27011,0.11681532859802246
27105,0.10216784477233887
27020,0.09172725677490234
26919,0.11392998695373535
27153,0.11508393287658691
27036,0.10107612609863281
26552,0.10023307800292969
23851,0.11694216728210449
23851,0.11694216728210449
23851,0.11694216728210449
23951,0.12178182601928711
23591,0.09500694274902344
23562,0.09452652931213379
23307,0.06827616691589355
23798,0.1181631088256836
23728,0.1002194881439209
23367,0.09153056144714355
23871,0.09548044204711914
23852,0.08630251884460449
23877,0.07169723510742188
23862,0.0621798038482666
23822,0.09538865089416504
23866,0.09902262687683105
23831,0.09163904190063477
23823,0.09575748443603516
23858,0.1133887767791748
23794,0.11714482307434082
23846,0.11742663383483887
25143,0.09667587280273438
25179,0.11533284187316895
25246,0.09625077247619629
25062,0.11571073532104492
24649,0.11733031272888184
24679,0.10892224311828613
24360,0.11505579948425293
24641,0.09237837791442871
24454,0.09429764747619629
24650,0.1112208366394043
25069,0.09289240837097168
25476,0.11773443222045898
25116,0.09401869773864746
24925,0.07866549491882324
24917,0.09626054763793945
24794,0.10871171951293945
24784,0.11242890357971191
24874,0.10598516464233398
25407,0.11775827407836914
25027,0.09546899795532227
25086,0.08935832977294922
25075,0.09214568138122559
25122,0.0843055248260498
25147,0.1132044792175293
25094,0.10950183868408203
25079,0.11202669143676758
25114,0.11796951293945312
25121,0.09161543846130371
25109,0.1224813461303711
25108,0.1083686351776123
25129,0.09546351432800293
25181,0.10979866981506348
25011,0.1114809513092041
25049,0.09536480903625488
24811,0.0921027660369873
25242,0.0962076187133789
24974,0.11042475700378418
24841,0.0911717414855957
24781,0.11489152908325195
25044,0.12457466125488281
25360,0.09796929359436035
25103,0.09177565574645996
25084,0.08712124824523926
25061,0.11124157905578613
25049,0.1118319034576416
25042,0.11565732955932617
24986,0.10447859764099121
25110,0.09230947494506836
25109,0.10877132415771484
25015,0.11893582344055176
25146,0.11320781707763672
25097,0.09326839447021484
25051,0.09210705757141113
25096,0.09899783134460449
24713,0.1187899112701416
25138,0.10767388343811035
25082,0.09224152565002441
25095,0.11337614059448242
25167,0.11853551864624023
25125,0.10976314544677734
25124,0.0920560359954834
25168,0.11370682716369629
25138,0.11094379425048828
25145,0.09190082550048828
25169,0.11907649040222168
25132,0.117950439453125
25052,0.10869264602661133
24980,0.10703349113464355
25022,0.11024045944213867
24987,0.09565472602844238
24961,0.11104655265808105
25174,0.09006285667419434
25051,0.10833907127380371
24716,0.06812667846679688
24787,0.11522746086120605
24710,0.11503314971923828
24994,0.09333324432373047
25268,0.12328886985778809
25066,0.09128403663635254
25210,0.11100935935974121
25383,0.1190025806427002
25133,0.11274266242980957
25080,0.09242725372314453
25076,0.09427809715270996
25070,0.09363794326782227
24990,0.11433768272399902
24988,0.09055161476135254
25069,0.11605000495910645
25078,0.10918569564819336
25128,0.09785008430480957
25144,0.11391973495483398
25157,0.11745858192443848
25122,0.08841490745544434
25109,0.09725522994995117
25106,0.08168721199035645
25025,0.11318039894104004
25019,0.10347151756286621
24964,0.12485051155090332
25212,0.09320712089538574
25090,0.11357641220092773
24973,0.09307193756103516
24845,0.09314179420471191
25138,0.09520697593688965
25138,0.09520697593688965
25037,0.12226700782775879
25602,0.10531735420227051
25226,0.10201454162597656
24943,0.07354569435119629
25361,0.10219025611877441
25262,0.09583592414855957
25223,0.1083984375
25381,0.11951684951782227
25320,0.1096651554107666
25120,0.12506842613220215
25237,0.07233548164367676
25355,0.11719751358032227
25396,0.11875605583190918
25278,0.11063790321350098
25150,0.11338591575622559
25263,0.10760641098022461
25509,0.11375665664672852
25412,0.09125876426696777
25079,0.11629962921142578
25072,0.09228658676147461
25504,0.09821772575378418
25435,0.09246206283569336
25397,0.10459232330322266
25378,0.09769630432128906
25388,0.09772515296936035
25389,0.11576533317565918
25398,0.10354328155517578
25396,0.09607982635498047
25330,0.09568619728088379
25301,0.09486937522888184
25194,0.07431793212890625
25104,0.09698724746704102
25706,0.11175107955932617
25446,0.09251165390014648
25424,0.11334633827209473
25402,0.11951398849487305
25443,0.07302188873291016
25446,0.09175896644592285
25462,0.09377193450927734
25519,0.0892477035522461
25559,0.11358880996704102
25686,0.11699151992797852
25193,0.12308955192565918
25287,0.09059524536132812
25393,0.11374211311340332
25436,0.09661626815795898
25429,0.09332728385925293
25456,0.08858871459960938
25416,0.10210323333740234
25450,0.09417247772216797
25458,0.0970768928527832
25427,0.09868812561035156
25444,0.0930490493774414
25440,0.06851506233215332
25472,0.10282564163208008
25462,0.09845161437988281
25463,0.11624884605407715
25334,0.10019731521606445
25256,0.09614396095275879
24913,0.11255192756652832
25259,0.09495019912719727
24878,0.11446142196655273
25745,0.09335899353027344
25437,0.09851408004760742
25428,0.11527013778686523
25476,0.09596085548400879
25467,0.12051510810852051
25416,0.1165313720703125
24355,0.11714839935302734
24355,0.11714839935302734
24332,0.09123015403747559
24274,0.10952281951904297
24253,0.09200835227966309
24208,0.11525082588195801
23871,0.11443042755126953
24475,0.09264922142028809
