25588,0.038934946060180664
25321,0.0271148681640625
25477,0.02871394157409668
25253,0.020030975341796875
27573,0.015722036361694336
25285,0.02561330795288086
25345,0.03292131423950195
25345,0.020452260971069336
25295,0.022395849227905273
25313,0.025121688842773438
25352,0.01633453369140625
25316,0.027959346771240234
25330,0.026207685470581055
25331,0.027049541473388672
25308,0.015530109405517578
25339,0.01732015609741211
25336,0.029445648193359375
25175,0.018903255462646484
25539,0.029576539993286133
25287,0.027502775192260742
24958,0.018249988555908203
25123,0.028756141662597656
25253,0.02602696418762207
25386,0.023035049438476562
25307,0.019051790237426758
25449,0.01667475700378418
25423,0.025408506393432617
25480,0.02945399284362793
25559,0.025923967361450195
25277,0.027364253997802734
27564,0.028632164001464844
25526,0.021519899368286133
27877,0.0218813419342041
25249,0.02373337745666504
25296,0.028898239135742188
25253,0.021976470947265625
25264,0.021052122116088867
25422,0.021930456161499023
25458,0.02068161964416504
25374,0.01896977424621582
25383,0.01694488525390625
25432,0.023551225662231445
25396,0.019306421279907227
25403,0.025389432907104492
25389,0.0355832576751709
25407,0.020381689071655273
25382,0.020543336868286133
25370,0.02393507957458496
25405,0.028414249420166016
25414,0.01965475082397461
25391,0.017110109329223633
25559,0.021753787994384766
25266,0.023511886596679688
25187,0.02708601951599121
25328,0.03106069564819336
25436,0.02500629425048828
25474,0.03375554084777832
25473,0.04162192344665527
25498,0.02515268325805664
25471,0.021730422973632812
25462,0.019460678100585938
25471,0.02901005744934082
25463,0.0250396728515625
25483,0.023355484008789062
25522,0.024698734283447266
25484,0.020113468170166016
25542,0.021882057189941406
25544,0.020872116088867188
25574,0.021229028701782227
25781,0.024625062942504883
25404,0.023668527603149414
25126,0.01824808120727539
25308,0.02015376091003418
25602,0.02099752426147461
25604,0.0182645320892334
25613,0.025860309600830078
25680,0.021346569061279297
25775,0.020507097244262695
25962,0.031803131103515625
25544,0.0157623291015625
25607,0.019601821899414062
25004,0.026571989059448242
27934,0.025357484817504883
25908,0.02184581756591797
25468,0.03442525863647461
27755,0.02008652687072754
25999,0.021813392639160156
25715,0.021093130111694336
25322,0.02557373046875
27735,0.020940065383911133
25905,0.022849559783935547
25489,0.03172588348388672
24942,0.02474188804626465
25747,0.025951147079467773
25748,0.020847797393798828
25884,0.024033784866333008
25337,0.026624441146850586
27473,0.022243499755859375
25907,0.025906801223754883
25794,0.020090341567993164
25271,0.024877071380615234
25701,0.02076125144958496
25607,0.02214980125427246
25602,0.026990175247192383
25524,0.025891780853271484
25558,0.02959442138671875
25542,0.01865220069885254
25542,0.025516033172607422
25536,0.030166149139404297
25558,0.025297164916992188
25609,0.023851871490478516
25559,0.025249719619750977
25511,0.023447275161743164
25589,0.028583526611328125
25535,0.026755332946777344
25579,0.023080825805664062
25565,0.0165560245513916
25620,0.01715826988220215
25655,0.018720149993896484
25618,0.028244495391845703
26458,0.028554677963256836
26440,0.028959035873413086
26365,0.026274442672729492
26747,0.031665802001953125
26559,0.02597832679748535
26587,0.02219223976135254
26483,0.019129037857055664
26458,0.026378631591796875
26479,0.03253793716430664
26576,0.021461963653564453
26125,0.020832300186157227
26075,0.025887250900268555
26202,0.021996021270751953
26509,0.03280472755432129
26571,0.021218061447143555
26594,0.03432631492614746
26683,0.022665739059448242
26602,0.0209200382232666
26596,0.022034883499145508
26521,0.024577617645263672
26477,0.023827791213989258
26541,0.02390599250793457
26536,0.03299260139465332
26504,0.024377107620239258
26535,0.021528959274291992
26528,0.02046990394592285
26522,0.021883726119995117
26496,0.022706031799316406
26527,0.020925045013427734
26497,0.030613183975219727
26506,0.019324541091918945
26529,0.02290487289428711
26528,0.02383708953857422
26525,0.021578073501586914
26424,0.022371530532836914
26346,0.022362470626831055
26396,0.02618241310119629
26452,0.019957542419433594
26433,0.027245283126831055
26381,0.019130229949951172
26408,0.0283660888671875
26323,0.02413201332092285
26453,0.028511762619018555
26325,0.027294635772705078
26437,0.026476144790649414
26525,0.029581308364868164
26299,0.033292531967163086
26466,0.018279314041137695
26507,0.027582406997680664
26321,0.03401780128479004
26373,0.028370141983032227
26387,0.022951602935791016
26312,0.021264314651489258
26373,0.019472360610961914
26329,0.02426433563232422
26290,0.021030187606811523
26374,0.02410292625427246
26312,0.03279542922973633
26299,0.027324199676513672
26216,0.02850651741027832
26424,0.01985645294189453
26398,0.0230104923248291
26380,0.02119612693786621
26345,0.03993415832519531
26377,0.033646345138549805
26500,0.020687103271484375
26479,0.02685546875
26515,0.022243261337280273
26485,0.018908262252807617
26462,0.026017189025878906
26417,0.0369417667388916
26382,0.027546405792236328
26467,0.021700382232666016
26458,0.03298521041870117
25896,0.01901555061340332
25868,0.03080439567565918
26095,0.020560741424560547
26622,0.032621145248413086
26528,0.02300858497619629
26066,0.027990341186523438
25926,0.02092456817626953
26083,0.02584362030029297
26340,0.02270054817199707
26801,0.026187896728515625
26445,0.022092580795288086
26443,0.02256488800048828
27623,0.027622222900390625
27538,0.029155969619750977
27592,0.020092248916625977
27582,0.028677701950073242
27596,0.024969816207885742
27509,0.019559383392333984
27490,0.030897855758666992
27501,0.02962493896484375
27551,0.0304718017578125
27518,0.03133201599121094
27522,0.024243593215942383
27494,0.018581390380859375
27480,0.02022266387939453
27498,0.02816152572631836
27472,0.03486371040344238
27502,0.019287824630737305
27515,0.024785757064819336
27611,0.0247802734375
27600,0.028322935104370117
27703,0.03169131278991699
27055,0.026502370834350586
27297,0.02320718765258789
27306,0.02460646629333496
27323,0.026102304458618164
26378,0.02282857894897461
25408,0.0996098518371582
25470,0.11709213256835938
25423,0.09642291069030762
25417,0.1078803539276123
25413,0.09794068336486816
25463,0.09574651718139648
25442,0.09745144844055176
25399,0.09286117553710938
25413,0.11880350112915039
25354,0.12112092971801758
27837,0.11833977699279785
27837,0.11833977699279785
27624,0.0833134651184082
28462,0.08757805824279785
28462,0.08757805824279785
28455,0.11258101463317871
28412,0.09029698371887207
28521,0.0895535945892334
28363,0.10510468482971191
28151,0.1298222541809082
28343,0.12223958969116211
28470,0.10186219215393066
28254,0.12193846702575684
28102,0.08764505386352539
28265,0.09359264373779297
28160,0.10870170593261719
28125,0.11416363716125488
28150,0.08638191223144531
25125,0.12300395965576172
25225,0.09899425506591797
28470,0.0739891529083252
28519,0.10504412651062012
28478,0.09445810317993164
28542,0.09709548950195312
28521,0.08156418800354004
28481,0.10202670097351074
28555,0.08538365364074707
28458,0.09361958503723145
28269,0.09277081489562988
28113,0.1079871654510498
28304,0.0844879150390625
28337,0.0894925594329834
28238,0.09041881561279297
28296,0.10532522201538086
28386,0.08027219772338867
25256,0.08029413223266602
28488,0.10332345962524414
28421,0.0860145092010498
28450,0.10099983215332031
28543,0.11632394790649414
28458,0.10858368873596191
28401,0.1017465591430664
28233,0.10634255409240723
28259,0.10976243019104004
28267,0.1113896369934082
28369,0.1096651554107666
28510,0.08760809898376465
28421,0.11555933952331543
28273,0.1009359359741211
28392,0.10271000862121582
28409,0.09129452705383301
28434,0.08890390396118164
28355,0.0863182544708252
28425,0.12029194831848145
28432,0.12482333183288574
28486,0.11081862449645996
28564,0.11241674423217773
27995,0.11564326286315918
27505,0.10830450057983398
27943,0.10890841484069824
27638,0.09171271324157715
27315,0.12139368057250977
27543,0.1199338436126709
27551,0.08406639099121094
27633,0.08013081550598145
27518,0.09629511833190918
27607,0.11956381797790527
27943,0.08912014961242676
28255,0.10456705093383789
28302,0.07962632179260254
28115,0.08554244041442871
28347,0.07028961181640625
27779,0.08464574813842773
28293,0.08525943756103516
28570,0.0977470874786377
28551,0.10024714469909668
28466,0.09826111793518066
28474,0.09132051467895508
28403,0.11084103584289551
28438,0.11696410179138184
28431,0.07565999031066895
28491,0.10049772262573242
28482,0.08378410339355469
28446,0.10158157348632812
28515,0.0896446704864502
28517,0.07613730430603027
28532,0.10420870780944824
28585,0.10496878623962402
28490,0.11625289916992188
28431,0.10266709327697754
27876,0.0868842601776123
27904,0.09563302993774414
27861,0.10088586807250977
27845,0.11237931251525879
27843,0.10039710998535156
27860,0.08979296684265137
27849,0.09041762351989746
25126,0.0962834358215332
25210,0.11158204078674316
25100,0.09886980056762695
25119,0.11568570137023926
25091,0.11190152168273926
25085,0.08699226379394531
25142,0.09596776962280273
25130,0.093536376953125
25134,0.09536123275756836
25354,0.09513330459594727
25509,0.09553933143615723
25200,0.0926518440246582
25243,0.08075523376464844
25244,0.09587693214416504
25282,0.08490800857543945
25325,0.09272980690002441
28174,0.1123354434967041
27618,0.0876011848449707
27551,0.09357500076293945
27551,0.09357500076293945
26516,0.09226775169372559
26727,0.09975218772888184
26629,0.10199451446533203
26587,0.09208846092224121
26678,0.11873483657836914
26663,0.0925145149230957
26432,0.09167623519897461
26481,0.0982060432434082
26102,0.0998988151550293
25848,0.08606743812561035
26204,0.11912679672241211
26759,0.09282684326171875
26032,0.09496283531188965
26927,0.0952298641204834
26636,0.10979652404785156
26586,0.10937833786010742
26050,0.1036374568939209
26240,0.0926823616027832
26170,0.1025075912475586
25951,0.11429047584533691
25983,0.09438014030456543
26125,0.09635353088378906
26010,0.09593772888183594
26018,0.0942072868347168
25982,0.09730195999145508
25982,0.08916687965393066
25994,0.1161806583404541
25995,0.0953984260559082
25999,0.10773515701293945
26100,0.1143498420715332
25921,0.11363792419433594
25876,0.11275815963745117
25821,0.0988776683807373
25754,0.11349940299987793
25752,0.11342263221740723
25770,0.11290574073791504
26047,0.0706789493560791
26158,0.09528875350952148
25890,0.10071396827697754
26236,0.10836410522460938
26024,0.11514735221862793
25296,0.09775114059448242
26563,0.09143209457397461
28865,0.08134865760803223
25757,0.11303830146789551
28670,0.09347295761108398
28036,0.09505510330200195
27668,0.094757080078125
25548,0.1137688159942627
28415,0.09615278244018555
28335,0.11772298812866211
28873,0.11150622367858887
28920,0.08472537994384766
28841,0.11399674415588379
28892,0.09457850456237793
28961,0.0946507453918457
28909,0.0953361988067627
28906,0.11999177932739258
28908,0.09532618522644043
28910,0.09035420417785645
28888,0.09563374519348145
28947,0.11470842361450195
25642,0.11060810089111328
25596,0.09600472450256348
25593,0.09350037574768066
25340,0.12139296531677246
24268,0.09097623825073242
24462,0.10352015495300293
24577,0.11625838279724121
24538,0.1133723258972168
24700,0.09271430969238281
25068,0.09716391563415527
25651,0.10233235359191895
25788,0.09486675262451172
25513,0.09504461288452148
25243,0.10924077033996582
25285,0.11544036865234375
25215,0.11776947975158691
24966,0.09063315391540527
25013,0.09996557235717773
25857,0.10511159896850586
25522,0.09538960456848145
25556,0.1135408878326416
25580,0.1056220531463623
25626,0.11222434043884277
25620,0.11258840560913086
25535,0.09812021255493164
25576,0.1227109432220459
25562,0.11437034606933594
25588,0.09514594078063965
25579,0.09154367446899414
25595,0.11455464363098145
25601,0.09029912948608398
25663,0.06919431686401367
25426,0.11676549911499023
25439,0.09108972549438477
24765,0.11704707145690918
25644,0.07817387580871582
25348,0.07679080963134766
25156,0.10178637504577637
25057,0.08980727195739746
25285,0.10893893241882324
25718,0.11576557159423828
25551,0.12003159523010254
25472,0.09179043769836426
25539,0.09029579162597656
25541,0.09201264381408691
25408,0.11712408065795898
25197,0.09351706504821777
25410,0.11191225051879883
25528,0.08846259117126465
25445,0.11475920677185059
25618,0.09562969207763672
25545,0.09571027755737305
25271,0.11378216743469238
25289,0.09758663177490234
24771,0.12157440185546875
25482,0.10547995567321777
25475,0.11808967590332031
25523,0.09461522102355957
25556,0.10784077644348145
25562,0.09557867050170898
25583,0.11417460441589355
25673,0.11510443687438965
25595,0.09698629379272461
25631,0.09104681015014648
25666,0.12934231758117676
25435,0.1126558780670166
25412,0.11592626571655273
25256,0.11028051376342773
25362,0.08748793601989746
25209,0.09442472457885742
24947,0.11691880226135254
25372,0.09502696990966797
25377,0.12383747100830078
25065,0.09010696411132812
25068,0.09043169021606445
24609,0.11138606071472168
25081,0.1016530990600586
25512,0.09404945373535156
25345,0.08389878273010254
25679,0.10398459434509277
25823,0.06651616096496582
25627,0.10825848579406738
25563,0.11532354354858398
25505,0.07723617553710938
25526,0.11928868293762207
25441,0.06637763977050781
25453,0.11634445190429688
25529,0.09189081192016602
25480,0.11313128471374512
25523,0.09502863883972168
25605,0.09658932685852051
25581,0.11371707916259766
25638,0.11327481269836426
25621,0.11774659156799316
25591,0.07496786117553711
25579,0.09290242195129395
25366,0.09991884231567383
25115,0.09771394729614258
25632,0.0970618724822998
25429,0.09220027923583984
25113,0.1031641960144043
24753,0.09013509750366211
25469,0.09557557106018066
26409,0.09676885604858398
26445,0.11830735206604004
27076,0.1217508316040039
26507,0.11699771881103516
26279,0.09519100189208984
26406,0.11053919792175293
26507,0.11550426483154297
26348,0.0896146297454834
26635,0.1139836311340332
26489,0.11857748031616211
26449,0.11905479431152344
25770,0.09875869750976562
26868,0.09087181091308594
26762,0.0882868766784668
26411,0.11231637001037598
26328,0.09327483177185059
26790,0.0920555591583252
26768,0.11242198944091797
26743,0.11530828475952148
26704,0.11130881309509277
26231,0.09525299072265625
27043,0.11787700653076172
26985,0.09495282173156738
26908,0.09082388877868652
26895,0.09204649925231934
26904,0.1194753646850586
26928,0.09839534759521484
26919,0.09315013885498047
26908,0.09676599502563477
26830,0.10800600051879883
26745,0.08782267570495605
26384,0.11633110046386719
26195,0.10904264450073242
26806,0.10178017616271973
26897,0.1011648178100586
26910,0.09302425384521484
26876,0.11326813697814941
26928,0.11789226531982422
26887,0.09774470329284668
26908,0.09377455711364746
26973,0.09217524528503418
27157,0.09091472625732422
27179,0.09924983978271484
26646,0.10153412818908691
26874,0.11887025833129883
26849,0.09300971031188965
26916,0.09267401695251465
26932,0.11584115028381348
26853,0.0863182544708252
26874,0.1324472427368164
26927,0.11523985862731934
26890,0.09928274154663086
26868,0.09659385681152344
26940,0.0962686538696289
26865,0.0893707275390625
26928,0.11792206764221191
26950,0.09435200691223145
26804,0.11128997802734375
26568,0.09510946273803711
26405,0.09098958969116211
26108,0.08910703659057617
26469,0.1142268180847168
26631,0.1168375015258789
27345,0.09752488136291504
26875,0.09408068656921387
26945,0.09983348846435547
26924,0.07939291000366211
26838,0.10771942138671875
26828,0.09758329391479492
25129,0.11449527740478516
25129,0.11449527740478516
24982,0.11415433883666992
24949,0.09977269172668457
24940,0.10947775840759277
24907,0.09292912483215332
24953,0.08940505981445312
25337,0.06873250007629395
