29600,0.042414188385009766
29565,0.037981510162353516
29720,0.02956080436706543
29732,0.02526569366455078
29089,0.022170066833496094
29685,0.03344368934631348
29811,0.024187803268432617
29616,0.028555631637573242
29623,0.02609562873840332
29780,0.033123016357421875
29772,0.02156233787536621
29719,0.028835773468017578
29840,0.024984359741210938
29569,0.024259567260742188
29766,0.024712800979614258
29591,0.026423931121826172
29653,0.02454972267150879
29467,0.025861263275146484
29678,0.01826786994934082
29645,0.027219295501708984
29593,0.031038761138916016
29514,0.030622005462646484
29554,0.0191042423248291
29612,0.02604198455810547
29729,0.026149749755859375
29667,0.025548934936523438
29855,0.02112126350402832
29896,0.02738046646118164
29961,0.027484416961669922
29660,0.0288541316986084
28652,0.024352312088012695
29653,0.029194355010986328
29321,0.03017115592956543
29649,0.023072481155395508
29608,0.028357744216918945
29495,0.028833627700805664
29416,0.024153709411621094
29659,0.024268150329589844
29591,0.032850027084350586
29667,0.021673202514648438
29705,0.024440765380859375
29577,0.033560991287231445
29648,0.03257870674133301
29594,0.027925968170166016
29609,0.024808168411254883
29492,0.022843599319458008
29504,0.02403426170349121
29479,0.024054527282714844
29444,0.021670103073120117
29526,0.020315170288085938
29584,0.023381948471069336
29438,0.019987821578979492
29569,0.03021693229675293
29601,0.02500605583190918
29426,0.030987024307250977
29583,0.018322229385375977
29594,0.017389535903930664
29608,0.03913402557373047
29628,0.030376195907592773
29625,0.03308463096618652
29680,0.025758981704711914
29695,0.0298764705657959
29691,0.017881155014038086
29542,0.019418954849243164
29573,0.02406907081604004
29744,0.02898693084716797
29776,0.03280043601989746
29657,0.026001691818237305
29764,0.026170730590820312
29673,0.018825531005859375
29783,0.01818704605102539
29173,0.023210525512695312
29507,0.02834486961364746
29726,0.016642093658447266
29898,0.03180575370788574
30123,0.01787567138671875
29910,0.029542207717895508
29918,0.025585412979125977
29890,0.018876314163208008
29721,0.01852273941040039
29908,0.01959371566772461
29628,0.031040430068969727
28092,0.020937204360961914
30193,0.020114421844482422
29935,0.01952219009399414
28911,0.026764869689941406
29876,0.03125643730163574
30055,0.02044844627380371
29818,0.021939992904663086
29534,0.032469749450683594
29841,0.023096799850463867
29816,0.01948833465576172
29454,0.03322100639343262
29940,0.023310422897338867
30103,0.025649547576904297
30283,0.03014516830444336
30065,0.02078390121459961
28670,0.02340388298034668
29756,0.02044224739074707
29977,0.018857479095458984
29965,0.021302461624145508
29710,0.026911258697509766
30015,0.02760171890258789
29899,0.015501022338867188
30064,0.021302461624145508
29817,0.034950971603393555
29877,0.018111467361450195
29845,0.02042555809020996
29823,0.020406007766723633
29852,0.020602703094482422
29843,0.020664453506469727
29798,0.02214217185974121
29885,0.03103160858154297
29691,0.028964519500732422
29712,0.026717662811279297
29838,0.029589414596557617
29749,0.02341604232788086
29783,0.022571325302124023
29883,0.03136587142944336
29824,0.019180774688720703
27726,0.03997468948364258
27729,0.033007144927978516
27571,0.025829076766967773
28139,0.03420209884643555
27870,0.033774375915527344
27848,0.026784896850585938
27755,0.0209808349609375
27707,0.02446579933166504
27749,0.034600257873535156
28126,0.027779102325439453
27506,0.02724456787109375
27319,0.02728104591369629
27516,0.029395341873168945
27713,0.02736210823059082
27659,0.019701480865478516
27831,0.03593182563781738
27821,0.033669233322143555
27723,0.021167516708374023
27685,0.022119522094726562
27583,0.01862502098083496
27601,0.026270151138305664
27754,0.032263994216918945
27718,0.03148913383483887
27736,0.02773451805114746
27745,0.02709054946899414
27742,0.02787470817565918
27682,0.030938386917114258
27616,0.02309727668762207
27638,0.03824305534362793
27673,0.02817821502685547
27623,0.023670434951782227
27742,0.03161907196044922
27772,0.02299952507019043
27670,0.03033924102783203
27678,0.02460479736328125
27515,0.020734071731567383
27524,0.02063584327697754
27684,0.0223236083984375
27639,0.023357629776000977
27499,0.02109384536743164
27555,0.020519018173217773
27593,0.026347637176513672
27706,0.022601604461669922
27679,0.02476954460144043
27476,0.021703243255615234
27462,0.023761987686157227
27617,0.02291584014892578
27657,0.02969503402709961
27643,0.021138906478881836
27504,0.01935267448425293
27640,0.02694845199584961
27559,0.024668455123901367
27509,0.026740550994873047
27584,0.029099225997924805
27536,0.036325693130493164
27777,0.0189974308013916
27741,0.03596353530883789
27568,0.020432472229003906
27531,0.02065300941467285
27586,0.032239437103271484
27552,0.029241085052490234
27558,0.02247166633605957
27579,0.024089336395263672
27590,0.02835392951965332
27557,0.029208898544311523
27779,0.03470277786254883
27557,0.03587961196899414
27709,0.042008161544799805
27610,0.03206968307495117
27704,0.03658008575439453
27701,0.021585464477539062
27699,0.028575420379638672
27801,0.03093743324279785
28265,0.03554511070251465
27176,0.01881694793701172
27338,0.030585289001464844
27421,0.02706623077392578
27947,0.030191659927368164
28097,0.031037092208862305
27515,0.017854928970336914
27087,0.022951841354370117
27249,0.023511409759521484
27310,0.015419960021972656
28152,0.021111249923706055
27637,0.02469658851623535
27706,0.02983379364013672
27956,0.030028104782104492
27986,0.03303027153015137
28082,0.030339479446411133
27814,0.029423952102661133
27955,0.016225337982177734
27809,0.02602076530456543
28005,0.02960824966430664
27812,0.024504423141479492
27831,0.029512643814086914
27862,0.026427030563354492
27909,0.026781320571899414
27827,0.02248525619506836
27818,0.02493882179260254
27877,0.029740333557128906
27846,0.024813413619995117
27826,0.01910710334777832
27678,0.031057119369506836
27895,0.025705337524414062
28324,0.02477288246154785
27775,0.032887935638427734
27229,0.026671886444091797
27384,0.020435094833374023
27595,0.019714832305908203
27627,0.024910449981689453
27719,0.03354358673095703
27278,0.08887648582458496
27281,0.1162118911743164
27224,0.10082626342773438
27265,0.10867094993591309
27204,0.09987711906433105
27159,0.12324094772338867
28404,0.09765028953552246
28506,0.09806060791015625
28461,0.09621572494506836
28491,0.11103296279907227
28496,0.103729248046875
33183,0.11963605880737305
28846,0.11956644058227539
28709,0.12230706214904785
29367,0.12182426452636719
29345,0.11575913429260254
29339,0.12133383750915527
29445,0.10402178764343262
29627,0.0894320011138916
29116,0.09100174903869629
29272,0.12029314041137695
29080,0.09974884986877441
29314,0.09834098815917969
29153,0.08828973770141602
29011,0.10188722610473633
29288,0.12308359146118164
29204,0.09826278686523438
29160,0.1154940128326416
29198,0.10004067420959473
29473,0.11401224136352539
29520,0.09614419937133789
29481,0.11508631706237793
29298,0.11290287971496582
29390,0.08920812606811523
29486,0.09802079200744629
29458,0.11478734016418457
29173,0.09399271011352539
29091,0.09381318092346191
29266,0.09879040718078613
29293,0.09623408317565918
29538,0.11039566993713379
29619,0.1129155158996582
29588,0.08103132247924805
29379,0.11481833457946777
29334,0.09526228904724121
29501,0.12049651145935059
29278,0.09500384330749512
29495,0.09895944595336914
29329,0.10053062438964844
29456,0.09523677825927734
29353,0.09440326690673828
28839,0.09271383285522461
29262,0.11528396606445312
29098,0.0988161563873291
29484,0.09261894226074219
29456,0.0972738265991211
29501,0.09830403327941895
29340,0.11173748970031738
28939,0.11559343338012695
28943,0.10583329200744629
28920,0.09630274772644043
28866,0.09210562705993652
28742,0.09997296333312988
28865,0.11541175842285156
29261,0.11737585067749023
28950,0.1011664867401123
29285,0.11960291862487793
29199,0.11534643173217773
28849,0.11614203453063965
29424,0.12012267112731934
28799,0.1172032356262207
29225,0.09754180908203125
29025,0.10008740425109863
29162,0.10979008674621582
29070,0.11684751510620117
29243,0.07635855674743652
29413,0.10512208938598633
28779,0.12503767013549805
28874,0.11740970611572266
29167,0.09073901176452637
29316,0.09536004066467285
29341,0.10076212882995605
28748,0.09871077537536621
29444,0.09649157524108887
29969,0.11840391159057617
30096,0.1172327995300293
29591,0.10060954093933105
29440,0.10877752304077148
29346,0.09160804748535156
29503,0.09797930717468262
29658,0.10788536071777344
29511,0.07397842407226562
29679,0.1183938980102539
29774,0.09562969207763672
29638,0.11435985565185547
29678,0.11843132972717285
29667,0.08708739280700684
29728,0.11552119255065918
29668,0.11406588554382324
29691,0.11419558525085449
30533,0.08454656600952148
30544,0.12051248550415039
30618,0.11989998817443848
30488,0.11291956901550293
30474,0.09048748016357422
30430,0.11614036560058594
30458,0.09391140937805176
26479,0.09571623802185059
26640,0.0791621208190918
26551,0.11084723472595215
26562,0.11879444122314453
26500,0.10598230361938477
26554,0.12376666069030762
26649,0.09620952606201172
26716,0.11395883560180664
26703,0.07429790496826172
26953,0.1052846908569336
27024,0.09436607360839844
26761,0.11306262016296387
26922,0.0990912914276123
26585,0.09537649154663086
26806,0.09101533889770508
26936,0.09304976463317871
28914,0.0960381031036377
28707,0.10225868225097656
28566,0.1258409023284912
28613,0.10854959487915039
28613,0.10854959487915039
29271,0.1157219409942627
29182,0.10431408882141113
29137,0.09715890884399414
29202,0.11829233169555664
29450,0.09338092803955078
29128,0.09564590454101562
29291,0.0980825424194336
28853,0.0957489013671875
28754,0.0985865592956543
28400,0.09145450592041016
29354,0.11418867111206055
28727,0.09469270706176758
29719,0.10756802558898926
31338,0.09874081611633301
31420,0.11556482315063477
29185,0.09615635871887207
29317,0.11436033248901367
29389,0.11308646202087402
29269,0.11812853813171387
29291,0.12386441230773926
29314,0.12068843841552734
29267,0.12383770942687988
29043,0.11585879325866699
28885,0.0958719253540039
28937,0.09372425079345703
28850,0.09984111785888672
28916,0.09548807144165039
28944,0.11326766014099121
29107,0.11316633224487305
29078,0.10121488571166992
28991,0.11841249465942383
28719,0.0961146354675293
28738,0.06526756286621094
28914,0.0988304615020752
28815,0.09120035171508789
28672,0.11365365982055664
29043,0.11367678642272949
28819,0.09364748001098633
29220,0.1257462501525879
29185,0.09249496459960938
28390,0.11580443382263184
29605,0.06943464279174805
27564,0.11873364448547363
27597,0.10519194602966309
27230,0.09275436401367188
26935,0.11645245552062988
26927,0.11273074150085449
27683,0.10515785217285156
27339,0.09644532203674316
27286,0.0971825122833252
27403,0.0903630256652832
27491,0.0857234001159668
27512,0.12336421012878418
27576,0.10092020034790039
27611,0.10040664672851562
27638,0.11768341064453125
27512,0.09097886085510254
27432,0.09423995018005371
27439,0.08064985275268555
27403,0.10525274276733398
27489,0.09800481796264648
32103,0.09487366676330566
31991,0.09787702560424805
28193,0.09704232215881348
27871,0.11257505416870117
27118,0.11154365539550781
27295,0.11957645416259766
26370,0.10253477096557617
26988,0.09230589866638184
26255,0.09676432609558105
27322,0.12357521057128906
27807,0.09422516822814941
29168,0.11602020263671875
28277,0.1177520751953125
31957,0.09335732460021973
31766,0.09351229667663574
31481,0.12045049667358398
31358,0.11778736114501953
30713,0.11535358428955078
28400,0.10019564628601074
31716,0.09383773803710938
32030,0.11664366722106934
31956,0.10340332984924316
31984,0.0937039852142334
32007,0.09367012977600098
31921,0.09111404418945312
31902,0.10010719299316406
31780,0.09218621253967285
32093,0.11866545677185059
32115,0.11818337440490723
32039,0.0913994312286377
31861,0.10649585723876953
31942,0.11566042900085449
31922,0.09475350379943848
27991,0.11458945274353027
27719,0.10169792175292969
28291,0.10843968391418457
31806,0.0760340690612793
31328,0.11808133125305176
31456,0.12175869941711426
27245,0.11367630958557129
28285,0.09374237060546875
31740,0.09356188774108887
32046,0.1171412467956543
31929,0.10033059120178223
32151,0.1017310619354248
31645,0.0985567569732666
31493,0.11504554748535156
27452,0.11348557472229004
32077,0.1191105842590332
31963,0.11876225471496582
31957,0.10019350051879883
32270,0.09503984451293945
31755,0.12206172943115234
28093,0.09848332405090332
31534,0.11782383918762207
31887,0.09481239318847656
32045,0.11539936065673828
32160,0.08829927444458008
31925,0.11253905296325684
28226,0.09415674209594727
28224,0.09591293334960938
32201,0.11656785011291504
28160,0.1167140007019043
28238,0.06722593307495117
32063,0.11502718925476074
27858,0.1148219108581543
31725,0.09565615653991699
31761,0.1140434741973877
27802,0.0851593017578125
31283,0.0920414924621582
31071,0.10105729103088379
27579,0.11493492126464844
31861,0.11524605751037598
31596,0.09538483619689941
31517,0.10599780082702637
31193,0.09665131568908691
27597,0.11599206924438477
27842,0.0923771858215332
31024,0.11080765724182129
27617,0.10965156555175781
28547,0.11899065971374512
32018,0.09331440925598145
31967,0.11782407760620117
32020,0.09583568572998047
32062,0.0987398624420166
31766,0.11291813850402832
31789,0.10149025917053223
31878,0.09112000465393066
32013,0.10410666465759277
32010,0.10077261924743652
28084,0.09260392189025879
28041,0.11887669563293457
32072,0.11288309097290039
32077,0.09050941467285156
28248,0.12265729904174805
28267,0.11334705352783203
31757,0.11702990531921387
27784,0.10619735717773438
28515,0.0908207893371582
32056,0.11266255378723145
31365,0.11344408988952637
27201,0.09053468704223633
32043,0.09482216835021973
31505,0.09087753295898438
31268,0.11035275459289551
32522,0.11441969871520996
31967,0.11564016342163086
31175,0.11847925186157227
32321,0.10599112510681152
31897,0.09380984306335449
31577,0.10046172142028809
32158,0.10460638999938965
32219,0.11473822593688965
31685,0.09505796432495117
32578,0.12193059921264648
32462,0.11744117736816406
32281,0.12101268768310547
32075,0.10185837745666504
31672,0.09323787689208984
31909,0.10039663314819336
32337,0.11801934242248535
32453,0.09710001945495605
32073,0.12200927734375
32312,0.09397220611572266
32721,0.10108733177185059
32636,0.08829164505004883
32450,0.10150146484375
32477,0.11039566993713379
32518,0.11910367012023926
32545,0.0963127613067627
32488,0.10308551788330078
32620,0.09894180297851562
32323,0.09453010559082031
32297,0.09518170356750488
31933,0.09547686576843262
31207,0.09396648406982422
33266,0.1131289005279541
32454,0.11122465133666992
32509,0.09769701957702637
32748,0.08791565895080566
32697,0.09807634353637695
32814,0.07604169845581055
32588,0.09285998344421387
33007,0.1037299633026123
33907,0.10323572158813477
33336,0.12079405784606934
32570,0.10805797576904297
32525,0.11651802062988281
32635,0.09561705589294434
32690,0.11168885231018066
32630,0.12479710578918457
32686,0.07338523864746094
32665,0.09949517250061035
32749,0.09534406661987305
32723,0.09516549110412598
32724,0.1140909194946289
32757,0.11713099479675293
32514,0.11896610260009766
32772,0.09744858741760254
32650,0.10100436210632324
32431,0.09417486190795898
32208,0.10292792320251465
32329,0.1216132640838623
31239,0.11522078514099121
32097,0.07501482963562012
31891,0.09364843368530273
33542,0.09322929382324219
32823,0.09766769409179688
32907,0.12166690826416016
32734,0.12214517593383789
32825,0.11912274360656738
32707,0.1001589298248291
32524,0.10193157196044922
29147,0.1150825023651123
28994,0.11441850662231445
28738,0.11418318748474121
28643,0.09941267967224121
28367,0.12020087242126465
28375,0.09370827674865723
29153,0.1152651309967041
