30074,0.04320049285888672
29974,0.037229299545288086
30043,0.030234098434448242
29453,0.029212474822998047
28628,0.022677183151245117
29997,0.01949143409729004
30150,0.031079769134521484
30134,0.02729320526123047
30064,0.028278589248657227
30125,0.024361133575439453
30023,0.016650915145874023
30205,0.02784276008605957
30094,0.02819657325744629
30086,0.020995378494262695
30201,0.018733739852905273
30073,0.023264169692993164
29994,0.033510684967041016
30069,0.017676591873168945
29983,0.030668973922729492
29884,0.0165863037109375
29521,0.020404577255249023
29664,0.027948856353759766
29882,0.020665407180786133
30057,0.01848912239074707
30115,0.028549671173095703
30165,0.01723170280456543
30220,0.025187015533447266
30269,0.02091836929321289
30103,0.016097545623779297
29706,0.02283644676208496
28429,0.030900239944458008
29515,0.021384000778198242
29308,0.02209329605102539
29926,0.025903701782226562
29944,0.027298450469970703
29981,0.02320122718811035
30024,0.02107548713684082
30058,0.027572154998779297
30104,0.0317387580871582
30085,0.026453256607055664
30080,0.021601438522338867
30064,0.0200958251953125
30001,0.023610830307006836
30047,0.023561954498291016
30023,0.027827739715576172
29969,0.029506444931030273
29936,0.02364373207092285
29986,0.018897533416748047
29983,0.03162121772766113
30027,0.024850845336914062
30100,0.0224306583404541
29949,0.031717538833618164
29908,0.022233963012695312
29285,0.02109694480895996
29883,0.01639103889465332
30145,0.024559736251831055
30194,0.02129054069519043
30152,0.046851158142089844
30192,0.031937360763549805
30231,0.02423262596130371
30113,0.029016971588134766
30162,0.019629716873168945
30127,0.021253347396850586
30052,0.02959299087524414
30190,0.020661592483520508
30084,0.02449321746826172
30102,0.026250839233398438
29783,0.025856733322143555
29604,0.020663738250732422
30107,0.02387690544128418
28646,0.028400659561157227
29303,0.03149056434631348
29928,0.02271890640258789
30239,0.029333829879760742
30369,0.02085399627685547
30569,0.02466893196105957
30601,0.02883768081665039
30481,0.027166366577148438
30552,0.031041622161865234
30083,0.02901768684387207
30028,0.028309106826782227
28891,0.026421785354614258
28748,0.03057718276977539
30290,0.026303529739379883
29397,0.018439292907714844
28344,0.02620863914489746
30652,0.03313279151916504
30368,0.02219390869140625
29493,0.016785383224487305
29053,0.026584625244140625
30349,0.02246856689453125
30008,0.028539180755615234
29583,0.023813486099243164
30417,0.019231796264648438
30460,0.032684326171875
30503,0.021142244338989258
29816,0.026445865631103516
28072,0.022330522537231445
30227,0.02421092987060547
29568,0.022931575775146484
29551,0.031177520751953125
29810,0.02082967758178711
30229,0.023937225341796875
30365,0.032025814056396484
30230,0.017488479614257812
30109,0.03028583526611328
30089,0.02016758918762207
30085,0.026967525482177734
30065,0.025037050247192383
30258,0.01667618751525879
30102,0.01924896240234375
30164,0.023859739303588867
30185,0.02412557601928711
30065,0.02683115005493164
30125,0.016209840774536133
30239,0.020109891891479492
30246,0.02630925178527832
30243,0.018904447555541992
30218,0.018145084381103516
30301,0.018388986587524414
28863,0.03739643096923828
29007,0.03155994415283203
29148,0.0282595157623291
29309,0.027792692184448242
29035,0.03438854217529297
29110,0.02485036849975586
28929,0.03136491775512695
28783,0.03235149383544922
28797,0.03154611587524414
29302,0.019306182861328125
28542,0.023508787155151367
28134,0.031359195709228516
28581,0.02341747283935547
29090,0.02480483055114746
29177,0.020163774490356445
29188,0.03591346740722656
29134,0.026943445205688477
29096,0.023605823516845703
28900,0.01922154426574707
28899,0.02786111831665039
28824,0.02197098731994629
28991,0.02794194221496582
29029,0.024829864501953125
28855,0.024196624755859375
28993,0.026895523071289062
28849,0.02908945083618164
28953,0.02240467071533203
28853,0.018653154373168945
28885,0.029792308807373047
28878,0.0270082950592041
28844,0.0247342586517334
28823,0.026340723037719727
28948,0.024553775787353516
28957,0.02480769157409668
28924,0.021173477172851562
28850,0.0236208438873291
28875,0.023482322692871094
28945,0.01936626434326172
28824,0.020366430282592773
28772,0.026810646057128906
28824,0.0240175724029541
28810,0.01945209503173828
29023,0.021173715591430664
28862,0.031174898147583008
28850,0.019284725189208984
28989,0.024882793426513672
28750,0.021373748779296875
28982,0.02581954002380371
29013,0.02357006072998047
28868,0.02284860610961914
29013,0.03038644790649414
28896,0.01809215545654297
28816,0.01995992660522461
28878,0.022131681442260742
28902,0.028644561767578125
28933,0.018848180770874023
28808,0.034102439880371094
28855,0.02527761459350586
28772,0.02165699005126953
28803,0.03243279457092285
28956,0.025167465209960938
28940,0.019932270050048828
28986,0.03756117820739746
28892,0.03446602821350098
28868,0.021826505661010742
28951,0.021624088287353516
28829,0.032729387283325195
28949,0.026370525360107422
29045,0.027857542037963867
28848,0.027421236038208008
28815,0.025961875915527344
28898,0.02759838104248047
28916,0.027632951736450195
29435,0.03509879112243652
28078,0.02951979637145996
28245,0.02847576141357422
28215,0.026559114456176758
28975,0.023380279541015625
28894,0.02525472640991211
28159,0.018296003341674805
28265,0.027973175048828125
28553,0.026308059692382812
28810,0.021459102630615234
29383,0.020733356475830078
29035,0.023197174072265625
28743,0.029619693756103516
26395,0.03180336952209473
26334,0.023622751235961914
26378,0.031296730041503906
26363,0.032000064849853516
26366,0.029871702194213867
26334,0.020224809646606445
26320,0.022124528884887695
26201,0.028877735137939453
26226,0.029128551483154297
26252,0.03165793418884277
26257,0.0246734619140625
26294,0.027630329132080078
26202,0.029941558837890625
26189,0.02507781982421875
26144,0.02423381805419922
26212,0.018440961837768555
26201,0.027047395706176758
26263,0.024866104125976562
26706,0.027430295944213867
26700,0.034908294677734375
25996,0.027663230895996094
26154,0.024506807327270508
26056,0.019201993942260742
26104,0.02190113067626953
26981,0.021514177322387695
31482,0.1224527359008789
31573,0.09534025192260742
31515,0.12261581420898438
31399,0.10807657241821289
31417,0.09730696678161621
31451,0.09763288497924805
26079,0.11609697341918945
26083,0.1169893741607666
26067,0.11428523063659668
26064,0.09431052207946777
26027,0.09246516227722168
29477,0.09172248840332031
27174,0.1137545108795166
27133,0.09778904914855957
26859,0.10310983657836914
26676,0.12399125099182129
26779,0.10042595863342285
26815,0.10419917106628418
27031,0.09506440162658691
27012,0.10517549514770508
26843,0.10064387321472168
26737,0.10254120826721191
26946,0.10944008827209473
26762,0.10542678833007812
26539,0.12495541572570801
26777,0.13161802291870117
27129,0.12230277061462402
26770,0.12630295753479004
26951,0.12917399406433105
27152,0.1125490665435791
27188,0.10375237464904785
27059,0.12011456489562988
27061,0.11160492897033691
27152,0.11545062065124512
27069,0.09894728660583496
26930,0.09063982963562012
26804,0.10715770721435547
26483,0.11208558082580566
26903,0.1261916160583496
26839,0.11435580253601074
27044,0.12322640419006348
27090,0.12542176246643066
27063,0.08984947204589844
26971,0.08843326568603516
27027,0.11761474609375
27081,0.10441255569458008
26935,0.11187863349914551
26798,0.09883737564086914
26906,0.09140658378601074
26860,0.07870817184448242
26790,0.1116933822631836
26623,0.12341070175170898
26402,0.10336470603942871
26667,0.10495495796203613
26464,0.09473729133605957
26477,0.10455679893493652
26475,0.13317608833312988
26359,0.1207585334777832
26362,0.11995816230773926
26299,0.12061858177185059
26225,0.11187362670898438
26251,0.09760141372680664
26163,0.1042623519897461
26379,0.12034320831298828
26335,0.13104009628295898
26407,0.1242830753326416
26286,0.11040186882019043
26574,0.11013126373291016
26354,0.10774064064025879
26899,0.11894440650939941
26762,0.0976722240447998
27400,0.12433910369873047
27638,0.1121358871459961
27457,0.11638450622558594
27443,0.10722589492797852
27503,0.10253190994262695
27636,0.10935759544372559
27794,0.10537075996398926
27397,0.1170663833618164
26879,0.1050252914428711
26910,0.10359573364257812
26629,0.09932303428649902
26452,0.10287070274353027
26925,0.11819291114807129
27308,0.08744645118713379
27256,0.09861516952514648
27331,0.09814262390136719
27271,0.1159055233001709
27301,0.11042547225952148
27170,0.1070108413696289
27152,0.12041592597961426
27235,0.1232607364654541
27168,0.1111595630645752
27336,0.11717510223388672
27197,0.11660432815551758
27467,0.10544610023498535
27419,0.10838675498962402
27407,0.09843063354492188
27415,0.11473679542541504
27178,0.11884188652038574
27928,0.11038613319396973
27883,0.12030315399169922
27876,0.10095524787902832
27948,0.11964631080627441
28017,0.10863566398620605
27958,0.11911773681640625
27872,0.12237763404846191
28656,0.09975695610046387
28893,0.09987616539001465
28724,0.1139824390411377
28553,0.09714245796203613
28509,0.09284830093383789
28475,0.11803460121154785
28401,0.10223555564880371
28809,0.09370708465576172
28818,0.11519813537597656
28806,0.11546444892883301
29036,0.10147404670715332
28936,0.11652493476867676
29061,0.09534978866577148
28659,0.09009385108947754
28683,0.09978222846984863
28847,0.11215066909790039
27068,0.06195974349975586
26604,0.0939183235168457
26843,0.09386754035949707
26843,0.09386754035949707
28514,0.10011625289916992
28829,0.09929847717285156
28704,0.07964730262756348
28710,0.10337996482849121
28704,0.10566592216491699
28884,0.09327363967895508
28769,0.0973043441772461
28979,0.09165811538696289
28714,0.10069513320922852
27879,0.09613656997680664
27959,0.09487533569335938
28655,0.08555078506469727
27946,0.0953218936920166
29111,0.09715938568115234
30884,0.09604048728942871
30853,0.1141963005065918
29218,0.09477496147155762
29181,0.11758089065551758
29298,0.10045289993286133
29165,0.09249305725097656
29237,0.09262204170227051
29160,0.10190105438232422
29160,0.11842942237854004
29165,0.09580492973327637
25800,0.09571003913879395
29327,0.09497737884521484
29262,0.11367321014404297
25822,0.09465289115905762
25870,0.09731578826904297
25788,0.11078357696533203
25792,0.11649036407470703
29256,0.11267876625061035
25788,0.09437274932861328
25764,0.09366035461425781
25932,0.12024354934692383
25855,0.11975741386413574
29177,0.1172635555267334
25927,0.12089920043945312
29215,0.11335325241088867
26114,0.09413504600524902
25900,0.11511421203613281
28707,0.0961310863494873
26390,0.10221600532531738
27806,0.12485623359680176
28048,0.0814661979675293
27242,0.12396478652954102
26722,0.09487724304199219
27432,0.09603500366210938
27538,0.09543395042419434
27339,0.11443328857421875
27595,0.11809015274047852
27671,0.11789870262145996
27720,0.07998991012573242
27729,0.09829163551330566
27732,0.09690022468566895
27606,0.09957289695739746
27687,0.09429144859313965
27595,0.09561300277709961
27638,0.09264326095581055
27694,0.10006403923034668
27570,0.11696553230285645
27592,0.09369707107543945
29057,0.0950465202331543
29005,0.09651923179626465
29054,0.11770224571228027
29066,0.1169126033782959
25338,0.09292125701904297
25255,0.10219550132751465
25033,0.11202740669250488
25643,0.11084914207458496
25406,0.11302471160888672
25386,0.09876608848571777
25989,0.09319591522216797
26104,0.09524369239807129
29111,0.11786866188049316
28670,0.09357070922851562
28766,0.11033844947814941
28323,0.09452700614929199
28258,0.09642148017883301
28170,0.1164703369140625
29236,0.12479138374328613
28790,0.11379003524780273
28806,0.11063075065612793
28783,0.10225248336791992
28938,0.09145402908325195
28815,0.09610104560852051
28814,0.11205554008483887
28831,0.09343719482421875
28824,0.0926351547241211
28909,0.09643197059631348
28830,0.11583399772644043
28720,0.11153864860534668
29029,0.09695076942443848
29030,0.09296560287475586
28967,0.11420059204101562
28938,0.11510348320007324
25370,0.09549260139465332
25761,0.06359338760375977
28633,0.09357571601867676
28330,0.09488320350646973
28302,0.11154317855834961
28427,0.11630582809448242
25783,0.11332535743713379
28741,0.10364484786987305
28904,0.09134888648986816
28749,0.09579300880432129
28846,0.10234618186950684
28725,0.11068558692932129
28549,0.11446070671081543
25288,0.11675333976745605
28887,0.1139676570892334
28849,0.1180119514465332
28976,0.11285090446472168
28771,0.11012673377990723
28852,0.11341619491577148
25966,0.10240960121154785
25550,0.11109280586242676
28794,0.0925588607788086
28678,0.0912787914276123
28746,0.11533975601196289
28889,0.09612059593200684
29060,0.11898517608642578
29027,0.09316301345825195
29129,0.11689352989196777
29051,0.09227132797241211
28999,0.09518146514892578
29138,0.10043501853942871
25834,0.11870574951171875
28894,0.11987495422363281
25593,0.11778116226196289
28880,0.07413339614868164
28827,0.11351633071899414
28568,0.11034178733825684
25378,0.09221363067626953
28748,0.09623193740844727
28266,0.09466099739074707
28423,0.0957937240600586
28582,0.09376239776611328
25587,0.09049844741821289
25469,0.12592601776123047
25536,0.11452460289001465
25707,0.09162282943725586
25770,0.11149954795837402
29026,0.09429407119750977
29055,0.09680747985839844
28972,0.09198570251464844
28906,0.0760660171508789
28715,0.12033343315124512
28669,0.09842967987060547
28785,0.09843850135803223
28956,0.11367464065551758
28963,0.12072229385375977
28971,0.11775898933410645
29051,0.12615418434143066
28990,0.06872153282165527
28955,0.11419916152954102
29012,0.09299349784851074
28868,0.11347293853759766
29135,0.10926628112792969
25635,0.11467432975769043
25769,0.11114048957824707
29075,0.0962367057800293
28673,0.11548972129821777
25113,0.09623074531555176
28879,0.09303593635559082
28459,0.11829209327697754
28423,0.1175682544708252
29628,0.1187281608581543
28648,0.09290289878845215
28363,0.07180213928222656
28663,0.09572768211364746
28765,0.08774948120117188
28643,0.1022653579711914
28995,0.09924483299255371
28667,0.11635303497314453
28479,0.09212279319763184
28264,0.09683823585510254
29025,0.111602783203125
29090,0.08999991416931152
28614,0.0965733528137207
28255,0.0961155891418457
28774,0.09511637687683105
29085,0.11475348472595215
29000,0.07435846328735352
28746,0.09351563453674316
28297,0.11368489265441895
29268,0.1176900863647461
29207,0.10135436058044434
29151,0.08863329887390137
29070,0.11445498466491699
29174,0.10208964347839355
29130,0.10044980049133301
29082,0.10104823112487793
29114,0.10008978843688965
28916,0.11272454261779785
28900,0.11720561981201172
28505,0.10731339454650879
28559,0.114227294921875
25828,0.09302473068237305
29113,0.09979677200317383
29072,0.1152949333190918
29166,0.09737634658813477
29313,0.08739638328552246
29234,0.08618378639221191
29257,0.0993502140045166
29347,0.11523628234863281
26163,0.12586212158203125
26109,0.07161641120910645
28820,0.11674642562866211
29195,0.09486126899719238
29229,0.1153724193572998
29297,0.11310672760009766
29286,0.10228514671325684
29184,0.09568476676940918
29349,0.11138653755187988
29275,0.1083378791809082
29153,0.09640145301818848
29214,0.09883785247802734
29304,0.09586739540100098
29140,0.06583166122436523
29220,0.09278297424316406
29416,0.11291146278381348
29171,0.11100435256958008
29000,0.10491466522216797
28817,0.11433553695678711
28116,0.09722232818603516
28907,0.10275030136108398
25390,0.11328697204589844
26450,0.09870386123657227
29273,0.1028437614440918
29343,0.11914539337158203
29286,0.09360003471374512
29314,0.07491350173950195
29203,0.09465646743774414
29287,0.11688423156738281
28228,0.07647252082824707
28016,0.11073517799377441
27826,0.09424018859863281
27853,0.08816814422607422
27987,0.11728906631469727
27792,0.09500598907470703
28453,0.11625075340270996
