71795,0.11586499214172363
72190,0.08082747459411621
70734,0.0859522819519043
72404,0.08554291725158691
75616,0.08664989471435547
70316,0.08020496368408203
69102,0.07700014114379883
68667,0.10682082176208496
69930,0.10799980163574219
69588,0.10400104522705078
71922,0.08034276962280273
71196,0.08006858825683594
73654,0.08632493019104004
73419,0.07554984092712402
70708,0.08131694793701172
69895,0.10112619400024414
68798,0.07633161544799805
70308,0.07698249816894531
69319,0.07651758193969727
71452,0.07791829109191895
70476,0.07825756072998047
71187,0.10039377212524414
70910,0.07918119430541992
72331,0.07895374298095703
70135,0.08076691627502441
68325,0.10623645782470703
69408,0.07719182968139648
75868,0.07969903945922852
70116,0.08721327781677246
72961,0.10976004600524902
75041,0.10141420364379883
70220,0.08367085456848145
72714,0.08649063110351562
67824,0.08782052993774414
69471,0.1124429702758789
77023,0.08227825164794922
70890,0.08799600601196289
70782,0.07657265663146973
70772,0.07833147048950195
71062,0.08931851387023926
71249,0.07617068290710449
69813,0.08667492866516113
72453,0.08388519287109375
69400,0.08928656578063965
67663,0.0791161060333252
68413,0.08127593994140625
69006,0.0832834243774414
69517,0.07649779319763184
69019,0.07987785339355469
71210,0.08699727058410645
70296,0.08891439437866211
72818,0.10034894943237305
73408,0.08385300636291504
74609,0.07536697387695312
72263,0.08061504364013672
70652,0.07824897766113281
70455,0.08344888687133789
70900,0.15543603897094727
73182,0.08150219917297363
72573,0.07973170280456543
73007,0.09605169296264648
72490,0.0819692611694336
72959,0.08916687965393066
71524,0.08951354026794434
72128,0.07619214057922363
72855,0.08083415031433105
66405,0.08295559883117676
68001,0.08629441261291504
72526,0.07841634750366211
73730,0.07603144645690918
73190,0.07665872573852539
68579,0.08585524559020996
69991,0.0863797664642334
73479,0.08018255233764648
70545,0.07921600341796875
75184,0.07668948173522949
69304,0.10142278671264648
70589,0.08007359504699707
74279,0.09976482391357422
73417,0.08692622184753418
74274,0.08286356925964355
76181,0.07447171211242676
68124,0.0756385326385498
73258,0.07611632347106934
77164,0.07816171646118164
75364,0.07999086380004883
70483,0.08501458168029785
75489,0.08714056015014648
74607,0.09396243095397949
77627,0.0845785140991211
75149,0.07492423057556152
69609,0.0808248519897461
75123,0.08339834213256836
75914,0.08263969421386719
71279,0.08193564414978027
69394,0.08301854133605957
74548,0.07959222793579102
78181,0.08501577377319336
74048,0.09019947052001953
71043,0.07915687561035156
74999,0.07770204544067383
73090,0.07957673072814941
70297,0.07785797119140625
71007,0.07735347747802734
70738,0.0778512954711914
71836,0.07920980453491211
71594,0.08053827285766602
72197,0.0867466926574707
71313,0.07600808143615723
70444,0.08051013946533203
71843,0.0815742015838623
71337,0.07451891899108887
70963,0.08445310592651367
71227,0.08421945571899414
72728,0.07830524444580078
73087,0.1035768985748291
72520,0.10768985748291016
71463,0.08675432205200195
72048,0.08659648895263672
71212,0.08725881576538086
62911,0.11218667030334473
62382,0.10384964942932129
61022,0.11272859573364258
62499,0.11070775985717773
61924,0.10492348670959473
62288,0.08792972564697266
61494,0.07280087471008301
61320,0.07000589370727539
62557,0.1072700023651123
63727,0.09814190864562988
63055,0.06764960289001465
62962,0.07717418670654297
63151,0.08265995979309082
62749,0.10408902168273926
61877,0.11010289192199707
61151,0.08061432838439941
61463,0.10374808311462402
60800,0.06635022163391113
71617,0.08019232749938965
71094,0.06882166862487793
61570,0.10265302658081055
71440,0.07919645309448242
71117,0.08838653564453125
71171,0.08721017837524414
61108,0.06836509704589844
61144,0.06813263893127441
60845,0.0840768814086914
71306,0.08585715293884277
61113,0.11617183685302734
71082,0.07803797721862793
61166,0.08223176002502441
61280,0.06830120086669922
61375,0.07964944839477539
61750,0.08590483665466309
61131,0.07466816902160645
61018,0.08307361602783203
61175,0.08895111083984375
61128,0.08965301513671875
61105,0.07785868644714355
60885,0.0892949104309082
60550,0.08629012107849121
60734,0.08605480194091797
61056,0.06977963447570801
61296,0.08294796943664551
61453,0.08430862426757812
71079,0.09358453750610352
61684,0.07325458526611328
61318,0.11452031135559082
61205,0.08572793006896973
61500,0.08429837226867676
61416,0.09264826774597168
61823,0.06672358512878418
61893,0.08326387405395508
60978,0.08497190475463867
61431,0.08131241798400879
61120,0.07720470428466797
61517,0.09158563613891602
61131,0.06698250770568848
60714,0.06669187545776367
61671,0.07535481452941895
61517,0.06942152976989746
61264,0.08792281150817871
60998,0.10766172409057617
62212,0.08373594284057617
63109,0.08885884284973145
64157,0.12405705451965332
63217,0.11971044540405273
61827,0.12262535095214844
62400,0.07986330986022949
61731,0.11589574813842773
61990,0.08248734474182129
60806,0.08156681060791016
64617,0.07153654098510742
64812,0.08932876586914062
63788,0.06985664367675781
62409,0.08986210823059082
63003,0.07899594306945801
65564,0.07368111610412598
65332,0.0993349552154541
62284,0.0678870677947998
62738,0.0689847469329834
62185,0.08383035659790039
64107,0.0696866512298584
61762,0.07869625091552734
60870,0.08561420440673828
60732,0.08690500259399414
66032,0.08502650260925293
65597,0.11070871353149414
66282,0.08950304985046387
66886,0.0767674446105957
67047,0.06855964660644531
67080,0.08580660820007324
66215,0.0996246337890625
66477,0.09650015830993652
68044,0.10445094108581543
67892,0.08705258369445801
67335,0.07474470138549805
67620,0.09083795547485352
68591,0.08382987976074219
68361,0.10179495811462402
67653,0.09282279014587402
68188,0.08275127410888672
68701,0.06820130348205566
68129,0.10178160667419434
71209,0.08390235900878906
71166,0.10341191291809082
68774,0.08489274978637695
68702,0.08908605575561523
69476,0.08918213844299316
68192,0.1057894229888916
79593,0.09902286529541016
67014,0.15012431144714355
67143,0.16453766822814941
67199,0.13720107078552246
77748,0.13555526733398438
68315,0.1563413143157959
77621,0.18502283096313477
80602,0.13739609718322754
68874,0.13503813743591309
81099,0.15918946266174316
81069,0.17403078079223633
81111,0.13871526718139648
72997,0.13358449935913086
51033,0.1658492088317871
51124,0.1556534767150879
79027,0.13713598251342773
80639,0.18403410911560059
80104,0.19911694526672363
79606,0.19591927528381348
80497,0.15417146682739258
81303,0.15871453285217285
81161,0.14136481285095215
80464,0.15071725845336914
80793,0.15772247314453125
80823,0.15998387336730957
82006,0.1316983699798584
85185,0.16255497932434082
83121,0.15825295448303223
81625,0.19300580024719238
80931,0.1883864402770996
81175,0.19354891777038574
81084,0.17680740356445312
81798,0.16763806343078613
80000,0.13457679748535156
80218,0.15291142463684082
81186,0.16032004356384277
79558,0.1839737892150879
80988,0.15891432762145996
82289,0.138167142868042
81847,0.15607380867004395
82501,0.15356111526489258
82924,0.13686418533325195
82214,0.13877439498901367
82304,0.20247530937194824
83039,0.1967024803161621
82353,0.14337420463562012
82042,0.1508636474609375
81038,0.16187143325805664
82086,0.13701605796813965
81389,0.16339397430419922
82953,0.1720139980316162
82237,0.16732525825500488
80738,0.19222784042358398
83860,0.17225027084350586
84027,0.14458918571472168
83893,0.16178321838378906
83694,0.1635746955871582
84871,0.1578817367553711
87268,0.1442093849182129
84285,0.12494516372680664
85184,0.1593492031097412
84943,0.13742995262145996
84707,0.15285062789916992
83495,0.13769268989562988
85022,0.13184475898742676
85506,0.1508774757385254
85176,0.16676568984985352
85122,0.17405056953430176
85535,0.1594705581665039
86613,0.1336216926574707
90232,0.16017723083496094
87780,0.16169190406799316
87779,0.16736936569213867
87064,0.13840293884277344
88108,0.1610279083251953
89354,0.1797940731048584
90453,0.16433191299438477
90941,0.1768174171447754
87234,0.16059255599975586
86520,0.16321015357971191
86147,0.16111993789672852
85546,0.136627197265625
82987,0.16605424880981445
86444,0.1494598388671875
86683,0.19576692581176758
81997,0.1602003574371338
82274,0.18328213691711426
81911,0.1632978916168213
81410,0.15378141403198242
80333,0.17210125923156738
81306,0.1573319435119629
78975,0.18451642990112305
79499,0.14103269577026367
78599,0.13412857055664062
79036,0.16033101081848145
79340,0.12047219276428223
78811,0.1369619369506836
79043,0.17723393440246582
80358,0.13808560371398926
80969,0.2020103931427002
82129,0.13573694229125977
76356,0.16891717910766602
76826,0.16668057441711426
77360,0.15814423561096191
77693,0.16043639183044434
78124,0.16288137435913086
77286,0.17759323120117188
78050,0.20241856575012207
99008,0.17991042137145996
101931,0.15072965621948242
101041,0.14508986473083496
100506,0.17830324172973633
99092,0.14060592651367188
100469,0.17567086219787598
101994,0.16376185417175293
100790,0.16731047630310059
102316,0.17041945457458496
99800,0.13583040237426758
102564,0.156111478805542
104158,0.15839815139770508
88791,0.19658613204956055
89075,0.1634047031402588
103079,0.1692359447479248
102034,0.1412522792816162
86331,0.1902458667755127
87078,0.1877138614654541
87499,0.16298294067382812
84707,0.14885473251342773
74041,0.11088228225708008
71261,0.13678622245788574
72192,0.15474271774291992
71784,0.18600845336914062
71391,0.1546649932861328
71408,0.15285563468933105
75379,0.13585853576660156
73452,0.16540789604187012
77509,0.12281084060668945
75952,0.1330549716949463
78221,0.14388465881347656
75847,0.16272449493408203
75561,0.1882007122039795
75236,0.1362013816833496
67346,0.15903902053833008
64815,0.16609597206115723
79405,0.14386916160583496
77237,0.1623213291168213
77882,0.13791441917419434
77704,0.16127848625183105
79722,0.18932271003723145
77848,0.19923973083496094
78450,0.17173385620117188
79386,0.17563748359680176
77055,0.19246268272399902
78091,0.16470074653625488
78245,0.14785242080688477
79944,0.13387250900268555
77289,0.1406543254852295
76644,0.1613476276397705
76716,0.1686546802520752
77917,0.19142937660217285
78825,0.17247891426086426
77380,0.1845414638519287
78190,0.13618922233581543
77813,0.19444012641906738
79852,0.19224262237548828
75199,0.1749119758605957
72247,0.19030976295471191
78425,0.18584418296813965
80125,0.16898870468139648
87461,0.13777565956115723
75835,0.17101049423217773
84015,0.15830230712890625
82534,0.16115331649780273
81689,0.21262288093566895
88057,0.15752840042114258
92512,0.20137524604797363
86769,0.18831729888916016
85606,0.13711071014404297
84754,0.1422281265258789
79353,0.14533615112304688
80626,0.16449928283691406
78835,0.15916824340820312
78873,0.13436293601989746
80345,0.1361234188079834
79982,0.20189404487609863
79023,0.14575862884521484
79011,0.18531036376953125
80636,0.14822149276733398
78051,0.18213629722595215
80533,0.1473371982574463
78099,0.1362442970275879
77112,0.15767621994018555
76590,0.13278698921203613
79859,0.1433267593383789
80855,0.12863373756408691
90019,0.16395092010498047
91553,0.14692425727844238
95494,0.15575361251831055
87308,0.15909981727600098
90306,0.16142988204956055
88086,0.13517045974731445
89797,0.162367582321167
75026,0.13791394233703613
74460,0.17720890045166016
79032,0.14554309844970703
76842,0.123748779296875
77124,0.1364133358001709
79177,0.1355133056640625
77674,0.13077592849731445
77299,0.14539599418640137
77567,0.13075923919677734
76770,0.15729022026062012
77383,0.16312789916992188
76713,0.1369154453277588
75443,0.17247629165649414
75932,0.15009307861328125
78012,0.16066646575927734
77513,0.15375852584838867
77496,0.13141918182373047
76500,0.15092873573303223
79545,0.15009117126464844
79226,0.13146567344665527
80377,0.1608572006225586
77045,0.16162991523742676
77398,0.13297247886657715
77521,0.18041586875915527
78086,0.1374814510345459
77221,0.1477053165435791
76928,0.15798068046569824
84522,0.17641496658325195
78411,0.13647890090942383
78435,0.1556868553161621
76051,0.1353282928466797
76621,0.15597271919250488
78265,0.16885900497436523
79318,0.13872122764587402
80396,0.15256714820861816
83485,0.13620853424072266
78223,0.16443967819213867
77565,0.1307814121246338
78571,0.13066720962524414
80355,0.14478373527526855
83909,0.1396169662475586
79189,0.16868162155151367
79419,0.17541980743408203
77676,0.13753342628479004
77032,0.15283823013305664
77838,0.1754159927368164
77448,0.14413905143737793
77088,0.17708611488342285
79613,0.13777852058410645
73151,0.1383521556854248
76243,0.1584467887878418
77990,0.14676451683044434
78952,0.16936087608337402
80235,0.1668541431427002
85677,0.16883301734924316
75010,0.1362452507019043
75568,0.2119429111480713
79634,0.1649937629699707
81466,0.13688325881958008
77609,0.16863656044006348
75784,0.16066765785217285
77959,0.16422724723815918
78772,0.16197657585144043
77228,0.15552568435668945
79870,0.17368030548095703
76877,0.12733149528503418
83525,0.14389538764953613
82870,0.1559135913848877
79540,0.13630914688110352
76633,0.13841724395751953
76022,0.15250945091247559
77119,0.16013216972351074
76112,0.17165708541870117
77004,0.15183734893798828
76860,0.1397693157196045
78094,0.16942214965820312
77148,0.14224910736083984
77238,0.15159344673156738
78762,0.13528728485107422
78637,0.17067623138427734
78867,0.15997958183288574
81852,0.1353597640991211
79976,0.15509366989135742
77727,0.15938472747802734
78597,0.16900229454040527
77408,0.15961337089538574
84700,0.16880321502685547
79980,0.15162420272827148
77681,0.13845396041870117
82375,0.16960906982421875
76653,0.1324024200439453
77273,0.11173653602600098
81186,0.1434173583984375
81674,0.12694048881530762
80914,0.1576387882232666
79597,0.19767308235168457
89217,0.13843870162963867
78449,0.1299912929534912
79322,0.1406247615814209
84036,0.22016525268554688
82201,0.17357087135314941
82697,0.13125109672546387
84356,0.12140631675720215
78628,0.17377924919128418
81002,0.14722323417663574
81229,0.1432664394378662
81371,0.14162039756774902
81759,0.14716792106628418
80191,0.2088322639465332
80092,0.16337013244628906
81908,0.13810133934020996
86982,0.12371182441711426
81976,0.15479469299316406
81400,0.14758658409118652
81698,0.1379382610321045
80202,0.13939690589904785
77606,0.17519259452819824
78264,0.17887187004089355
79271,0.16775012016296387
80818,0.1548447608947754
78683,0.1872398853302002
76901,0.14497733116149902
80024,0.19202232360839844
77816,0.14345312118530273
84801,0.16246390342712402
81712,0.13781523704528809
81665,0.1367955207824707
82579,0.16340065002441406
82585,0.1666698455810547
82291,0.239152193069458
81497,0.13935017585754395
85488,0.1741318702697754
83685,0.14812803268432617
84250,0.13631987571716309
82719,0.1972033977508545
82149,0.12209224700927734
81296,0.171095609664917
82763,0.16729164123535156
82108,0.1222376823425293
81689,0.13739323616027832
80394,0.14284753799438477
80984,0.21027255058288574
81032,0.14385700225830078
82294,0.22139978408813477
82515,0.2142188549041748
81803,0.18760085105895996
82697,0.16983389854431152
81173,0.11928009986877441
79462,0.19164538383483887
80083,0.15623831748962402
80482,0.16177892684936523
86020,0.15526342391967773
82425,0.15579843521118164
84574,0.1416621208190918
84469,0.15947580337524414
80521,0.15209293365478516
81840,0.11814069747924805
80848,0.13439607620239258
83720,0.18843746185302734
80987,0.16376471519470215
82376,0.17082595825195312
71133,0.19198894500732422
71039,0.16751432418823242
71557,0.1569356918334961
72623,0.1735548973083496
73269,0.17330527305603027
75627,0.1711254119873047
75829,0.15948009490966797
