31758,0.043709516525268555
34518,0.04297780990600586
33802,0.02718806266784668
33997,0.0335545539855957
33530,0.026396512985229492
34540,0.01881241798400879
34585,0.03003859519958496
34723,0.032604217529296875
34754,0.020389318466186523
34850,0.025471210479736328
35027,0.02512836456298828
34557,0.026938915252685547
34610,0.024778366088867188
34933,0.0555417537689209
34512,0.029776334762573242
34869,0.025702476501464844
35168,0.02835822105407715
31001,0.026513338088989258
34764,0.030142545700073242
33139,0.025127887725830078
34301,0.02945423126220703
34121,0.020859718322753906
34491,0.020283937454223633
34712,0.03095388412475586
34818,0.03282499313354492
34040,0.03142428398132324
34558,0.030492782592773438
34594,0.019768953323364258
34360,0.021122455596923828
33769,0.03302812576293945
33332,0.02524733543395996
34494,0.022067546844482422
34255,0.024155855178833008
34961,0.017927885055541992
31243,0.029194355010986328
31746,0.02175593376159668
34627,0.0339198112487793
34680,0.02160954475402832
34614,0.019933462142944336
34417,0.030895709991455078
34572,0.024625301361083984
34591,0.022118568420410156
34364,0.0210568904876709
34298,0.030170679092407227
34510,0.030406475067138672
34403,0.024587392807006836
34321,0.022008895874023438
34459,0.028777122497558594
34652,0.02802443504333496
34808,0.02712559700012207
35212,0.018041133880615234
31673,0.024177074432373047
35010,0.0252077579498291
34838,0.021289825439453125
34489,0.021852493286132812
34233,0.027057886123657227
34378,0.027669429779052734
34700,0.02834177017211914
34268,0.022586584091186523
34394,0.026816844940185547
34414,0.024042606353759766
34348,0.03409123420715332
34141,0.026944398880004883
34288,0.023795604705810547
34319,0.03662109375
34424,0.025954246520996094
34478,0.027419090270996094
33992,0.019397974014282227
33768,0.02290654182434082
34246,0.03223133087158203
32283,0.01989912986755371
34201,0.031159400939941406
34771,0.025231361389160156
34390,0.027526378631591797
34804,0.021966934204101562
34750,0.02715325355529785
35085,0.021276473999023438
35409,0.03010725975036621
35319,0.024237632751464844
34795,0.03290390968322754
34050,0.02326035499572754
33962,0.026373863220214844
33128,0.026059865951538086
34350,0.02265763282775879
33933,0.030695676803588867
34380,0.022101879119873047
34834,0.02731490135192871
34460,0.030678272247314453
33912,0.02052617073059082
33251,0.025045394897460938
34490,0.019316911697387695
34122,0.017606735229492188
33839,0.028012752532958984
35113,0.02510213851928711
34178,0.02306532859802246
34322,0.034406185150146484
34208,0.02008199691772461
33517,0.02334117889404297
34544,0.026114225387573242
33592,0.026821136474609375
33723,0.023501873016357422
34350,0.02857351303100586
34515,0.017780780792236328
34601,0.03143620491027832
34420,0.0270538330078125
34306,0.03217816352844238
34348,0.021930932998657227
34466,0.019405841827392578
34417,0.018320798873901367
34451,0.01779460906982422
34462,0.02390313148498535
34273,0.03260397911071777
34300,0.026731014251708984
34047,0.02842235565185547
34489,0.034949541091918945
33525,0.02162933349609375
34028,0.026169776916503906
34502,0.028284788131713867
35071,0.02646350860595703
34570,0.02795243263244629
34908,0.02229595184326172
35100,0.03744935989379883
39923,0.043734073638916016
34564,0.03545951843261719
34707,0.036657094955444336
34944,0.034745216369628906
35128,0.024722814559936523
35034,0.036183834075927734
35281,0.036916255950927734
39188,0.0408940315246582
35122,0.01956796646118164
35009,0.034555912017822266
34666,0.03061532974243164
34938,0.03733396530151367
34623,0.03563427925109863
35267,0.02945423126220703
35226,0.03661537170410156
34768,0.026577234268188477
34621,0.036177873611450195
34423,0.02417302131652832
34670,0.03609514236450195
34810,0.021095991134643555
34809,0.0360107421875
34385,0.02499246597290039
34572,0.03540372848510742
34502,0.021099090576171875
34468,0.038083553314208984
34579,0.029622793197631836
34148,0.04147815704345703
34832,0.0345921516418457
34523,0.037018775939941406
34814,0.03004002571105957
34566,0.03609466552734375
34646,0.03612995147705078
34591,0.03663802146911621
34511,0.026726722717285156
34554,0.03809785842895508
34902,0.0377199649810791
34483,0.03628706932067871
34319,0.02962207794189453
34596,0.04303097724914551
34492,0.034922122955322266
34563,0.02498626708984375
34469,0.026000261306762695
34563,0.0462186336517334
34665,0.037401437759399414
34687,0.03520965576171875
34423,0.0368800163269043
34466,0.02329111099243164
34522,0.036173343658447266
34497,0.03656625747680664
34841,0.0217437744140625
34535,0.03632068634033203
34781,0.023521900177001953
34858,0.03730463981628418
34659,0.03558778762817383
34885,0.035684823989868164
34829,0.042879581451416016
34597,0.017685651779174805
34697,0.035576581954956055
34549,0.02691364288330078
34298,0.0337371826171875
34156,0.04117584228515625
34555,0.04506945610046387
34825,0.03504037857055664
34718,0.03583836555480957
34828,0.03396940231323242
34806,0.03515768051147461
35102,0.02857828140258789
34641,0.03176140785217285
34937,0.02295541763305664
34959,0.03157472610473633
34972,0.04157137870788574
37688,0.03647875785827637
34793,0.03612256050109863
34078,0.027468204498291016
34276,0.022090911865234375
34026,0.03288602828979492
35589,0.03568887710571289
34376,0.030508756637573242
33945,0.021270036697387695
39314,0.03500843048095703
39410,0.0420231819152832
34423,0.03412151336669922
34481,0.02182483673095703
34410,0.03759455680847168
34969,0.026055335998535156
35202,0.02482008934020996
34937,0.028506755828857422
34833,0.022533416748046875
34956,0.028098583221435547
35397,0.02986598014831543
35195,0.03357863426208496
34943,0.03295779228210449
34972,0.02626347541809082
34876,0.023517370223999023
34925,0.025258779525756836
34987,0.03116130828857422
35232,0.03046393394470215
35358,0.02661418914794922
35176,0.0303499698638916
35011,0.021654844284057617
34938,0.030122756958007812
35282,0.02956223487854004
34707,0.023390769958496094
33940,0.03030705451965332
30836,0.022099971771240234
30750,0.022663593292236328
31029,0.024753808975219727
31157,0.023906230926513672
29870,0.038275957107543945
32761,0.11815500259399414
32448,0.12064790725708008
32258,0.11868000030517578
32282,0.09776759147644043
32063,0.09604954719543457
32363,0.10157299041748047
31155,0.09775280952453613
30988,0.11470317840576172
31078,0.0951545238494873
30760,0.09539127349853516
30967,0.09258532524108887
34752,0.10092759132385254
32041,0.11088418960571289
31854,0.11720800399780273
31616,0.11582398414611816
31927,0.09798693656921387
31855,0.09836030006408691
36698,0.11756682395935059
32404,0.10335874557495117
31999,0.11616754531860352
31598,0.11438179016113281
31958,0.11768841743469238
31836,0.1191556453704834
31638,0.09938359260559082
36544,0.10155248641967773
31961,0.10283350944519043
36143,0.0995173454284668
31932,0.12086796760559082
31799,0.11773562431335449
31694,0.09177231788635254
31853,0.12051558494567871
31809,0.11709237098693848
31639,0.09993696212768555
31663,0.11988043785095215
32053,0.11285519599914551
31747,0.11740493774414062
31753,0.10954833030700684
36400,0.09821176528930664
31876,0.11587095260620117
31482,0.0947103500366211
31746,0.09296226501464844
31578,0.093536376953125
31745,0.08637666702270508
31575,0.09387612342834473
31644,0.09728360176086426
31532,0.09773468971252441
31569,0.11946439743041992
31558,0.10370349884033203
31513,0.12067794799804688
31583,0.11554813385009766
31672,0.11779308319091797
36338,0.11482548713684082
36095,0.11431574821472168
31398,0.09538817405700684
31503,0.11411833763122559
31487,0.09952282905578613
31768,0.0820455551147461
36220,0.11892914772033691
31652,0.09052157402038574
36563,0.09822511672973633
31726,0.10771322250366211
36736,0.12503957748413086
31942,0.11752915382385254
37067,0.1022489070892334
37104,0.0946969985961914
32004,0.11221885681152344
32243,0.09136605262756348
32459,0.12061524391174316
31902,0.09177637100219727
33755,0.09696578979492188
31876,0.10766196250915527
31610,0.08121895790100098
31719,0.09996533393859863
31610,0.11519050598144531
31741,0.11372947692871094
31716,0.10101318359375
31371,0.09703707695007324
31553,0.11474323272705078
32092,0.1031641960144043
32099,0.10174107551574707
31780,0.1230769157409668
32116,0.11957025527954102
35778,0.09299278259277344
34961,0.10970854759216309
36851,0.09828710556030273
31911,0.11491990089416504
31677,0.12036609649658203
31768,0.11667180061340332
31630,0.11901164054870605
32034,0.12514829635620117
31986,0.09153580665588379
31992,0.104034423828125
32099,0.10030651092529297
31491,0.11341476440429688
31660,0.12141203880310059
31617,0.1137537956237793
31565,0.11380505561828613
31797,0.10924339294433594
31547,0.09533429145812988
31824,0.10803985595703125
32405,0.10145425796508789
32597,0.12319231033325195
32693,0.11188554763793945
32495,0.09235620498657227
32622,0.10790634155273438
32527,0.07877111434936523
32515,0.0948646068572998
30947,0.10060000419616699
31139,0.11469888687133789
30979,0.1199789047241211
30970,0.11939167976379395
30813,0.1109154224395752
30731,0.11922049522399902
31141,0.10210537910461426
31025,0.10004591941833496
31127,0.06932353973388672
31089,0.09423017501831055
31158,0.09829831123352051
30731,0.09735250473022461
30963,0.09530186653137207
31127,0.08430886268615723
31199,0.12042689323425293
31435,0.0959014892578125
35299,0.11725807189941406
35362,0.06306838989257812
35795,0.10018610954284668
35343,0.10088062286376953
30572,0.09588265419006348
30881,0.11547064781188965
31110,0.0975644588470459
30973,0.10630989074707031
31331,0.09781146049499512
31604,0.09080862998962402
31194,0.09366226196289062
31462,0.09771442413330078
31696,0.0970456600189209
31388,0.06358981132507324
31132,0.12418150901794434
31308,0.11818456649780273
31484,0.09705662727355957
31725,0.09655976295471191
33170,0.10386371612548828
33019,0.09609794616699219
36592,0.07761836051940918
36075,0.11869263648986816
36328,0.12190389633178711
36857,0.09801554679870605
36592,0.09836268424987793
36206,0.08568835258483887
36426,0.09868812561035156
36343,0.11461186408996582
36444,0.11776185035705566
36032,0.08811783790588379
36212,0.09470772743225098
36504,0.09955644607543945
36177,0.0924675464630127
36415,0.11471176147460938
36044,0.09257364273071289
36366,0.10053014755249023
37174,0.1197962760925293
37188,0.09785652160644531
36616,0.10157036781311035
36826,0.09712910652160645
36662,0.1294095516204834
36337,0.1045682430267334
36315,0.07738685607910156
35900,0.11194252967834473
35601,0.12252163887023926
37167,0.09815740585327148
36325,0.11594843864440918
35630,0.11746525764465332
35641,0.0963904857635498
35781,0.10982131958007812
35450,0.09856224060058594
35236,0.10736417770385742
35174,0.10051679611206055
36111,0.0990452766418457
34660,0.12461185455322266
36155,0.07608318328857422
35751,0.12063956260681152
35697,0.07862353324890137
35856,0.09796380996704102
35653,0.10157108306884766
35525,0.082275390625
35620,0.09744882583618164
35290,0.09758353233337402
35591,0.10117959976196289
35882,0.11552882194519043
35792,0.1023867130279541
32246,0.09841060638427734
32078,0.09782242774963379
32034,0.11416172981262207
32328,0.10937166213989258
31744,0.09339165687561035
30750,0.09417891502380371
31753,0.11938095092773438
31398,0.11266922950744629
30470,0.09995031356811523
31205,0.11307835578918457
31329,0.07417488098144531
32584,0.08188271522521973
32001,0.09499454498291016
37329,0.11964654922485352
32153,0.09853744506835938
31604,0.09374022483825684
36472,0.11689543724060059
35994,0.1217947006225586
32305,0.11606979370117188
31898,0.10104036331176758
31762,0.1183466911315918
32019,0.11315178871154785
32428,0.0966951847076416
32033,0.07062745094299316
31740,0.1118476390838623
31539,0.11054444313049316
31595,0.09395599365234375
31959,0.1175234317779541
31743,0.11422896385192871
31836,0.09820055961608887
31769,0.1050562858581543
31963,0.12848448753356934
31926,0.10096478462219238
31606,0.11803698539733887
31714,0.08454465866088867
31851,0.1198735237121582
31661,0.09791946411132812
31659,0.1070106029510498
36362,0.09701251983642578
35997,0.11717844009399414
32151,0.11389660835266113
31806,0.0929872989654541
31695,0.0740499496459961
31960,0.07276058197021484
32195,0.11434364318847656
31928,0.09636950492858887
36576,0.10277962684631348
31434,0.11741209030151367
32102,0.10697174072265625
36554,0.0736091136932373
36789,0.11764907836914062
32200,0.1203162670135498
32131,0.09227490425109863
32067,0.1138153076171875
31995,0.1142122745513916
31954,0.11448287963867188
36226,0.11801505088806152
31686,0.09957766532897949
31632,0.11765718460083008
31645,0.11692976951599121
31839,0.09712719917297363
31894,0.09929895401000977
31993,0.09493684768676758
32006,0.10782384872436523
32389,0.10220813751220703
32544,0.11569666862487793
32033,0.11504435539245605
32002,0.11454200744628906
32076,0.07797074317932129
31726,0.11088681221008301
31749,0.0639042854309082
31889,0.09810137748718262
31793,0.11707758903503418
36697,0.09762072563171387
36536,0.11666178703308105
36431,0.10699987411499023
31205,0.09290695190429688
31127,0.10987615585327148
31177,0.11196255683898926
31076,0.12852954864501953
31541,0.08285713195800781
36603,0.10661721229553223
32086,0.10200786590576172
31644,0.11177921295166016
36611,0.10112452507019043
36315,0.11725592613220215
36271,0.10632085800170898
36365,0.09798431396484375
36454,0.1014254093170166
31819,0.11411619186401367
32154,0.11624741554260254
32501,0.10229659080505371
36586,0.10244369506835938
32171,0.11767911911010742
31968,0.09839701652526855
31526,0.09567546844482422
32464,0.06718134880065918
32467,0.09635758399963379
31736,0.10404467582702637
31937,0.12019801139831543
31693,0.09410381317138672
31497,0.08005833625793457
36408,0.07601189613342285
34780,0.1234734058380127
34018,0.12343788146972656
35527,0.11595010757446289
35007,0.10177040100097656
34557,0.11200785636901855
34976,0.11195516586303711
35117,0.11664414405822754
34780,0.1093599796295166
34769,0.07907414436340332
35338,0.08835744857788086
35037,0.13272881507873535
34828,0.09944987297058105
35557,0.09652137756347656
35577,0.11050820350646973
34884,0.0966644287109375
34703,0.11804604530334473
34244,0.09667420387268066
35336,0.10152888298034668
35437,0.13005828857421875
35368,0.10838913917541504
34766,0.10477042198181152
35816,0.12252283096313477
35728,0.12040090560913086
35680,0.11606121063232422
35770,0.11675643920898438
35759,0.09598636627197266
35404,0.11762213706970215
35417,0.10032868385314941
35626,0.09826326370239258
35356,0.09905385971069336
35166,0.12104511260986328
35031,0.10912489891052246
33895,0.11815571784973145
35182,0.09716248512268066
35658,0.1215667724609375
35929,0.09791278839111328
36025,0.12425661087036133
36124,0.10342288017272949
35966,0.09952092170715332
36160,0.09774374961853027
36807,0.10009217262268066
37217,0.08927798271179199
36471,0.12062978744506836
35338,0.0992131233215332
35918,0.09657859802246094
35781,0.10372018814086914
35859,0.11839079856872559
35987,0.11813521385192871
35689,0.09823441505432129
35640,0.07518172264099121
35814,0.09945321083068848
36064,0.12026143074035645
36002,0.11936640739440918
35951,0.1010749340057373
35762,0.09825444221496582
36039,0.07455587387084961
35795,0.09891724586486816
35742,0.07529997825622559
35672,0.09861183166503906
35970,0.10048508644104004
34479,0.09988069534301758
35188,0.09646224975585938
34821,0.07718276977539062
35101,0.0929877758026123
36711,0.09835696220397949
36561,0.09895110130310059
36147,0.08276057243347168
36130,0.08176517486572266
35786,0.09491515159606934
36019,0.09712862968444824
34504,0.09777998924255371
34448,0.09695100784301758
34101,0.07416725158691406
34309,0.08756494522094727
33977,0.12285709381103516
34640,0.09499239921569824
33432,0.11879611015319824
