31128,0.03867220878601074
30933,0.03771090507507324
31190,0.029337406158447266
31510,0.023014545440673828
30226,0.03277468681335449
31319,0.019757509231567383
31506,0.023624420166015625
31498,0.02783513069152832
31382,0.025191783905029297
31641,0.030402183532714844
31589,0.03135085105895996
31419,0.025361299514770508
31407,0.02143549919128418
31425,0.02012801170349121
31291,0.020444154739379883
31341,0.0208892822265625
31426,0.03018355369567871
31225,0.03214216232299805
31463,0.020039081573486328
31587,0.017047405242919922
31238,0.01819157600402832
31002,0.022558212280273438
31238,0.02296304702758789
31031,0.020751237869262695
31086,0.03009343147277832
31307,0.02550029754638672
31277,0.026455402374267578
31289,0.027060747146606445
31365,0.023142337799072266
31207,0.01786017417907715
30136,0.024044513702392578
31592,0.024869203567504883
30345,0.0262758731842041
31162,0.025252580642700195
31212,0.03089594841003418
31107,0.022992849349975586
31051,0.02040863037109375
31172,0.0295255184173584
31102,0.030544281005859375
31216,0.026158809661865234
31204,0.023099660873413086
31217,0.019598722457885742
31108,0.025310993194580078
31140,0.019495010375976562
31182,0.025125503540039062
31015,0.02594733238220215
31058,0.025218725204467773
30918,0.025846004486083984
31101,0.02355027198791504
31044,0.02090597152709961
31238,0.02033400535583496
31004,0.024542570114135742
31402,0.034265756607055664
31094,0.022204875946044922
31130,0.02628326416015625
31254,0.016555070877075195
31195,0.029079198837280273
31218,0.03734302520751953
31167,0.019109487533569336
31154,0.018596649169921875
31234,0.021401166915893555
31202,0.03052210807800293
31135,0.019108057022094727
31067,0.017090320587158203
30939,0.01983642578125
31147,0.03080272674560547
31186,0.026776552200317383
31233,0.025870800018310547
31431,0.025404691696166992
31504,0.02982950210571289
30952,0.021082639694213867
30343,0.022715330123901367
30904,0.02585148811340332
31325,0.03171586990356445
31439,0.023526430130004883
31802,0.021726131439208984
31551,0.028772592544555664
31469,0.028533935546875
31442,0.0216982364654541
31179,0.021495580673217773
31578,0.021615982055664062
31260,0.024218082427978516
29248,0.025582075119018555
31809,0.02310013771057129
31751,0.02775120735168457
30210,0.020331859588623047
31567,0.016486167907714844
31694,0.025424957275390625
31757,0.025513887405395508
30746,0.026148557662963867
31434,0.03072381019592285
31393,0.025814294815063477
31222,0.022068023681640625
31594,0.02153778076171875
31504,0.032674312591552734
31890,0.028210878372192383
31706,0.022673845291137695
30334,0.02185988426208496
31437,0.025617122650146484
31814,0.023914337158203125
31281,0.027587175369262695
31331,0.018088579177856445
31449,0.02782893180847168
31495,0.02513742446899414
31545,0.030313491821289062
31450,0.031231164932250977
31357,0.022478103637695312
31382,0.03298377990722656
31302,0.016429662704467773
31373,0.026386737823486328
31358,0.02171492576599121
31228,0.02494978904724121
31287,0.022614717483520508
31344,0.0330352783203125
31378,0.029056549072265625
31467,0.021215438842773438
31228,0.025117874145507812
31316,0.025465726852416992
31341,0.018828392028808594
31446,0.021172761917114258
30975,0.02937150001525879
31448,0.03165936470031738
31314,0.03052210807800293
31783,0.0363919734954834
31261,0.032614707946777344
31557,0.030524492263793945
31235,0.03162646293640137
31396,0.04039573669433594
31246,0.03334307670593262
31517,0.030158042907714844
30556,0.02693915367126465
30937,0.023334503173828125
31177,0.024841785430908203
31651,0.03443169593811035
31736,0.03216147422790527
31733,0.03375697135925293
31549,0.0329899787902832
31542,0.02842259407043457
31429,0.03134942054748535
31269,0.022805213928222656
31276,0.03210759162902832
31301,0.019683361053466797
31331,0.032102346420288086
31318,0.0281527042388916
31339,0.026332616806030273
31363,0.018438339233398438
31171,0.03252983093261719
31333,0.020090818405151367
31306,0.0312650203704834
31349,0.033414602279663086
31488,0.03410935401916504
31220,0.02306222915649414
31426,0.03399491310119629
31275,0.027753591537475586
31086,0.03303885459899902
31316,0.02854323387145996
31200,0.03320431709289551
31323,0.03018355369567871
31343,0.038591623306274414
31120,0.020068883895874023
31105,0.023451805114746094
31292,0.024232149124145508
31500,0.02351093292236328
31309,0.02795696258544922
31176,0.0334775447845459
31508,0.022989511489868164
31148,0.03275918960571289
31375,0.040495872497558594
31426,0.020424842834472656
31180,0.023993730545043945
31366,0.027002334594726562
31293,0.01863241195678711
31605,0.03221297264099121
31312,0.023219823837280273
31109,0.02566981315612793
30986,0.029664039611816406
31216,0.03632044792175293
31313,0.030945777893066406
31114,0.021776914596557617
31288,0.032259464263916016
31220,0.026958465576171875
31010,0.02714061737060547
31058,0.03730463981628418
31184,0.02865004539489746
31358,0.03387880325317383
31423,0.01978611946105957
31420,0.03699302673339844
31426,0.03390765190124512
31471,0.03149271011352539
31293,0.036138057708740234
31291,0.027289152145385742
31455,0.021916627883911133
31609,0.033608198165893555
31367,0.03582310676574707
33595,0.03777027130126953
30447,0.027405261993408203
30687,0.01922011375427246
30898,0.03355073928833008
31311,0.030030250549316406
30361,0.021060943603515625
30831,0.02197098731994629
30731,0.03422260284423828
31304,0.03264975547790527
31572,0.021235942840576172
31335,0.018526315689086914
31240,0.03519487380981445
29215,0.030834436416625977
29239,0.028995275497436523
29156,0.030809640884399414
29180,0.0317225456237793
29166,0.02720475196838379
29361,0.02314472198486328
29264,0.024246692657470703
29228,0.023796796798706055
29223,0.03066110610961914
29467,0.032465219497680664
29427,0.02117300033569336
29470,0.027787208557128906
29170,0.027281761169433594
29295,0.027909040451049805
29094,0.02067255973815918
29237,0.026718854904174805
29232,0.030455589294433594
29407,0.02761244773864746
28986,0.023082256317138672
28484,0.029714107513427734
28944,0.025458335876464844
29331,0.02180624008178711
29610,0.026551485061645508
29553,0.02378559112548828
34540,0.023014545440673828
31679,0.12152099609375
31732,0.09526348114013672
31694,0.1185917854309082
31571,0.1207890510559082
31488,0.10378479957580566
31518,0.09572339057922363
29810,0.09856653213500977
29808,0.07143044471740723
30000,0.09663844108581543
29650,0.12319111824035645
29986,0.1040503978729248
31044,0.10068702697753906
32136,0.12117409706115723
32217,0.12404203414916992
31124,0.0865180492401123
31412,0.11555695533752441
31293,0.1159675121307373
31244,0.11517047882080078
31703,0.11434483528137207
30870,0.12237429618835449
30877,0.11582303047180176
31088,0.12086009979248047
31818,0.09227705001831055
30828,0.09320259094238281
30944,0.1098184585571289
30902,0.09276461601257324
30735,0.09435915946960449
30838,0.10870599746704102
30836,0.10053443908691406
30785,0.11558198928833008
30562,0.0898900032043457
30838,0.11700010299682617
30859,0.09653735160827637
30657,0.09572982788085938
31020,0.09673786163330078
30765,0.09617114067077637
30740,0.07376670837402344
30868,0.10195183753967285
30873,0.10986042022705078
30485,0.09615802764892578
31012,0.11832976341247559
30661,0.09676051139831543
30677,0.08341431617736816
30684,0.09107589721679688
30749,0.13120388984680176
30835,0.11992645263671875
30394,0.11168837547302246
30608,0.0986640453338623
30652,0.11591076850891113
30852,0.11904191970825195
30601,0.09744429588317871
30825,0.1172492504119873
30343,0.09648537635803223
30833,0.09419131278991699
30668,0.10281157493591309
30905,0.09692978858947754
30906,0.11158132553100586
31017,0.09597468376159668
31024,0.1155846118927002
31262,0.09513187408447266
31161,0.09675741195678711
31500,0.11812376976013184
31377,0.09316062927246094
31428,0.11646652221679688
31478,0.12186241149902344
31399,0.07506561279296875
31628,0.10002923011779785
31759,0.11984038352966309
27940,0.10319280624389648
29850,0.12153768539428711
31025,0.11444950103759766
31172,0.11431026458740234
30659,0.09570503234863281
30196,0.11349272727966309
30445,0.1177065372467041
30617,0.10255789756774902
30600,0.07071924209594727
30076,0.11245536804199219
30324,0.09841370582580566
30909,0.11501455307006836
30624,0.11649465560913086
30781,0.10064220428466797
31534,0.11935734748840332
30111,0.0840604305267334
31189,0.09812331199645996
31181,0.09469962120056152
30905,0.06982302665710449
30824,0.09753775596618652
30788,0.0961599349975586
30839,0.11812877655029297
30785,0.11375832557678223
30531,0.09825372695922852
30673,0.11936330795288086
30782,0.09086036682128906
30560,0.10609841346740723
30737,0.10049843788146973
30618,0.1125173568725586
30411,0.09578990936279297
30446,0.07986831665039062
30433,0.09187483787536621
32202,0.11832737922668457
32203,0.09409880638122559
32377,0.09813475608825684
32171,0.11414742469787598
32513,0.08679342269897461
32343,0.10383319854736328
32228,0.09369063377380371
28584,0.10164761543273926
28632,0.06864619255065918
28708,0.09500360488891602
28740,0.08835387229919434
28613,0.09102106094360352
28676,0.09729170799255371
28847,0.10248088836669922
28771,0.09391069412231445
28734,0.09438490867614746
28749,0.09095335006713867
28698,0.09263849258422852
28482,0.09564471244812012
28480,0.0972127914428711
28724,0.11542320251464844
28979,0.08224201202392578
28900,0.09404444694519043
29643,0.07914447784423828
30023,0.09632730484008789
29248,0.12207961082458496
29611,0.1276872158050537
28551,0.12090301513671875
29535,0.11467432975769043
29452,0.08468985557556152
29376,0.10703587532043457
29546,0.10275626182556152
29632,0.11928868293762207
29414,0.09671545028686523
29148,0.11956429481506348
29280,0.09439992904663086
32446,0.10379409790039062
28203,0.09310483932495117
29196,0.09608125686645508
28926,0.09445452690124512
29733,0.08989095687866211
30589,0.11328887939453125
30557,0.11279416084289551
28469,0.07316112518310547
28533,0.11807084083557129
28437,0.09663820266723633
27949,0.0986940860748291
28020,0.08132028579711914
28341,0.11281466484069824
28248,0.10093045234680176
28160,0.11764645576477051
28399,0.09236812591552734
28581,0.09746623039245605
28479,0.06541323661804199
28600,0.09506797790527344
28610,0.11211991310119629
28728,0.11370992660522461
28024,0.0951840877532959
27693,0.10376977920532227
27970,0.09926128387451172
28133,0.09489583969116211
28181,0.09460616111755371
28111,0.09540677070617676
28231,0.1202695369720459
28499,0.09491920471191406
28440,0.08678531646728516
28758,0.09566450119018555
28114,0.09545350074768066
27607,0.09458422660827637
28693,0.11104297637939453
27323,0.09508204460144043
27339,0.09200382232666016
27408,0.11700797080993652
26847,0.11223697662353516
26400,0.1215674877166748
27112,0.09407758712768555
27055,0.09671640396118164
27319,0.10982966423034668
27300,0.10380029678344727
27315,0.07710075378417969
27379,0.10814428329467773
27319,0.09031462669372559
27219,0.09207367897033691
27416,0.09166932106018066
27331,0.1196141242980957
27113,0.1155996322631836
27280,0.10718894004821777
27129,0.09981632232666016
27255,0.09945440292358398
32888,0.06268310546875
32629,0.10497570037841797
32739,0.11856698989868164
32164,0.11645340919494629
31851,0.11419463157653809
32543,0.11621427536010742
30687,0.11772656440734863
31787,0.11575579643249512
30901,0.12398242950439453
31911,0.11400699615478516
32686,0.09656643867492676
33764,0.0922079086303711
33082,0.12029314041137695
32347,0.09531450271606445
32561,0.09719157218933105
32072,0.11372232437133789
32253,0.11524081230163574
32294,0.10909628868103027
33353,0.11862516403198242
32527,0.09319162368774414
33044,0.12267661094665527
32544,0.12384700775146484
32866,0.10142827033996582
32738,0.11826801300048828
32783,0.11598324775695801
32929,0.09570193290710449
32822,0.0989072322845459
33029,0.09569358825683594
32593,0.1145925521850586
32775,0.10490775108337402
32867,0.11502885818481445
33079,0.09553742408752441
32597,0.10064268112182617
31993,0.09885072708129883
32523,0.10412168502807617
33077,0.1206977367401123
32318,0.11299681663513184
31995,0.11541438102722168
31644,0.09381484985351562
32123,0.09787464141845703
33294,0.11914730072021484
32977,0.11562037467956543
32843,0.11913681030273438
32884,0.11606836318969727
33000,0.09649324417114258
32877,0.0994112491607666
32314,0.11743378639221191
32854,0.12466096878051758
32623,0.07089757919311523
31943,0.11490988731384277
32933,0.09450387954711914
32651,0.11949563026428223
32540,0.09676337242126465
33669,0.10379266738891602
32782,0.09574294090270996
32689,0.11565613746643066
32916,0.09759354591369629
33143,0.09504866600036621
32927,0.09978389739990234
33196,0.11541056632995605
32906,0.12313580513000488
33091,0.1157693862915039
32876,0.0969688892364502
33126,0.12299537658691406
33155,0.12321853637695312
32752,0.07144999504089355
32409,0.10129523277282715
32872,0.11636185646057129
32593,0.08478283882141113
32237,0.06835150718688965
32293,0.10837531089782715
32652,0.11523866653442383
32753,0.0947885513305664
31715,0.10232996940612793
31950,0.12775802612304688
32162,0.09727811813354492
32326,0.11465263366699219
32124,0.11820626258850098
32738,0.09339427947998047
32738,0.11207103729248047
32906,0.10196089744567871
32796,0.1010744571685791
32913,0.11853814125061035
32925,0.09933137893676758
32852,0.09703540802001953
32702,0.06847143173217773
32583,0.11726880073547363
32785,0.09571552276611328
32858,0.10240459442138672
33072,0.09756922721862793
33199,0.10022759437561035
33090,0.12154436111450195
32752,0.09240841865539551
32950,0.11714792251586914
32548,0.09358572959899902
32827,0.12349128723144531
32798,0.12040853500366211
32425,0.11684393882751465
32254,0.11647343635559082
32726,0.10445713996887207
31831,0.09566545486450195
32593,0.09598970413208008
32124,0.1228787899017334
30812,0.09436869621276855
30378,0.1186821460723877
31992,0.099761962890625
30997,0.12054562568664551
30664,0.08703923225402832
30711,0.12340164184570312
31077,0.11103987693786621
30854,0.09809207916259766
30724,0.1217813491821289
31319,0.0964970588684082
30916,0.12030410766601562
31071,0.0990440845489502
31471,0.11177468299865723
31426,0.09554314613342285
31174,0.09876513481140137
30810,0.1156318187713623
30632,0.09414529800415039
31493,0.11497092247009277
31466,0.10278844833374023
31203,0.09673261642456055
30887,0.0986790657043457
31852,0.11930370330810547
31720,0.09555768966674805
31582,0.11690497398376465
31373,0.09336495399475098
31572,0.09505748748779297
31532,0.09611868858337402
31380,0.09763884544372559
31455,0.09852147102355957
31266,0.11148476600646973
31331,0.12647080421447754
30786,0.09157824516296387
30526,0.11269307136535645
31219,0.12227034568786621
31528,0.09424042701721191
31511,0.10448217391967773
31632,0.11729907989501953
31650,0.11835527420043945
31693,0.09641671180725098
31673,0.09863901138305664
31623,0.11809039115905762
31630,0.09439444541931152
31845,0.10123157501220703
31325,0.09641766548156738
31677,0.11860084533691406
31713,0.09586429595947266
31740,0.12068533897399902
31729,0.09342217445373535
31710,0.11369442939758301
31609,0.10685396194458008
31731,0.09656453132629395
31640,0.09554314613342285
31739,0.1188344955444336
31744,0.09120726585388184
31620,0.10193562507629395
31831,0.07776165008544922
31674,0.09786868095397949
31730,0.09708571434020996
31431,0.09539484977722168
30860,0.11884236335754395
30041,0.12163114547729492
30732,0.09185171127319336
30345,0.09616398811340332
32301,0.09486985206604004
31595,0.09570980072021484
31670,0.10436630249023438
31763,0.11807656288146973
31740,0.12061834335327148
31581,0.09026002883911133
31533,0.09497523307800293
31904,0.12341523170471191
31699,0.09254074096679688
31802,0.09107422828674316
31350,0.1169424057006836
31118,0.11936116218566895
31175,0.09509825706481934
31381,0.07818365097045898
