27879,0.042539119720458984
27934,0.041884422302246094
28035,0.024488449096679688
28285,0.025949716567993164
27594,0.024826765060424805
28039,0.019716978073120117
28174,0.023645639419555664
28108,0.026662826538085938
28164,0.02297043800354004
28159,0.01963639259338379
28113,0.029485702514648438
28134,0.02370762825012207
28067,0.023898839950561523
28047,0.028717041015625
28006,0.02893209457397461
28044,0.020566940307617188
28041,0.02959609031677246
27901,0.018639802932739258
27991,0.028950929641723633
28126,0.043946266174316406
27896,0.02610325813293457
27893,0.04056859016418457
27852,0.027144908905029297
27895,0.031095266342163086
28010,0.029356718063354492
28098,0.01653432846069336
28120,0.024335384368896484
28147,0.023835182189941406
28162,0.018970251083374023
27886,0.021010875701904297
26859,0.016750097274780273
28258,0.017426252365112305
27684,0.02823615074157715
27889,0.022076845169067383
27835,0.03541994094848633
28169,0.018818378448486328
28079,0.027060508728027344
27925,0.024466514587402344
28101,0.022081851959228516
28117,0.021319866180419922
28039,0.020651817321777344
28102,0.020556211471557617
28121,0.0323176383972168
28043,0.029729366302490234
27958,0.029499530792236328
27911,0.025203943252563477
28053,0.026182174682617188
27879,0.020787477493286133
28006,0.02635478973388672
27991,0.025000333786010742
27986,0.032622575759887695
27873,0.023165225982666016
28199,0.02581334114074707
28192,0.025967836380004883
28186,0.029155492782592773
28130,0.02577042579650879
28054,0.030992746353149414
28087,0.03970789909362793
28098,0.02187967300415039
28152,0.03034496307373047
28125,0.023830890655517578
28220,0.026012659072875977
28120,0.025864839553833008
28225,0.025407075881958008
28085,0.016000032424926758
28264,0.027250289916992188
28287,0.029864072799682617
28288,0.02107071876525879
28070,0.025416135787963867
28189,0.025017738342285156
30645,0.025545358657836914
27363,0.027176380157470703
27961,0.025258302688598633
28132,0.033205509185791016
28247,0.029852628707885742
28269,0.030877351760864258
28268,0.01683783531188965
28129,0.03222990036010742
28199,0.027203083038330078
27997,0.026561737060546875
28246,0.025473833084106445
27725,0.02983236312866211
29442,0.022330045700073242
28105,0.021193265914916992
28169,0.021343708038330078
27211,0.021250009536743164
28512,0.029791831970214844
28137,0.04586625099182129
28184,0.02016282081604004
27456,0.024456262588500977
28321,0.033761024475097656
28191,0.02306342124938965
27892,0.01898956298828125
28475,0.020056724548339844
28233,0.025080442428588867
28419,0.027193546295166016
28244,0.02125096321105957
26777,0.020102739334106445
28359,0.01800537109375
27739,0.023492813110351562
28155,0.024196863174438477
28265,0.020270347595214844
28285,0.031156301498413086
28235,0.03014349937438965
28218,0.024568557739257812
28249,0.026851654052734375
28236,0.03246164321899414
28172,0.020989656448364258
28159,0.023885011672973633
28225,0.02516484260559082
28221,0.020092487335205078
28125,0.020170927047729492
28208,0.020873308181762695
28201,0.03445839881896973
28275,0.02384328842163086
28225,0.02101421356201172
28089,0.023438453674316406
28280,0.02094411849975586
28325,0.02362847328186035
28266,0.01959061622619629
28732,0.02559208869934082
28806,0.025239229202270508
28838,0.0302886962890625
29061,0.029937267303466797
28917,0.03530120849609375
28940,0.032758235931396484
28688,0.02156829833984375
28698,0.021369457244873047
28667,0.024083614349365234
29151,0.020167112350463867
28736,0.02132248878479004
28465,0.02724933624267578
28256,0.023604393005371094
28734,0.023157596588134766
28732,0.0278317928314209
28862,0.03550124168395996
28898,0.03192901611328125
28888,0.022090435028076172
28880,0.026907920837402344
28742,0.02879643440246582
28714,0.020867109298706055
28831,0.028163909912109375
28730,0.0273439884185791
28850,0.021149635314941406
28759,0.025038957595825195
28803,0.023794174194335938
28815,0.02968740463256836
28768,0.028737306594848633
28808,0.018572092056274414
28782,0.018895387649536133
28806,0.028999805450439453
28687,0.023673057556152344
28790,0.020216941833496094
28770,0.021141529083251953
28687,0.024857521057128906
28735,0.020612001419067383
28687,0.0286710262298584
28723,0.026527881622314453
28770,0.023732900619506836
28586,0.02400994300842285
28540,0.024045705795288086
28659,0.03557300567626953
28818,0.027161359786987305
28576,0.026328563690185547
28562,0.027283191680908203
28778,0.02799820899963379
28553,0.0234220027923584
28636,0.03063058853149414
28682,0.029765844345092773
28574,0.024445295333862305
28672,0.028890371322631836
28670,0.021239280700683594
28596,0.021787166595458984
28693,0.023159265518188477
28606,0.02517080307006836
28592,0.02136826515197754
28588,0.02904963493347168
28633,0.026500225067138672
28696,0.02415323257446289
28689,0.029500484466552734
28706,0.021827220916748047
28602,0.01998424530029297
28580,0.02930736541748047
28639,0.03516077995300293
28676,0.03311800956726074
28735,0.02857065200805664
28688,0.025124073028564453
28732,0.02738046646118164
28622,0.023158788681030273
28556,0.02337479591369629
28620,0.021143198013305664
28626,0.029538631439208984
28679,0.029714345932006836
29385,0.031713247299194336
28418,0.01897883415222168
28133,0.02593231201171875
28289,0.021252155303955078
28912,0.015167474746704102
28993,0.029504060745239258
28609,0.028350830078125
28070,0.01925969123840332
28226,0.02337479591369629
28341,0.024974584579467773
28930,0.01724076271057129
28708,0.027655363082885742
28634,0.03227400779724121
26623,0.028362512588500977
26520,0.03338265419006348
26688,0.019891738891601562
26614,0.02079010009765625
26582,0.0270841121673584
26521,0.021973371505737305
26508,0.022315263748168945
26491,0.021457195281982422
26516,0.024021625518798828
26490,0.02142930030822754
26461,0.02666020393371582
26422,0.027808189392089844
26422,0.024642229080200195
26468,0.026553630828857422
26480,0.027913331985473633
26448,0.02104043960571289
26473,0.0321199893951416
26532,0.02170872688293457
26587,0.02517414093017578
26787,0.03368949890136719
25901,0.030295372009277344
26330,0.020226716995239258
26197,0.029180049896240234
26401,0.0287783145904541
27212,0.03387904167175293
26815,0.10378599166870117
26859,0.11754703521728516
26901,0.09378385543823242
26907,0.10052275657653809
26859,0.10404300689697266
26828,0.09212923049926758
27953,0.11959600448608398
27930,0.11830949783325195
27982,0.0981895923614502
27869,0.11068153381347656
27869,0.11068153381347656
27829,0.08812761306762695
28627,0.0960843563079834
25438,0.10030555725097656
25438,0.10030555725097656
25498,0.12091588973999023
28818,0.09625840187072754
25486,0.11241960525512695
25797,0.11595439910888672
25397,0.08499383926391602
25466,0.10910749435424805
25497,0.09958839416503906
25370,0.10123705863952637
25271,0.09406876564025879
28655,0.11582207679748535
25467,0.10126113891601562
28423,0.11726117134094238
25368,0.0964500904083252
25697,0.09671211242675781
25765,0.09118890762329102
25720,0.1108705997467041
25827,0.08906054496765137
25703,0.09031438827514648
25676,0.09898018836975098
25716,0.10230708122253418
25603,0.08776402473449707
25681,0.11744832992553711
25406,0.07374835014343262
25676,0.12441873550415039
25554,0.09447622299194336
25589,0.12664461135864258
25639,0.08766698837280273
25684,0.0812232494354248
25543,0.12084794044494629
25741,0.11741805076599121
25623,0.11678719520568848
25745,0.0960838794708252
25612,0.11579227447509766
25716,0.09659337997436523
25671,0.06281876564025879
25487,0.09840226173400879
28711,0.09557604789733887
28621,0.09599995613098145
28603,0.09759783744812012
25312,0.11685633659362793
25378,0.10201287269592285
25429,0.09648442268371582
28702,0.11089038848876953
28563,0.10820555686950684
28345,0.09446239471435547
28497,0.0871419906616211
28519,0.11591696739196777
28436,0.09579133987426758
28503,0.09788084030151367
28634,0.07418632507324219
25297,0.12800884246826172
25326,0.12141752243041992
25266,0.09437298774719238
28005,0.08893990516662598
25281,0.09479141235351562
28246,0.08380532264709473
24986,0.11600399017333984
27852,0.11195564270019531
24750,0.11322975158691406
24692,0.12193489074707031
25003,0.09125733375549316
24937,0.09322547912597656
25423,0.11616277694702148
25264,0.08544397354125977
25624,0.12080764770507812
25554,0.07880997657775879
25479,0.11461400985717773
28499,0.1179800033569336
25588,0.10121011734008789
25754,0.1155705451965332
25816,0.11189389228820801
25727,0.11331033706665039
25684,0.0842900276184082
25792,0.0898447036743164
25646,0.09255576133728027
25698,0.08998656272888184
25699,0.1172945499420166
25728,0.12206602096557617
25681,0.10063052177429199
25744,0.11695623397827148
25808,0.1101372241973877
25831,0.07754921913146973
25759,0.09726095199584961
25688,0.09257245063781738
25664,0.1180562973022461
27662,0.10037851333618164
27574,0.11689162254333496
27614,0.09306216239929199
27586,0.09428095817565918
27625,0.09815073013305664
27662,0.11514067649841309
27607,0.09456348419189453
27438,0.08476090431213379
27592,0.11543941497802734
27492,0.0991060733795166
27415,0.10469484329223633
27306,0.12176990509033203
27325,0.11325883865356445
27403,0.0916283130645752
27691,0.10575413703918457
27656,0.10494160652160645
27647,0.09810709953308105
27796,0.09828639030456543
27558,0.09401726722717285
27805,0.0910799503326416
27646,0.0975809097290039
27588,0.10563325881958008
27702,0.08777761459350586
26233,0.09991073608398438
26032,0.11293172836303711
25605,0.09993553161621094
26953,0.09822726249694824
26953,0.09822726249694824
27288,0.08086705207824707
27348,0.09773778915405273
27067,0.1149296760559082
27174,0.08807039260864258
27293,0.09842681884765625
27262,0.09912347793579102
27145,0.0790262222290039
27211,0.09388184547424316
26839,0.1062164306640625
26847,0.09132122993469238
27560,0.09957027435302734
27143,0.0999138355255127
27462,0.09464836120605469
28776,0.11554741859436035
28960,0.11137604713439941
27562,0.09583044052124023
27780,0.10215067863464355
27557,0.08928918838500977
27538,0.08402895927429199
27523,0.09453177452087402
27608,0.11745738983154297
27565,0.12195873260498047
27472,0.11707305908203125
27587,0.0888972282409668
27704,0.09778308868408203
27647,0.127288818359375
27844,0.09750795364379883
27735,0.09270477294921875
27868,0.09705829620361328
27418,0.10496354103088379
27354,0.07788634300231934
27420,0.10016489028930664
27501,0.11545348167419434
27423,0.1192770004272461
27318,0.1184532642364502
27793,0.11185860633850098
27717,0.11240172386169434
27404,0.11463284492492676
27651,0.09366774559020996
27548,0.09383273124694824
26998,0.0960245132446289
28486,0.09824967384338379
28140,0.09786272048950195
28416,0.1136012077331543
27975,0.08646535873413086
27584,0.09235715866088867
24355,0.11908388137817383
28128,0.10573077201843262
28015,0.11609077453613281
25411,0.08524227142333984
28161,0.09568309783935547
28215,0.07300925254821777
28216,0.09635782241821289
28270,0.09464192390441895
28118,0.10108518600463867
28175,0.08844971656799316
28193,0.10066390037536621
28193,0.09426045417785645
28290,0.09665751457214355
28058,0.10848474502563477
28221,0.09345245361328125
28444,0.09761714935302734
28589,0.09436678886413574
28667,0.12720012664794922
28498,0.0935969352722168
27235,0.11966371536254883
26864,0.09968161582946777
26341,0.09766769409179688
26689,0.11313962936401367
27020,0.09914898872375488
24490,0.11511945724487305
24872,0.11161136627197266
25895,0.09255671501159668
28466,0.12058424949645996
28214,0.09664320945739746
28338,0.09586596488952637
28097,0.09624338150024414
28060,0.11748552322387695
27951,0.11403799057006836
28783,0.11352753639221191
28386,0.09414958953857422
28493,0.09250092506408691
28424,0.1145472526550293
28539,0.09633278846740723
28422,0.09568476676940918
28382,0.09388875961303711
28370,0.09342122077941895
28559,0.09432172775268555
28513,0.09317517280578613
28423,0.11595416069030762
28263,0.09309077262878418
28328,0.11542153358459473
28527,0.1105499267578125
28393,0.11960744857788086
28476,0.11782336235046387
27993,0.09327864646911621
28395,0.0961465835571289
28318,0.0950474739074707
28064,0.09614396095275879
28056,0.11709022521972656
28000,0.09370064735412598
28751,0.09067201614379883
28360,0.09961318969726562
28726,0.12115311622619629
28626,0.11217927932739258
28649,0.0991520881652832
28613,0.0952918529510498
28144,0.09520101547241211
28138,0.12279677391052246
28540,0.11709046363830566
28353,0.11558008193969727
28533,0.08973455429077148
28330,0.08148360252380371
28447,0.09879422187805176
28096,0.11288070678710938
28171,0.11667823791503906
28409,0.12428927421569824
28482,0.08263516426086426
28444,0.09360384941101074
28447,0.11785483360290527
28542,0.0962378978729248
28562,0.09499859809875488
28623,0.09655475616455078
28563,0.0954439640045166
28605,0.11912417411804199
28726,0.1259322166442871
27919,0.09670686721801758
28277,0.09801864624023438
28638,0.10068750381469727
28525,0.07954716682434082
28388,0.10323977470397949
28304,0.11237621307373047
25164,0.11687970161437988
28486,0.09195780754089355
28155,0.09696578979492188
28270,0.11152148246765137
27779,0.1036527156829834
24944,0.10416579246520996
25225,0.0984184741973877
25116,0.11718273162841797
25079,0.11729931831359863
25511,0.0937657356262207
28363,0.09248805046081543
28349,0.0958712100982666
28411,0.12545061111450195
28410,0.1035759449005127
28170,0.06652188301086426
28320,0.09787964820861816
28502,0.11720776557922363
28354,0.11968135833740234
28534,0.12351131439208984
28593,0.09198570251464844
28574,0.11547517776489258
28512,0.11141800880432129
28483,0.11759376525878906
28667,0.1008601188659668
28510,0.09467458724975586
28106,0.09303116798400879
28242,0.09090542793273926
25283,0.09265804290771484
28551,0.09347724914550781
28346,0.09447383880615234
27866,0.09318256378173828
28503,0.09530043601989746
29485,0.11655282974243164
29412,0.10773921012878418
30634,0.12296199798583984
29835,0.11532807350158691
29373,0.07347559928894043
29617,0.09113216400146484
29932,0.11532807350158691
29468,0.09674882888793945
29921,0.06186103820800781
29947,0.1221916675567627
29678,0.09488105773925781
28942,0.11655783653259277
30257,0.12271690368652344
30278,0.09649133682250977
29755,0.11789321899414062
29596,0.09799623489379883
29444,0.11682534217834473
30448,0.09826278686523438
30241,0.07590842247009277
29780,0.12205767631530762
28639,0.09995412826538086
30588,0.12013459205627441
30465,0.09419727325439453
30388,0.11421322822570801
30444,0.09540367126464844
30338,0.09766173362731934
30294,0.0969688892364502
30187,0.0950617790222168
30369,0.10117149353027344
30233,0.11282038688659668
30115,0.10402083396911621
29590,0.10114693641662598
29437,0.11428213119506836
30054,0.09484004974365234
30379,0.12077927589416504
30431,0.09480690956115723
30402,0.09698939323425293
30430,0.09737277030944824
30419,0.07507681846618652
30415,0.1158750057220459
30557,0.10153555870056152
30582,0.09928274154663086
30616,0.0999593734741211
29986,0.09550976753234863
30043,0.09555339813232422
30394,0.09566283226013184
30470,0.09465694427490234
30363,0.1179203987121582
30398,0.09633016586303711
30331,0.11592817306518555
30388,0.09105038642883301
30308,0.1036217212677002
30358,0.09671568870544434
30484,0.09840750694274902
30454,0.09594440460205078
30510,0.09558343887329102
30487,0.11481285095214844
30378,0.09388232231140137
29999,0.09633779525756836
29618,0.11214733123779297
29405,0.1188969612121582
29573,0.11671113967895508
29268,0.11351203918457031
30977,0.12371063232421875
30463,0.09821295738220215
30493,0.10100960731506348
30480,0.10861706733703613
30422,0.09316444396972656
30420,0.10062956809997559
30358,0.09306049346923828
28939,0.11154723167419434
28918,0.11439013481140137
28765,0.11950540542602539
28618,0.11352396011352539
28348,0.12289595603942871
28546,0.1124258041381836
29092,0.11584067344665527
