27189,0.0266265869140625
27213,0.033299922943115234
27157,0.02586197853088379
27061,0.022019147872924805
26980,0.019321441650390625
27087,0.02199077606201172
27105,0.025560855865478516
27118,0.03151345252990723
27078,0.028877735137939453
27149,0.02922654151916504
27100,0.018098831176757812
27093,0.025092363357543945
27121,0.025986671447753906
27088,0.02448582649230957
27107,0.023433685302734375
27114,0.021686792373657227
27087,0.0219268798828125
27086,0.023344039916992188
27062,0.03431439399719238
27121,0.02447962760925293
27067,0.02201390266418457
27072,0.030894756317138672
27111,0.021208524703979492
27071,0.022632837295532227
27039,0.024878978729248047
27137,0.02199244499206543
27136,0.016709566116333008
27149,0.031745195388793945
27177,0.025515079498291016
27185,0.036955833435058594
26869,0.02550506591796875
27210,0.019845962524414062
26965,0.01996612548828125
27081,0.0267789363861084
27094,0.024348974227905273
27109,0.021927833557128906
27071,0.02232670783996582
27103,0.022845029830932617
27075,0.024950027465820312
27058,0.020665884017944336
27089,0.019726037979125977
27078,0.025587081909179688
27090,0.02468395233154297
27104,0.03245878219604492
27105,0.027730703353881836
27124,0.02028489112854004
27065,0.02041172981262207
27028,0.025830745697021484
27040,0.025938987731933594
27073,0.0314335823059082
27080,0.019447803497314453
27022,0.03351855278015137
27170,0.01802825927734375
27104,0.026630401611328125
26978,0.026465654373168945
27099,0.025005578994750977
27147,0.030574560165405273
27170,0.03063821792602539
27131,0.024933338165283203
27111,0.02289271354675293
27073,0.02347397804260254
27093,0.03172874450683594
27106,0.02401113510131836
27121,0.020001888275146484
27170,0.022923946380615234
27178,0.03320050239562988
27165,0.026198387145996094
27227,0.021183252334594727
27289,0.028346538543701172
27222,0.03606891632080078
27365,0.021228551864624023
27110,0.018121719360351562
27161,0.02794194221496582
27167,0.027852535247802734
27183,0.021362781524658203
27164,0.024674177169799805
27205,0.026243209838867188
27293,0.02398681640625
27239,0.025013446807861328
27370,0.024979591369628906
27331,0.0283811092376709
27018,0.018134117126464844
27353,0.025563478469848633
27337,0.0309145450592041
27198,0.025264501571655273
26964,0.020946979522705078
27308,0.02082037925720215
27338,0.025826454162597656
27197,0.025700807571411133
26901,0.02139878273010254
27165,0.029875993728637695
27272,0.02471327781677246
26912,0.027624845504760742
27275,0.025605201721191406
27216,0.024977922439575195
27388,0.024007081985473633
27267,0.021472692489624023
26870,0.02277994155883789
27238,0.02408909797668457
27425,0.028720617294311523
27217,0.03558945655822754
27188,0.0221710205078125
27061,0.021673917770385742
27085,0.02080059051513672
27104,0.025633811950683594
27122,0.020407438278198242
27108,0.023867368698120117
27096,0.02788853645324707
27107,0.0153961181640625
27143,0.02627849578857422
27126,0.025363683700561523
27131,0.026347875595092773
27127,0.02340221405029297
27077,0.02216362953186035
27081,0.030220746994018555
27134,0.020798683166503906
27078,0.022539138793945312
27082,0.019754648208618164
27104,0.02067112922668457
27107,0.01949596405029297
25063,0.01965951919555664
25110,0.034467458724975586
25029,0.02164292335510254
25233,0.024229764938354492
25148,0.022607088088989258
25152,0.024210453033447266
25082,0.02149510383605957
25078,0.022074460983276367
25123,0.026143789291381836
25180,0.020946502685546875
24911,0.01934647560119629
24861,0.022344589233398438
24894,0.02498602867126465
25014,0.021157503128051758
25093,0.029085397720336914
25094,0.021625518798828125
25162,0.02202892303466797
25120,0.027149200439453125
25147,0.02124500274658203
25115,0.02804279327392578
25137,0.02451634407043457
25150,0.031488895416259766
25126,0.024268388748168945
25152,0.01652669906616211
25156,0.027225017547607422
25131,0.02305746078491211
25146,0.0265042781829834
25109,0.020943164825439453
25116,0.024619579315185547
25117,0.02525925636291504
25090,0.022650480270385742
25081,0.024877548217773438
25102,0.023437023162841797
25096,0.022995948791503906
25057,0.020957231521606445
25081,0.01681685447692871
25046,0.027560949325561523
25043,0.01953911781311035
25061,0.022377967834472656
25039,0.024088382720947266
25015,0.024555444717407227
25092,0.018095016479492188
25122,0.0231320858001709
25114,0.021793603897094727
25096,0.01794576644897461
25101,0.022475481033325195
25089,0.022789955139160156
25111,0.018338441848754883
25095,0.021442174911499023
25069,0.023108959197998047
25092,0.021763086318969727
25057,0.01941537857055664
25055,0.01975536346435547
25060,0.0240633487701416
25019,0.0230562686920166
25021,0.033621788024902344
25047,0.023015260696411133
25054,0.02544856071472168
24998,0.026369571685791016
25015,0.020554780960083008
25046,0.027430057525634766
25024,0.02614426612854004
25017,0.02168416976928711
25032,0.03630971908569336
25063,0.025698423385620117
25085,0.03658318519592285
25048,0.01874852180480957
25109,0.021542787551879883
25080,0.0183868408203125
25063,0.020772218704223633
25011,0.02170586585998535
25040,0.020095348358154297
25080,0.024327516555786133
25118,0.025543212890625
24717,0.02480936050415039
24734,0.020738601684570312
24726,0.02166438102722168
24948,0.020834684371948242
25147,0.02775263786315918
24794,0.02243781089782715
24607,0.02371668815612793
24754,0.026091337203979492
24847,0.020412683486938477
25242,0.026743412017822266
25119,0.02149820327758789
25104,0.019240140914916992
24793,0.025552749633789062
24784,0.03142690658569336
24840,0.01815319061279297
24782,0.03255486488342285
24794,0.022652149200439453
24828,0.0266873836517334
24772,0.021857738494873047
24767,0.023853302001953125
24777,0.031340837478637695
24769,0.02272629737854004
24755,0.02831578254699707
24786,0.02184915542602539
24762,0.021266460418701172
24813,0.029009103775024414
24832,0.022684335708618164
24802,0.022176027297973633
24789,0.02647542953491211
24774,0.024671077728271484
24744,0.016963958740234375
24528,0.031045198440551758
24603,0.030657529830932617
24723,0.024365901947021484
24721,0.021893739700317383
24820,0.022771120071411133
26608,0.02874159812927246
26608,0.02874159812927246
27521,0.09323883056640625
27510,0.11457228660583496
27496,0.11135053634643555
27489,0.11608695983886719
27471,0.11774182319641113
25339,0.0973806381225586
25348,0.11303353309631348
25325,0.11827874183654785
25356,0.07531356811523438
23245,0.08835959434509277
23245,0.08835959434509277
25558,0.11585640907287598
27251,0.07274627685546875
27251,0.07274627685546875
27203,0.10370874404907227
27179,0.10961508750915527
27233,0.09219193458557129
27330,0.11529350280761719
27065,0.11729311943054199
27035,0.11105513572692871
27139,0.11559724807739258
27112,0.09330415725708008
27002,0.08845782279968262
27062,0.09611344337463379
27064,0.09642744064331055
27003,0.11631917953491211
26957,0.11559462547302246
26997,0.10913467407226562
27068,0.10036754608154297
27176,0.1156160831451416
27223,0.09306550025939941
27253,0.09321022033691406
27283,0.11594676971435547
27286,0.08752059936523438
27320,0.09741902351379395
27307,0.09533548355102539
27240,0.09679198265075684
27194,0.11737775802612305
27095,0.11920642852783203
27096,0.10157585144042969
27144,0.09470582008361816
27153,0.11228084564208984
27169,0.09387087821960449
27137,0.11584353446960449
27061,0.07343411445617676
27153,0.09450244903564453
27197,0.07667875289916992
27182,0.09483861923217773
27286,0.09342551231384277
27276,0.09739542007446289
27145,0.07874727249145508
27079,0.09276604652404785
27089,0.09667205810546875
27130,0.11361503601074219
27157,0.09388017654418945
27132,0.11489653587341309
27095,0.10290360450744629
27058,0.11655712127685547
27058,0.10312461853027344
27107,0.09558367729187012
27136,0.09946560859680176
27093,0.06600236892700195
27150,0.11527776718139648
27177,0.11802268028259277
27180,0.11797595024108887
27153,0.09751129150390625
26786,0.09121417999267578
26420,0.10551095008850098
26833,0.10188579559326172
26599,0.12268900871276855
26495,0.09562158584594727
26431,0.10814952850341797
26469,0.09304261207580566
26431,0.1206061840057373
26523,0.09194493293762207
26540,0.10741853713989258
26588,0.10610294342041016
26903,0.09854388236999512
26970,0.09281730651855469
27008,0.1122593879699707
27050,0.11403107643127441
26939,0.11092972755432129
27114,0.11503195762634277
27208,0.08220958709716797
27206,0.0931401252746582
27234,0.12150120735168457
27234,0.12237858772277832
27221,0.1227254867553711
27246,0.09679007530212402
27233,0.11096978187561035
27221,0.10929417610168457
27204,0.11965489387512207
27225,0.10074996948242188
27212,0.11234307289123535
27171,0.0892493724822998
27195,0.11571288108825684
27199,0.10189056396484375
27193,0.1152348518371582
27203,0.11521601676940918
24745,0.0926215648651123
24711,0.08893680572509766
24741,0.07985115051269531
24726,0.0948934555053711
24764,0.09925985336303711
24769,0.10796308517456055
24727,0.09910941123962402
24039,0.09654736518859863
24107,0.10610055923461914
24113,0.09268307685852051
24062,0.11589765548706055
24124,0.10246682167053223
24088,0.11826252937316895
24135,0.11461472511291504
24151,0.09292984008789062
24169,0.09673142433166504
24206,0.0949714183807373
24208,0.06934571266174316
24004,0.11859273910522461
24146,0.11492419242858887
24156,0.09294414520263672
24188,0.09641265869140625
24180,0.1009209156036377
27707,0.07926797866821289
27280,0.11395096778869629
27209,0.0961916446685791
24016,0.09788656234741211
24016,0.09788656234741211
24008,0.12297487258911133
23931,0.08983707427978516
23924,0.10026407241821289
23977,0.0912935733795166
23983,0.09184503555297852
23932,0.10270500183105469
23981,0.09509944915771484
23868,0.11427855491638184
23734,0.09052324295043945
23897,0.0933372974395752
23949,0.09599494934082031
23784,0.09313416481018066
23227,0.0924232006072998
23227,0.0924232006072998
24228,0.09400701522827148
24228,0.09400701522827148
24334,0.12117743492126465
24257,0.1166985034942627
24181,0.10247969627380371
24178,0.09556245803833008
24143,0.11062979698181152
24117,0.11593794822692871
24102,0.09574532508850098
24175,0.08282947540283203
24187,0.11244654655456543
24196,0.11145186424255371
24198,0.11186742782592773
24269,0.11220145225524902
24231,0.10158991813659668
24177,0.08989477157592773
24194,0.1152803897857666
24223,0.0983893871307373
24107,0.09130239486694336
24133,0.0937647819519043
24278,0.09095382690429688
24340,0.11690402030944824
24181,0.08945989608764648
24246,0.09783649444580078
24049,0.0869910717010498
24227,0.11966490745544434
23866,0.09345459938049316
24979,0.09966373443603516
24979,0.09966373443603516
25113,0.09191441535949707
24797,0.0955193042755127
24531,0.09596943855285645
24407,0.07990837097167969
24963,0.11161375045776367
24815,0.09918904304504395
24590,0.09412765502929688
24917,0.09514164924621582
24912,0.09488296508789062
24929,0.07722997665405273
24949,0.0672447681427002
24941,0.08745169639587402
24947,0.07249855995178223
24925,0.09637641906738281
24936,0.11233353614807129
24935,0.0933988094329834
24948,0.09200119972229004
24980,0.06894278526306152
23753,0.09549641609191895
23788,0.10706591606140137
23809,0.09397745132446289
23698,0.11707901954650879
23425,0.09377622604370117
23590,0.1115109920501709
23566,0.09788346290588379
23590,0.10427021980285645
23646,0.09708738327026367
23823,0.10847163200378418
23961,0.11507940292358398
23956,0.10916900634765625
23746,0.0945277214050293
23639,0.10045385360717773
23634,0.11121606826782227
23561,0.09303736686706543
23491,0.10778307914733887
23612,0.10554289817810059
23819,0.11797261238098145
23648,0.0961756706237793
23683,0.1248927116394043
23665,0.1149442195892334
23696,0.11707043647766113
23719,0.08903145790100098
23663,0.11352300643920898
23671,0.09307026863098145
23641,0.09637069702148438
23706,0.09260749816894531
23700,0.11710882186889648
23683,0.11522030830383301
23712,0.11190462112426758
23746,0.11287188529968262
23694,0.11225008964538574
23728,0.11290168762207031
23563,0.09349799156188965
23826,0.12456178665161133
23653,0.0910336971282959
23582,0.09937858581542969
23573,0.11314797401428223
23732,0.1194756031036377
23846,0.10959792137145996
23694,0.09984374046325684
23706,0.11346316337585449
23716,0.11669325828552246
23697,0.08820128440856934
23664,0.09372234344482422
23585,0.12230634689331055
23781,0.09363341331481934
23666,0.10014748573303223
23684,0.11372590065002441
23758,0.09244966506958008
23688,0.09854936599731445
23718,0.09465789794921875
23762,0.09868288040161133
23580,0.07643675804138184
23719,0.1216282844543457
23697,0.09573078155517578
23737,0.11194777488708496
23725,0.09569692611694336
23712,0.09106731414794922
23734,0.09141755104064941
23744,0.09582757949829102
23724,0.09435391426086426
23780,0.111663818359375
23778,0.11446475982666016
23785,0.1158599853515625
23788,0.12519097328186035
23677,0.11779236793518066
23620,0.11719250679016113
23671,0.11515092849731445
23615,0.08770346641540527
23841,0.10948944091796875
23716,0.11893105506896973
23546,0.08203816413879395
23473,0.09752893447875977
23512,0.09221124649047852
23670,0.11600613594055176
23801,0.10975003242492676
23690,0.0959024429321289
23863,0.09205055236816406
23952,0.1208658218383789
23701,0.09401440620422363
23684,0.09626150131225586
23665,0.11596417427062988
23675,0.09563922882080078
23655,0.09014487266540527
23659,0.11128425598144531
23644,0.09277200698852539
23673,0.10459756851196289
23721,0.11299467086791992
23723,0.10746526718139648
23744,0.09742879867553711
23702,0.10820388793945312
23742,0.11384749412536621
23794,0.12083888053894043
23796,0.11799168586730957
23704,0.09731698036193848
23657,0.11236262321472168
23874,0.09933781623840332
23750,0.11343193054199219
23630,0.11457681655883789
23516,0.11466073989868164
26356,0.0970911979675293
26356,0.0970911979675293
26251,0.12071466445922852
26768,0.11949467658996582
26512,0.10691356658935547
26143,0.08832097053527832
26316,0.09537386894226074
26544,0.11395692825317383
26393,0.0948648452758789
26465,0.09170174598693848
26603,0.11294317245483398
26432,0.08449482917785645
26253,0.06874632835388184
26690,0.09473252296447754
26667,0.09122467041015625
26552,0.09582996368408203
26400,0.11190485954284668
26448,0.12331390380859375
26770,0.11419677734375
26757,0.11372590065002441
26493,0.11201310157775879
26129,0.0976095199584961
26785,0.11377596855163574
26729,0.10196185111999512
26682,0.10759711265563965
26664,0.11620736122131348
26691,0.09659600257873535
26693,0.09659719467163086
26700,0.0998382568359375
26728,0.10302376747131348
26671,0.09599590301513672
26664,0.09575343132019043
26403,0.10227537155151367
26299,0.11284732818603516
26614,0.11582493782043457
26702,0.0932612419128418
26728,0.11190080642700195
26694,0.10002255439758301
26719,0.08589553833007812
26692,0.11307930946350098
26760,0.0900115966796875
26781,0.0943760871887207
26869,0.09705352783203125
26854,0.11572742462158203
26457,0.09923028945922852
26543,0.08683466911315918
26687,0.10816574096679688
26718,0.09206891059875488
26752,0.11452031135559082
26746,0.10855340957641602
26721,0.11626958847045898
26757,0.10361123085021973
26738,0.09664654731750488
26742,0.11762189865112305
26733,0.11197853088378906
26728,0.06729006767272949
26781,0.09256386756896973
26788,0.060994863510131836
26803,0.11322498321533203
26591,0.0752420425415039
26519,0.12014079093933105
26037,0.09925293922424316
26516,0.09631133079528809
26112,0.10960245132446289
26876,0.09898161888122559
26775,0.09587430953979492
26768,0.11731123924255371
26767,0.09514403343200684
26742,0.0978245735168457
26717,0.11431360244750977
24007,0.09821057319641113
24007,0.09821057319641113
23931,0.11454606056213379
23946,0.09211564064025879
23970,0.11949658393859863
23893,0.11903643608093262
23801,0.11196088790893555
24283,0.11964035034179688
