25611,0.028328657150268555
25598,0.023815155029296875
25616,0.03154897689819336
25425,0.015978336334228516
25404,0.01909041404724121
25551,0.030439376831054688
25510,0.020514965057373047
25514,0.026333093643188477
25472,0.018109798431396484
25498,0.02367258071899414
25526,0.0170290470123291
25527,0.022073030471801758
25505,0.02119922637939453
25486,0.02769947052001953
25519,0.031864166259765625
25543,0.02617812156677246
25517,0.02266860008239746
25510,0.01642012596130371
25547,0.030551433563232422
25568,0.026006698608398438
25529,0.019870281219482422
25572,0.026604175567626953
25470,0.024915218353271484
25516,0.021035432815551758
25496,0.02165365219116211
25512,0.0266876220703125
25529,0.019372940063476562
25531,0.018115997314453125
25617,0.020035505294799805
25509,0.01999044418334961
25241,0.019762039184570312
25647,0.025453805923461914
25449,0.023015260696411133
25520,0.025536060333251953
25515,0.030173063278198242
25549,0.024656057357788086
25569,0.02605128288269043
25536,0.017084598541259766
25532,0.026343822479248047
25545,0.0209963321685791
25517,0.02531576156616211
25509,0.02855849266052246
25490,0.026853084564208984
25501,0.03246927261352539
25473,0.028201818466186523
25464,0.026265621185302734
25531,0.025106191635131836
25531,0.019116878509521484
25513,0.018544435501098633
25525,0.024212121963500977
25513,0.02015209197998047
25502,0.03290295600891113
25524,0.027109861373901367
25530,0.020385026931762695
25520,0.021286725997924805
25503,0.03654050827026367
25504,0.04482531547546387
25524,0.021459341049194336
25570,0.02565908432006836
25550,0.020641803741455078
25562,0.02692580223083496
25580,0.027886152267456055
25554,0.020512819290161133
25577,0.021368980407714844
25571,0.020221948623657227
25565,0.024645090103149414
25549,0.023255109786987305
25522,0.020340681076049805
25550,0.02140331268310547
25602,0.01602005958557129
25533,0.01744222640991211
25384,0.024898767471313477
25539,0.02287125587463379
25539,0.03201889991760254
25535,0.020099878311157227
25538,0.019849061965942383
25506,0.02645134925842285
25598,0.02533435821533203
25739,0.021895408630371094
25684,0.022191524505615234
25535,0.0216066837310791
25334,0.018671035766601562
25408,0.025408029556274414
25623,0.026240825653076172
25506,0.02142620086669922
25352,0.026193857192993164
25648,0.01740241050720215
25600,0.01987171173095703
25410,0.020778179168701172
25323,0.022061824798583984
25669,0.02486586570739746
25536,0.025869131088256836
25379,0.027782917022705078
25642,0.02791285514831543
25579,0.026329517364501953
25603,0.023094654083251953
25468,0.027170658111572266
25285,0.021083831787109375
25594,0.019263744354248047
25704,0.021695852279663086
25486,0.021056652069091797
25553,0.01597285270690918
25538,0.025430917739868164
25537,0.022455453872680664
25549,0.021799564361572266
25540,0.030211448669433594
25538,0.028851032257080078
25576,0.021709680557250977
25544,0.021635055541992188
25549,0.020834922790527344
25555,0.02686309814453125
25533,0.020099639892578125
25557,0.028354883193969727
25561,0.025770902633666992
25548,0.036232709884643555
25544,0.027235746383666992
25547,0.022577524185180664
25537,0.02695012092590332
25559,0.03154110908508301
25558,0.01737189292907715
24117,0.029865264892578125
24154,0.031003236770629883
23964,0.032174110412597656
24270,0.024644851684570312
24181,0.02930474281311035
24169,0.02326512336730957
24127,0.023479461669921875
24090,0.02724742889404297
24088,0.029481172561645508
24127,0.022585391998291016
24023,0.026488304138183594
24024,0.018229007720947266
24029,0.0255587100982666
24077,0.023057937622070312
24058,0.02592754364013672
24120,0.027950048446655273
24140,0.022594213485717773
24118,0.028790712356567383
24113,0.029282808303833008
24081,0.02001047134399414
24083,0.027089834213256836
24118,0.0312962532043457
24102,0.027568578720092773
24119,0.018697023391723633
24102,0.026856660842895508
24083,0.02124500274658203
24102,0.01854872703552246
24086,0.021498918533325195
24073,0.029371023178100586
24064,0.0193326473236084
24066,0.021088123321533203
24087,0.02399611473083496
24077,0.02156662940979004
24104,0.01979231834411621
24030,0.020500898361206055
24027,0.024394750595092773
24014,0.028983116149902344
24018,0.02278304100036621
24021,0.02184009552001953
23986,0.021044015884399414
24010,0.021718978881835938
24048,0.0280759334564209
24032,0.029021263122558594
24038,0.024447917938232422
24058,0.027096986770629883
24085,0.02388763427734375
24028,0.019805431365966797
24034,0.026596546173095703
24067,0.028778076171875
24036,0.03127741813659668
24030,0.025423526763916016
24002,0.026415348052978516
24000,0.025013208389282227
24007,0.024478435516357422
23976,0.01980137825012207
23992,0.027285337448120117
23990,0.02227473258972168
23997,0.02297806739807129
23996,0.016489028930664062
23969,0.023033857345581055
24014,0.022315502166748047
24041,0.02737569808959961
24018,0.024224519729614258
24010,0.02761387825012207
24030,0.021877288818359375
24069,0.03166079521179199
24049,0.022171974182128906
24114,0.025112628936767578
24064,0.031841278076171875
24058,0.0246732234954834
24051,0.021381378173828125
24062,0.021594762802124023
24086,0.029575109481811523
24017,0.02029871940612793
23827,0.02663898468017578
23967,0.01804184913635254
23935,0.021766185760498047
24120,0.02923583984375
24071,0.031510114669799805
23938,0.019970178604125977
23932,0.01906609535217285
23926,0.021954774856567383
24106,0.02503824234008789
24219,0.022632122039794922
24068,0.021152257919311523
24016,0.019601106643676758
24433,0.03206968307495117
24417,0.03201127052307129
24419,0.020249605178833008
24435,0.018213748931884766
24427,0.0285794734954834
24436,0.02887558937072754
24417,0.029744863510131836
24406,0.027071714401245117
24422,0.030504465103149414
24431,0.023923158645629883
24428,0.02277231216430664
24424,0.021610498428344727
24431,0.020868301391601562
24444,0.03209686279296875
24423,0.03186225891113281
24415,0.02077484130859375
24418,0.021484375
24428,0.023360252380371094
24286,0.018513202667236328
24105,0.0220947265625
24179,0.022546052932739258
24313,0.027261734008789062
24334,0.02089214324951172
24401,0.026276588439941406
24401,0.026276588439941406
24189,0.07464981079101562
24139,0.11250138282775879
24111,0.11776399612426758
24102,0.09428548812866211
24107,0.0914919376373291
24107,0.0914919376373291
26094,0.09599947929382324
26081,0.09823822975158691
26078,0.1201329231262207
26102,0.11897063255310059
26102,0.11897063255310059
24097,0.11101508140563965
25358,0.10045695304870605
25358,0.10045695304870605
26731,0.06474447250366211
26766,0.09945249557495117
26757,0.12019038200378418
26812,0.09491086006164551
26876,0.12397074699401855
26630,0.10041260719299316
26603,0.10463666915893555
26672,0.11350822448730469
26737,0.11646771430969238
26683,0.09381318092346191
26626,0.10078167915344238
26684,0.09594869613647461
26480,0.09403443336486816
26424,0.06819796562194824
26519,0.11664676666259766
26607,0.0925455093383789
26662,0.0912313461303711
26698,0.11690711975097656
26740,0.09339714050292969
26754,0.11630868911743164
26756,0.10397696495056152
26761,0.09480404853820801
26778,0.12007355690002441
26847,0.09566020965576172
26741,0.11885356903076172
26653,0.10451149940490723
26542,0.1013951301574707
26572,0.11913347244262695
26603,0.08479475975036621
26618,0.09519386291503906
26656,0.12633943557739258
26642,0.09728026390075684
26706,0.09562325477600098
26684,0.1070256233215332
26689,0.10452723503112793
26748,0.09917473793029785
26736,0.11623001098632812
26717,0.07476973533630371
26776,0.110809326171875
26683,0.11779928207397461
26688,0.09940814971923828
26623,0.11472916603088379
26640,0.12471604347229004
26643,0.11908531188964844
26629,0.11314749717712402
26624,0.10031533241271973
26588,0.0961005687713623
26645,0.11823105812072754
26605,0.11761641502380371
26612,0.10928511619567871
26677,0.07237625122070312
26651,0.09337639808654785
26647,0.09955763816833496
26349,0.09695267677307129
26135,0.10309147834777832
26414,0.09677290916442871
26209,0.11292052268981934
25997,0.10155439376831055
25990,0.11992859840393066
26018,0.09615778923034668
25986,0.11757111549377441
26010,0.09440922737121582
26018,0.10531020164489746
26234,0.08904743194580078
26401,0.09815144538879395
26511,0.11792564392089844
26498,0.09395670890808105
26565,0.09353852272033691
26484,0.11694502830505371
26756,0.09388136863708496
26847,0.09471249580383301
26820,0.11287689208984375
26797,0.12144112586975098
26777,0.11861920356750488
26746,0.08696413040161133
26730,0.12082266807556152
26722,0.12428665161132812
26767,0.12190937995910645
26764,0.12314963340759277
26725,0.11639809608459473
26785,0.09962892532348633
26742,0.09189915657043457
26734,0.10020589828491211
26758,0.1128993034362793
26744,0.09948945045471191
26757,0.12560153007507324
28314,0.1132667064666748
28304,0.07402181625366211
28320,0.11392402648925781
28281,0.12481451034545898
28309,0.11658191680908203
28352,0.09862256050109863
28308,0.11483478546142578
22515,0.097869873046875
22497,0.08490729331970215
22549,0.08821272850036621
22551,0.11366820335388184
22579,0.12577342987060547
22534,0.1030740737915039
22563,0.09338784217834473
22578,0.11638927459716797
22550,0.10573172569274902
22578,0.09278512001037598
22583,0.11765646934509277
22491,0.10158395767211914
22487,0.09231877326965332
22514,0.1113438606262207
22552,0.09828376770019531
22555,0.11233758926391602
27820,0.0638132095336914
27596,0.11309981346130371
27733,0.09694623947143555
27733,0.09694623947143555
24723,0.09064316749572754
24922,0.0936279296875
24911,0.09108448028564453
24916,0.09061670303344727
24947,0.0926358699798584
24937,0.09516096115112305
24941,0.09107637405395508
24918,0.0901174545288086
24824,0.10009980201721191
24529,0.09230995178222656
24549,0.09827041625976562
24804,0.09347867965698242
24493,0.093902587890625
24493,0.093902587890625
24048,0.0941019058227539
24961,0.10520768165588379
24961,0.10520768165588379
25052,0.09337687492370605
25009,0.10723161697387695
24982,0.11548924446105957
24980,0.11807703971862793
24965,0.11215615272521973
24953,0.08301997184753418
24971,0.09476757049560547
25046,0.09488821029663086
25023,0.1166386604309082
25071,0.10465335845947266
25049,0.09659695625305176
25034,0.08895277976989746
25040,0.09905719757080078
25093,0.10282397270202637
25064,0.11964631080627441
25020,0.11767959594726562
24987,0.0946664810180664
24994,0.10231566429138184
24956,0.11057424545288086
25105,0.10979342460632324
25012,0.11667013168334961
24993,0.09337329864501953
25165,0.09772753715515137
25059,0.10785865783691406
24710,0.09589219093322754
24710,0.09589219093322754
25256,0.09669828414916992
25244,0.11460065841674805
25136,0.112884521484375
24747,0.08882808685302734
24763,0.11615681648254395
25159,0.11655116081237793
24752,0.10983633995056152
25045,0.11390805244445801
25266,0.11945700645446777
25275,0.08580422401428223
25309,0.11254715919494629
25329,0.09247708320617676
25341,0.09928393363952637
25340,0.09316682815551758
25340,0.09911394119262695
25317,0.09429240226745605
25288,0.09322619438171387
25275,0.092498779296875
25275,0.092498779296875
23783,0.10128498077392578
23812,0.11771559715270996
23754,0.09533524513244629
23624,0.09592080116271973
23376,0.10673999786376953
25983,0.1227562427520752
25707,0.10035467147827148
25790,0.09984302520751953
25708,0.1085970401763916
25888,0.11500358581542969
26305,0.08448386192321777
23890,0.08302760124206543
23716,0.09356355667114258
23559,0.11028099060058594
23530,0.06683182716369629
23563,0.11223459243774414
23534,0.11551165580749512
23484,0.09984064102172852
24008,0.11474061012268066
23757,0.11307597160339355
23807,0.09379696846008301
23793,0.10695505142211914
23836,0.11260414123535156
23871,0.09089517593383789
23854,0.09659337997436523
23779,0.09359169006347656
23820,0.11059856414794922
23806,0.09083914756774902
23823,0.09315133094787598
23781,0.0920875072479248
23781,0.10918617248535156
23779,0.10752463340759277
23614,0.08972597122192383
23644,0.07333970069885254
23562,0.07818460464477539
23658,0.11592960357666016
23677,0.10821866989135742
23573,0.11806082725524902
23534,0.09032893180847168
23641,0.09671902656555176
23940,0.11753106117248535
23778,0.08707189559936523
23790,0.0864253044128418
23753,0.08141565322875977
23647,0.10006237030029297
23710,0.09081482887268066
23610,0.10396623611450195
26481,0.09666204452514648
23805,0.11578035354614258
23726,0.09199047088623047
23801,0.08931517601013184
23776,0.09585690498352051
23570,0.09053850173950195
23715,0.09831476211547852
23457,0.10799860954284668
23748,0.09842038154602051
23809,0.11849617958068848
23803,0.09615969657897949
23794,0.07205843925476074
23794,0.11336660385131836
23821,0.09588170051574707
23836,0.11596798896789551
23766,0.11890053749084473
23766,0.08373880386352539
23754,0.08707618713378906
23572,0.08977246284484863
23622,0.1179661750793457
23619,0.11782240867614746
23625,0.10333752632141113
23657,0.09293532371520996
23450,0.08665084838867188
23504,0.11867666244506836
23673,0.10026359558105469
26590,0.07950639724731445
23436,0.10233187675476074
23385,0.08353281021118164
26437,0.11531901359558105
23494,0.09616780281066895
23623,0.11311507225036621
26461,0.09168362617492676
26599,0.08110737800598145
23801,0.11414074897766113
23795,0.08806657791137695
23773,0.09258532524108887
23788,0.09811544418334961
23737,0.10088729858398438
23744,0.09903955459594727
23780,0.08215975761413574
23814,0.11667370796203613
23836,0.09255623817443848
23831,0.11481451988220215
23801,0.09080839157104492
23766,0.08661508560180664
23758,0.11963462829589844
23718,0.09256792068481445
23695,0.1088707447052002
23659,0.12125802040100098
23578,0.11168408393859863
23861,0.09549379348754883
23684,0.11632585525512695
23543,0.11003422737121582
26457,0.09056472778320312
26457,0.09056472778320312
25523,0.09885025024414062
25317,0.0946662425994873
25649,0.12018561363220215
25479,0.1153109073638916
25224,0.10127520561218262
25248,0.09541630744934082
25629,0.0926368236541748
25382,0.11389684677124023
25454,0.10638070106506348
25647,0.12008213996887207
25392,0.11899089813232422
25125,0.09994029998779297
25631,0.1195061206817627
25626,0.11705255508422852
25589,0.0927283763885498
25445,0.0967404842376709
25362,0.08678650856018066
25700,0.09208321571350098
25656,0.0941925048828125
25321,0.11327981948852539
25109,0.12114167213439941
25723,0.11707520484924316
25659,0.1123342514038086
25653,0.0938563346862793
25649,0.11870360374450684
25652,0.11306238174438477
25668,0.10013699531555176
25670,0.11683225631713867
25661,0.11613988876342773
25599,0.09430336952209473
25606,0.1130056381225586
25543,0.0695490837097168
25399,0.09110879898071289
25397,0.10981369018554688
25647,0.10842657089233398
25672,0.09546852111816406
25622,0.0965878963470459
25648,0.06791853904724121
25657,0.09650921821594238
25677,0.11359047889709473
25690,0.11804366111755371
25741,0.11837553977966309
25753,0.11515378952026367
25465,0.09924697875976562
25520,0.09395623207092285
25585,0.09297871589660645
25670,0.11539602279663086
25711,0.11000823974609375
25682,0.09314489364624023
25690,0.09281325340270996
25693,0.09353089332580566
25671,0.11772751808166504
25688,0.09128713607788086
25677,0.12092113494873047
25690,0.061791181564331055
25701,0.11322331428527832
25684,0.08671283721923828
25645,0.11600565910339355
25629,0.11191868782043457
25520,0.11232995986938477
25081,0.0962674617767334
25450,0.09596061706542969
25024,0.09385299682617188
25666,0.11777615547180176
25686,0.09865355491638184
25706,0.09251785278320312
25702,0.10107207298278809
25715,0.10889768600463867
25686,0.11579537391662598
25686,0.11579537391662598
23460,0.09535574913024902
23430,0.11059236526489258
23493,0.11408448219299316
23504,0.0820169448852539
23388,0.11468338966369629
23206,0.11427640914916992
23785,0.10881781578063965
