26226,0.0267791748046875
26093,0.028531789779663086
25999,0.01937103271484375
25740,0.019191741943359375
25715,0.018720149993896484
26058,0.018033266067504883
26047,0.02094411849975586
26028,0.028337717056274414
26012,0.028435707092285156
26008,0.034105539321899414
26026,0.016559600830078125
26059,0.020946979522705078
26059,0.029760360717773438
26033,0.02062678337097168
26090,0.043612003326416016
26075,0.01853179931640625
26019,0.024794340133666992
26122,0.0305788516998291
26180,0.019128799438476562
26077,0.028843164443969727
25916,0.02599501609802246
25952,0.015938282012939453
25926,0.02812981605529785
26064,0.018003463745117188
26061,0.032074928283691406
26068,0.028965234756469727
26059,0.018399715423583984
26099,0.020509719848632812
26079,0.025735139846801758
25848,0.02918410301208496
25303,0.031555891036987305
25935,0.019906282424926758
25830,0.024803638458251953
26061,0.027965068817138672
26099,0.020498037338256836
26109,0.02961421012878418
26033,0.02613067626953125
26042,0.025846242904663086
26047,0.02796316146850586
26000,0.0259854793548584
26068,0.024260759353637695
26078,0.019949674606323242
26033,0.02724432945251465
26001,0.020281553268432617
26017,0.015949726104736328
25986,0.01881718635559082
26028,0.019090890884399414
26051,0.03131294250488281
26067,0.023236513137817383
26064,0.0207064151763916
26135,0.019327878952026367
26149,0.029259681701660156
25977,0.024655818939208984
25883,0.01967644691467285
25888,0.02998518943786621
25959,0.024706125259399414
25987,0.04117751121520996
25990,0.02142930030822754
26049,0.030384063720703125
26047,0.028714656829833984
25996,0.02429342269897461
25981,0.02535533905029297
26016,0.02899026870727539
25982,0.021416187286376953
25989,0.025267839431762695
25998,0.031226634979248047
25953,0.021844863891601562
25889,0.020219802856445312
25825,0.028024673461914062
25903,0.025292396545410156
25546,0.028240680694580078
25878,0.021245718002319336
26020,0.025821685791015625
26013,0.017206668853759766
26063,0.01780247688293457
26060,0.020327091217041016
26082,0.03605914115905762
26169,0.024188995361328125
26287,0.025805234909057617
26243,0.023888349533081055
25917,0.015939712524414062
25452,0.0184328556060791
25803,0.03179812431335449
25869,0.022675752639770508
25750,0.023333072662353516
25504,0.028505802154541016
26151,0.021412134170532227
26006,0.02212047576904297
25742,0.023737430572509766
25545,0.021656274795532227
26036,0.024627685546875
25884,0.03366899490356445
25507,0.02857518196105957
26209,0.03150153160095215
26088,0.023826122283935547
25988,0.022073745727539062
25792,0.02573084831237793
25303,0.01971578598022461
25924,0.025716304779052734
25892,0.0211639404296875
25739,0.024637460708618164
26136,0.022797107696533203
26021,0.022900819778442383
26045,0.021080732345581055
26024,0.02533864974975586
26014,0.016112327575683594
26031,0.024878978729248047
26005,0.02070903778076172
25996,0.035593271255493164
26039,0.024280309677124023
26016,0.021584749221801758
25998,0.033132314682006836
26026,0.02677464485168457
25972,0.024472951889038086
25999,0.026979923248291016
25963,0.026285886764526367
25993,0.02002573013305664
25967,0.019978761672973633
25998,0.021691083908081055
26010,0.024375200271606445
24022,0.01947188377380371
24088,0.025989532470703125
23952,0.02860403060913086
24252,0.028780460357666016
24142,0.025933504104614258
24136,0.03141140937805176
24009,0.026630878448486328
23986,0.014992475509643555
24025,0.027029991149902344
24117,0.026410818099975586
23982,0.020626306533813477
23979,0.018345355987548828
23929,0.02173328399658203
23999,0.027170658111572266
23975,0.027735471725463867
24029,0.027342796325683594
24052,0.02709054946899414
24053,0.022700786590576172
24065,0.02540874481201172
24024,0.024824142456054688
24029,0.022644996643066406
24074,0.02814507484436035
24053,0.03017902374267578
24057,0.024806976318359375
24069,0.02008986473083496
24034,0.024958372116088867
24054,0.026493310928344727
24033,0.02933502197265625
24013,0.0318448543548584
24004,0.020541667938232422
24013,0.020094633102416992
24010,0.021993160247802734
24025,0.02050304412841797
24020,0.02243494987487793
23999,0.025147676467895508
23973,0.022426843643188477
23951,0.024712562561035156
23920,0.018390178680419922
23927,0.019895315170288086
23888,0.02017045021057129
23908,0.01913166046142578
23963,0.01736760139465332
23973,0.02275395393371582
23949,0.019359827041625977
24001,0.01830005645751953
23981,0.015879392623901367
23991,0.022696733474731445
24006,0.01962113380432129
23983,0.01926422119140625
23939,0.02362060546875
23930,0.021164655685424805
23979,0.025737285614013672
23952,0.02080368995666504
23944,0.02075648307800293
23956,0.02289867401123047
23917,0.02323770523071289
23938,0.019707202911376953
23911,0.01995563507080078
23910,0.02167367935180664
23918,0.020694255828857422
23941,0.025197744369506836
23955,0.020096302032470703
23932,0.024509191513061523
23903,0.028048992156982422
23936,0.02708268165588379
23985,0.02969670295715332
23970,0.021374940872192383
24011,0.019733428955078125
23960,0.022558212280273438
23970,0.024974584579467773
23922,0.022632360458374023
23923,0.024438858032226562
23927,0.02055978775024414
24089,0.03271341323852539
23745,0.023714542388916016
23793,0.026495695114135742
23851,0.027666091918945312
23972,0.02782750129699707
24056,0.021695852279663086
23834,0.016803503036499023
23691,0.0187075138092041
23856,0.021022558212280273
24013,0.02832770347595215
24144,0.025346755981445312
23970,0.025912046432495117
23954,0.025766849517822266
24777,0.031374216079711914
24745,0.03240180015563965
24781,0.019118309020996094
24737,0.017644405364990234
24758,0.018880844116210938
24745,0.022310733795166016
24788,0.020870447158813477
24777,0.023273468017578125
24757,0.02919936180114746
24758,0.025758028030395508
24765,0.02127218246459961
24756,0.029032230377197266
24762,0.027824878692626953
24780,0.023504972457885742
24820,0.024358749389648438
24765,0.024614334106445312
24784,0.022408723831176758
24789,0.027629375457763672
24660,0.017760753631591797
24457,0.022447586059570312
24534,0.025990724563598633
24682,0.02632617950439453
24775,0.022005558013916016
24861,0.03026127815246582
24861,0.03026127815246582
25402,0.10274386405944824
25406,0.09302186965942383
25391,0.09120464324951172
25404,0.0976111888885498
25355,0.11174798011779785
25355,0.11174798011779785
24963,0.09695291519165039
24960,0.09331679344177246
24974,0.12216782569885254
24979,0.07922196388244629
24979,0.07922196388244629
26111,0.09198546409606934
26993,0.09517550468444824
26993,0.09517550468444824
24579,0.060393333435058594
24648,0.10059642791748047
24661,0.10693597793579102
24726,0.11766338348388672
24622,0.09317803382873535
24418,0.09203767776489258
24446,0.10206103324890137
24549,0.11332917213439941
24682,0.11755132675170898
24580,0.1049342155456543
24480,0.11297798156738281
24508,0.11928367614746094
24218,0.09564805030822754
24212,0.11141538619995117
24357,0.09359884262084961
24401,0.11886763572692871
24506,0.09709453582763672
24540,0.09675288200378418
24579,0.12200665473937988
24577,0.09206652641296387
24581,0.08460354804992676
24596,0.09900975227355957
24648,0.11605310440063477
24628,0.1121213436126709
24597,0.07921600341796875
24426,0.09167838096618652
24294,0.11462116241455078
24394,0.11203837394714355
24361,0.08919525146484375
24370,0.10387897491455078
24382,0.06270933151245117
24400,0.061795711517333984
24484,0.08973288536071777
24537,0.0846090316772461
24522,0.09092569351196289
24633,0.09731316566467285
24584,0.09564590454101562
24571,0.11918902397155762
24696,0.09623146057128906
24569,0.09479594230651855
24494,0.0983579158782959
24522,0.09534287452697754
24537,0.10009336471557617
24548,0.11680936813354492
24465,0.11620593070983887
24534,0.11969161033630371
24488,0.0947425365447998
24508,0.09361767768859863
24522,0.1034708023071289
24561,0.11781430244445801
24563,0.12515044212341309
24460,0.09371232986450195
24544,0.09339570999145508
24263,0.1123201847076416
23960,0.09729123115539551
24277,0.09298062324523926
24072,0.10562634468078613
23971,0.12206816673278809
23930,0.11609315872192383
23843,0.11558771133422852
23859,0.1177358627319336
23874,0.09413671493530273
23915,0.09916067123413086
24055,0.09319162368774414
24204,0.117523193359375
24230,0.09598040580749512
24275,0.10916590690612793
24359,0.11917352676391602
24351,0.11765527725219727
24560,0.06684708595275879
24573,0.09137296676635742
24576,0.1128537654876709
24573,0.1158299446105957
24587,0.10192012786865234
24560,0.118743896484375
24539,0.09803581237792969
24544,0.09440875053405762
24550,0.12030315399169922
24569,0.12027454376220703
24577,0.09637069702148438
24566,0.11322855949401855
24554,0.11336922645568848
24544,0.09966897964477539
24559,0.0934298038482666
24551,0.11674189567565918
24562,0.10142803192138672
25573,0.1065826416015625
25557,0.09767627716064453
25539,0.08976387977600098
25580,0.1131601333618164
25576,0.09951615333557129
25580,0.09823012351989746
25548,0.09871721267700195
25598,0.10407519340515137
25623,0.060668230056762695
25557,0.09052419662475586
25561,0.10380172729492188
25549,0.0935220718383789
25522,0.09606695175170898
25595,0.0918738842010498
25574,0.08981132507324219
25579,0.0928506851196289
25647,0.0923464298248291
25687,0.06295537948608398
25556,0.11319160461425781
25610,0.09625005722045898
25576,0.08863449096679688
25609,0.12028312683105469
25599,0.0942838191986084
27258,0.07150125503540039
27164,0.11867499351501465
26891,0.10160422325134277
26007,0.10688066482543945
26007,0.10688066482543945
26046,0.10371875762939453
25995,0.09467649459838867
25954,0.10783839225769043
26013,0.12115669250488281
25996,0.09470605850219727
25916,0.09829020500183105
25947,0.096832275390625
25839,0.11222386360168457
25695,0.10312414169311523
25965,0.09456539154052734
26024,0.09417486190795898
25809,0.09540724754333496
26621,0.11956977844238281
26621,0.11956977844238281
24974,0.09792590141296387
24974,0.09792590141296387
25089,0.106048583984375
25081,0.09277176856994629
25089,0.11996006965637207
25066,0.1004340648651123
25037,0.09452176094055176
25041,0.08820438385009766
25069,0.11388993263244629
25102,0.11090540885925293
25053,0.1085360050201416
25079,0.09482383728027344
24980,0.0930185317993164
25002,0.11758542060852051
25049,0.11849451065063477
24975,0.08900666236877441
24960,0.09376358985900879
25007,0.09218025207519531
25042,0.09737992286682129
25033,0.11602497100830078
24954,0.11666727066040039
25060,0.11559867858886719
24974,0.1151268482208252
25053,0.0984961986541748
25202,0.11746454238891602
25294,0.07352018356323242
24711,0.08714413642883301
26605,0.10075879096984863
26605,0.10075879096984863
26687,0.11394858360290527
26354,0.09951567649841309
26175,0.11803412437438965
25911,0.11288571357727051
26517,0.11320161819458008
26364,0.11042308807373047
25788,0.09824013710021973
26533,0.09710955619812012
26518,0.07694363594055176
26526,0.0944831371307373
26550,0.0621027946472168
26543,0.07784199714660645
26549,0.09267544746398926
26533,0.12662506103515625
26526,0.09845113754272461
26520,0.09582304954528809
26528,0.09755277633666992
25183,0.10942840576171875
25183,0.10942840576171875
25185,0.10924959182739258
25091,0.08543562889099121
24971,0.11371588706970215
24394,0.13136911392211914
24300,0.12188172340393066
24014,0.10126566886901855
24050,0.0822293758392334
24153,0.10652828216552734
24360,0.10292506217956543
24855,0.09329032897949219
25354,0.10368084907531738
25099,0.11949968338012695
25056,0.1103825569152832
25096,0.12069845199584961
25129,0.09875154495239258
24968,0.10960841178894043
24889,0.11253166198730469
25334,0.12079572677612305
25230,0.12147307395935059
25239,0.12132835388183594
25234,0.09726357460021973
25223,0.11793041229248047
25266,0.12699246406555176
25262,0.0940859317779541
25227,0.1243889331817627
25189,0.10551214218139648
25217,0.11914515495300293
25233,0.10400605201721191
25249,0.12438607215881348
25207,0.11424517631530762
25197,0.12725043296813965
25071,0.1054527759552002
25050,0.09680056571960449
24679,0.12313199043273926
25218,0.09763097763061523
25175,0.1077728271484375
25155,0.12616705894470215
25073,0.10491514205932617
24950,0.10088372230529785
25291,0.10262274742126465
25241,0.10065746307373047
25195,0.12290167808532715
25185,0.10464859008789062
25159,0.11060357093811035
25160,0.11698651313781738
24886,0.12304902076721191
24925,0.09769868850708008
25229,0.1291496753692627
25176,0.0975351333618164
25223,0.13015484809875488
25249,0.10624265670776367
25239,0.1251068115234375
25090,0.10567998886108398
24799,0.07134819030761719
25209,0.0859534740447998
25259,0.1045985221862793
25279,0.10234570503234863
25210,0.11312007904052734
25190,0.1204671859741211
25214,0.08670639991760254
25180,0.12998652458190918
25169,0.10566115379333496
25197,0.10185670852661133
25184,0.0923924446105957
25159,0.13280200958251953
24926,0.0979757308959961
24900,0.11502885818481445
24940,0.09716629981994629
24893,0.10895419120788574
24908,0.10785770416259766
25123,0.10438823699951172
25262,0.11632752418518066
25050,0.11054229736328125
24877,0.1262950897216797
24638,0.10016965866088867
24844,0.12017512321472168
24977,0.11003780364990234
24924,0.12505078315734863
24940,0.11019730567932129
25171,0.1192326545715332
25239,0.12331342697143555
25237,0.12513232231140137
25222,0.11929154396057129
25241,0.10139226913452148
25254,0.12687373161315918
25235,0.09161543846130371
25253,0.11164021492004395
25242,0.13769316673278809
25244,0.12877655029296875
25266,0.12714338302612305
25255,0.12332320213317871
25255,0.11878299713134766
25222,0.10884404182434082
25176,0.08521032333374023
25135,0.1103525161743164
25166,0.1318199634552002
24821,0.10440230369567871
25182,0.11808037757873535
25213,0.12516093254089355
24942,0.11333894729614258
24722,0.09571671485900879
24739,0.11391115188598633
24739,0.11391115188598633
24555,0.11481714248657227
24983,0.09279680252075195
24821,0.11491608619689941
24432,0.0976250171661377
24399,0.11269617080688477
24907,0.08960580825805664
24695,0.09474062919616699
24650,0.08890318870544434
24957,0.09392666816711426
24450,0.07939291000366211
24250,0.07758617401123047
24909,0.11831545829772949
24988,0.08954787254333496
24906,0.08715939521789551
24709,0.09145021438598633
24477,0.07417440414428711
24856,0.09506607055664062
24897,0.09289073944091797
24476,0.09432482719421387
24156,0.07750606536865234
24847,0.11589765548706055
24843,0.09163689613342285
24851,0.09891772270202637
24837,0.09471750259399414
24844,0.09969806671142578
24836,0.12209177017211914
24855,0.10550403594970703
24871,0.11368083953857422
24883,0.09468913078308105
24925,0.11498522758483887
24826,0.09287428855895996
24733,0.11168098449707031
24733,0.1128699779510498
24846,0.11528706550598145
24870,0.09188294410705566
24828,0.09648656845092773
24850,0.0797739028930664
24875,0.09422588348388672
24882,0.0922996997833252
24868,0.12467551231384277
24845,0.11840629577636719
24904,0.11559700965881348
24646,0.09877586364746094
24639,0.0999596118927002
24723,0.10899782180786133
24833,0.11799192428588867
24889,0.12378716468811035
24873,0.11093425750732422
24913,0.08975553512573242
24873,0.09836125373840332
24901,0.09502744674682617
24862,0.09407567977905273
24881,0.0958547592163086
24879,0.06771469116210938
24867,0.11137962341308594
24911,0.06137704849243164
24984,0.1144266128540039
25014,0.0745077133178711
24774,0.10583281517028809
24143,0.0987095832824707
24732,0.09435534477233887
24194,0.09005022048950195
24991,0.09612107276916504
24902,0.08352541923522949
24938,0.10609292984008789
24881,0.09540510177612305
24885,0.11908793449401855
24859,0.0973055362701416
24062,0.09573793411254883
24062,0.09573793411254883
24038,0.12285757064819336
24112,0.11565446853637695
24121,0.0831291675567627
23939,0.12449884414672852
23584,0.11220955848693848
24060,0.10284423828125
