26739,0.021691083908081055
26822,0.031091928482055664
26926,0.01620006561279297
26816,0.024253129959106445
26432,0.019926071166992188
26872,0.022126197814941406
26865,0.029157638549804688
26890,0.033049583435058594
26886,0.03134870529174805
26918,0.025257587432861328
26871,0.025858163833618164
26869,0.030684471130371094
26879,0.025390625
26856,0.027384042739868164
26810,0.02793288230895996
26784,0.024561405181884766
26847,0.03031134605407715
26751,0.033740997314453125
26762,0.02896857261657715
26917,0.020859241485595703
26835,0.020508766174316406
26771,0.03322720527648926
26746,0.02326488494873047
26790,0.02604532241821289
26797,0.026036500930786133
26915,0.02700018882751465
26922,0.02978992462158203
26950,0.015952348709106445
27040,0.016773700714111328
26876,0.030823469161987305
26305,0.01974034309387207
26950,0.02388477325439453
26669,0.023618221282958984
26764,0.024059295654296875
26724,0.030704975128173828
26773,0.02750539779663086
26750,0.032187700271606445
26825,0.023700237274169922
26823,0.03100132942199707
26766,0.01726388931274414
26781,0.02511429786682129
26734,0.02362799644470215
26731,0.019037723541259766
26778,0.020351886749267578
26794,0.0259249210357666
26693,0.02164745330810547
26624,0.024044275283813477
26658,0.02056884765625
26658,0.028619766235351562
26678,0.020675182342529297
26664,0.02652144432067871
26620,0.03131461143493652
26780,0.02536940574645996
26746,0.030121326446533203
26706,0.02629709243774414
26779,0.02089214324951172
26816,0.031592369079589844
26805,0.039034128189086914
26815,0.02118515968322754
26819,0.017479419708251953
26782,0.030649185180664062
26799,0.017071247100830078
26785,0.01758551597595215
26792,0.0205991268157959
26776,0.0245816707611084
26865,0.022000789642333984
26807,0.030602216720581055
26871,0.023430585861206055
26939,0.0237429141998291
27007,0.02125382423400879
26309,0.016243934631347656
26874,0.02257704734802246
26806,0.027961015701293945
26887,0.03255939483642578
26926,0.026263713836669922
26930,0.023074626922607422
26957,0.016342639923095703
26966,0.020226478576660156
26960,0.025740861892700195
26827,0.022963285446166992
27013,0.02716660499572754
26493,0.023889780044555664
26246,0.01922321319580078
27142,0.016864538192749023
27008,0.029678821563720703
26450,0.027706384658813477
27144,0.02505946159362793
27263,0.022556066513061523
26988,0.024835586547851562
26452,0.026100635528564453
27049,0.025125503540039062
26918,0.0208892822265625
26637,0.027362823486328125
26989,0.03241562843322754
27052,0.026324987411499023
27170,0.0197904109954834
26929,0.026033878326416016
26166,0.027063369750976562
26981,0.02073049545288086
27107,0.021265506744384766
27004,0.02003026008605957
26828,0.03182053565979004
26831,0.022783279418945312
26827,0.027809858322143555
26898,0.019319534301757812
26853,0.031594276428222656
26876,0.025325775146484375
26857,0.030503034591674805
26826,0.026675939559936523
26868,0.0214540958404541
26842,0.019240140914916992
26839,0.028226613998413086
26796,0.018663883209228516
26783,0.018585205078125
26828,0.027804851531982422
26806,0.026538372039794922
26823,0.017275094985961914
26831,0.02277398109436035
26858,0.018395185470581055
26839,0.02044534683227539
26008,0.02192521095275879
26090,0.029264450073242188
25981,0.029508352279663086
26347,0.022608518600463867
26183,0.027534008026123047
26209,0.027143001556396484
26161,0.01825261116027832
26146,0.026589632034301758
26176,0.019454002380371094
26025,0.02042412757873535
25623,0.034168243408203125
25760,0.02367568016052246
25924,0.02199411392211914
26049,0.027956724166870117
26061,0.02768254280090332
26098,0.03461003303527832
26177,0.023201704025268555
26170,0.02646470069885254
26168,0.01807546615600586
26113,0.030245542526245117
26138,0.019926071166992188
26179,0.030376911163330078
26152,0.0195462703704834
26170,0.02413773536682129
26202,0.02039170265197754
26151,0.03544926643371582
26135,0.02762579917907715
26149,0.024253368377685547
26190,0.020038604736328125
26195,0.024518251419067383
26190,0.019822120666503906
26081,0.02717447280883789
26130,0.018540143966674805
26149,0.026147127151489258
26093,0.022534847259521484
26114,0.025794029235839844
26059,0.02158498764038086
26106,0.022084951400756836
26066,0.019280672073364258
26018,0.018410205841064453
26022,0.020836591720581055
26063,0.02102494239807129
26066,0.021534204483032227
26080,0.019532203674316406
26067,0.026211023330688477
26105,0.021598100662231445
26114,0.023493289947509766
26130,0.023817777633666992
26111,0.0242769718170166
26041,0.03254199028015137
26101,0.026826858520507812
26068,0.026220083236694336
26033,0.028427600860595703
26025,0.021008729934692383
26016,0.02290058135986328
26007,0.026483535766601562
26016,0.025444984436035156
25992,0.027542829513549805
25986,0.023018360137939453
25962,0.022278308868408203
26048,0.020514249801635742
26020,0.02293109893798828
26011,0.018053531646728516
26001,0.027556657791137695
26028,0.028072118759155273
26085,0.0224759578704834
26075,0.023322105407714844
26051,0.020077943801879883
26045,0.019034385681152344
26071,0.021919727325439453
26050,0.021346092224121094
26015,0.0318143367767334
26091,0.020738601684570312
25948,0.019678831100463867
25419,0.027428627014160156
25682,0.026296138763427734
25661,0.0272977352142334
25932,0.0200045108795166
25954,0.023195743560791016
25498,0.022293806076049805
25605,0.03154349327087402
25696,0.024513959884643555
25865,0.023340702056884766
26221,0.02025151252746582
26091,0.019535064697265625
26123,0.025499582290649414
25449,0.02983880043029785
25527,0.028101682662963867
25521,0.018464088439941406
25451,0.020763397216796875
25450,0.02894735336303711
25513,0.017304420471191406
25452,0.029282093048095703
25428,0.027149200439453125
25435,0.02879047393798828
25466,0.03312110900878906
25485,0.032572269439697266
25496,0.030872583389282227
25483,0.022107601165771484
25500,0.026491880416870117
25537,0.021148681640625
25492,0.03108072280883789
25498,0.026358604431152344
25441,0.02293562889099121
25382,0.02593374252319336
25186,0.021782636642456055
25288,0.026069164276123047
25377,0.023415565490722656
25515,0.02576756477355957
25567,0.0320432186126709
26402,0.022838354110717773
24914,0.09308409690856934
24885,0.06738591194152832
24904,0.09159088134765625
24936,0.1067817211151123
24909,0.09495258331298828
24909,0.09495258331298828
22028,0.09662413597106934
22037,0.09468412399291992
22044,0.09351110458374023
22072,0.09371447563171387
26408,0.11475205421447754
26408,0.11475205421447754
27671,0.11281514167785645
24858,0.10929751396179199
24858,0.10929751396179199
24871,0.12001800537109375
24843,0.11156272888183594
24877,0.11342620849609375
24985,0.10939216613769531
24704,0.1125936508178711
24775,0.11689162254333496
24819,0.12540984153747559
24837,0.11281561851501465
24712,0.09565305709838867
24768,0.0920858383178711
24810,0.11590027809143066
24511,0.09505891799926758
24577,0.11206483840942383
24487,0.09481668472290039
24686,0.11714339256286621
24723,0.09013724327087402
24787,0.09323835372924805
24807,0.09505867958068848
24799,0.09789371490478516
24787,0.11657333374023438
24837,0.1180274486541748
24934,0.12392473220825195
24940,0.09328627586364746
24848,0.09565091133117676
24747,0.10584330558776855
24677,0.09614133834838867
24701,0.08781123161315918
24731,0.0894460678100586
24731,0.08004951477050781
24685,0.09776830673217773
24682,0.11579370498657227
24701,0.0951852798461914
24828,0.11008930206298828
24800,0.09303045272827148
24851,0.09490823745727539
24895,0.11200737953186035
24817,0.09889602661132812
24870,0.08788633346557617
24829,0.11882781982421875
24803,0.11992001533508301
24720,0.0758354663848877
24772,0.10059976577758789
24705,0.11685895919799805
24673,0.09846758842468262
24650,0.09403657913208008
24651,0.09393525123596191
24724,0.09461498260498047
24701,0.12288165092468262
24707,0.12579011917114258
24737,0.11796236038208008
24680,0.11550259590148926
24703,0.09991192817687988
24430,0.09908485412597656
24096,0.10732340812683105
24573,0.11238741874694824
24332,0.1202545166015625
24104,0.11351680755615234
24031,0.1139838695526123
24047,0.0930473804473877
24014,0.08690452575683594
24059,0.09698176383972168
24028,0.09537601470947266
24172,0.1035916805267334
24309,0.09859275817871094
24368,0.09624695777893066
24460,0.09836220741271973
24544,0.0937802791595459
24544,0.09639477729797363
24752,0.11912059783935547
24825,0.11822652816772461
24837,0.11179614067077637
24840,0.12023472785949707
24822,0.09878826141357422
24741,0.10854411125183105
24789,0.12305951118469238
24758,0.10109615325927734
24821,0.10199785232543945
24794,0.11649751663208008
24796,0.08820223808288574
24785,0.11589670181274414
24759,0.11698174476623535
24736,0.10219120979309082
24756,0.11690545082092285
24765,0.09589409828186035
24768,0.11554765701293945
26048,0.09518694877624512
26042,0.10292387008666992
26073,0.09811758995056152
26024,0.09952902793884277
26028,0.12312483787536621
26092,0.09620833396911621
26128,0.09147834777832031
24796,0.09329581260681152
24835,0.09168195724487305
24778,0.1155405044555664
24794,0.08633661270141602
24864,0.11101126670837402
24789,0.11040449142456055
24830,0.11402201652526855
24879,0.11693453788757324
24879,0.09414291381835938
24893,0.09300541877746582
24853,0.11628270149230957
24829,0.0840463638305664
24689,0.09558320045471191
24863,0.09794211387634277
24831,0.09823322296142578
24846,0.09197640419006348
25658,0.07220697402954102
25274,0.10325264930725098
25358,0.09918713569641113
25358,0.09918713569641113
23946,0.09275579452514648
23985,0.09133720397949219
23939,0.09175372123718262
23899,0.1114511489868164
23921,0.09021949768066406
23938,0.0771026611328125
23866,0.09124946594238281
23883,0.06938695907592773
23809,0.11404633522033691
23539,0.09444880485534668
23688,0.09738755226135254
23881,0.09854483604431152
23634,0.09329104423522949
23634,0.09329104423522949
26516,0.09699654579162598
26401,0.09586048126220703
26749,0.09241938591003418
26839,0.1123499870300293
26797,0.12529921531677246
26720,0.0979151725769043
26723,0.11524605751037598
26815,0.11702299118041992
26695,0.11503267288208008
26713,0.08937644958496094
26732,0.11141681671142578
26817,0.0936436653137207
26759,0.09682440757751465
26716,0.1145317554473877
26653,0.09818196296691895
26718,0.08322668075561523
26755,0.08974051475524902
26779,0.09450602531433105
26681,0.08842587471008301
26683,0.08325791358947754
26730,0.11076998710632324
26694,0.08800721168518066
26831,0.07343125343322754
26709,0.0952603816986084
26586,0.10902738571166992
26968,0.11591053009033203
26945,0.10255002975463867
26139,0.09423065185546875
25173,0.09584212303161621
25173,0.09584212303161621
25235,0.10758090019226074
24720,0.09260129928588867
24586,0.11646318435668945
24418,0.11242437362670898
24973,0.11504435539245605
24722,0.0893409252166748
24606,0.09309506416320801
25145,0.09657430648803711
25141,0.08296966552734375
25151,0.06789970397949219
25130,0.09926486015319824
25124,0.09310007095336914
25149,0.09531378746032715
25115,0.0937659740447998
25135,0.0932607650756836
25129,0.08978724479675293
25110,0.09239959716796875
25104,0.09506869316101074
24354,0.09876489639282227
24300,0.10264348983764648
24333,0.11814403533935547
24239,0.10061335563659668
23527,0.10721778869628906
23628,0.09417295455932617
23618,0.11578893661499023
23605,0.11968135833740234
23748,0.09088563919067383
23965,0.11201953887939453
24069,0.11474108695983887
24525,0.10851097106933594
24256,0.0919790267944336
24077,0.0956270694732666
24054,0.0929727554321289
23891,0.11207747459411621
23760,0.09565496444702148
24041,0.12281394004821777
24517,0.09795284271240234
24270,0.11818575859069824
24307,0.09654617309570312
24283,0.09420585632324219
24347,0.07187533378601074
24348,0.09185218811035156
24285,0.1194143295288086
24261,0.09815430641174316
24294,0.10192394256591797
24305,0.09808802604675293
24300,0.09255814552307129
24288,0.11226058006286621
24275,0.0929722785949707
24351,0.08948183059692383
24159,0.08676838874816895
24164,0.11210179328918457
23719,0.11676597595214844
24075,0.12404417991638184
24152,0.09371805191040039
24003,0.09184145927429199
23861,0.09073233604431152
24171,0.09252572059631348
24530,0.0983879566192627
24285,0.11336278915405273
24306,0.10088062286376953
24260,0.09588289260864258
24300,0.09080886840820312
24197,0.09564876556396484
23917,0.08405089378356934
24169,0.0964658260345459
24263,0.11220097541809082
24183,0.09019160270690918
24355,0.09488797187805176
24338,0.10937213897705078
23926,0.091827392578125
24230,0.11680150032043457
23935,0.09295153617858887
24264,0.09395003318786621
24213,0.06033968925476074
24281,0.09627747535705566
24312,0.11441659927368164
24318,0.09167623519897461
24323,0.11513733863830566
24343,0.09122681617736816
24320,0.09673762321472168
24343,0.11229896545410156
24358,0.11229085922241211
24077,0.09498000144958496
24158,0.0666663646697998
24135,0.0927283763885498
24061,0.11086177825927734
24038,0.11548042297363281
24008,0.07860112190246582
23969,0.10795140266418457
24147,0.11517882347106934
23786,0.0903618335723877
23760,0.09563398361206055
23651,0.09278368949890137
24026,0.09682321548461914
24217,0.11219239234924316
24205,0.10030913352966309
24245,0.11719226837158203
24154,0.11514592170715332
24284,0.0888526439666748
24273,0.10764956474304199
24265,0.08879351615905762
24242,0.09211611747741699
24163,0.11377120018005371
24205,0.08868789672851562
24245,0.09643888473510742
24241,0.09478282928466797
24319,0.11690163612365723
24309,0.09874582290649414
24315,0.09462189674377441
24278,0.09689736366271973
24310,0.09719491004943848
24343,0.09961175918579102
24303,0.11696028709411621
24156,0.1187751293182373
23894,0.09611630439758301
24372,0.08573269844055176
24243,0.12178659439086914
23816,0.09961175918579102
23936,0.12732934951782227
27662,0.09792089462280273
27662,0.09792089462280273
27420,0.09882354736328125
27517,0.10210251808166504
27582,0.09709620475769043
27231,0.09724307060241699
26712,0.11093306541442871
27787,0.09759902954101562
27477,0.0931711196899414
27061,0.09372544288635254
27756,0.1125190258026123
27510,0.0973961353302002
26327,0.12165284156799316
27588,0.11538219451904297
27727,0.10313153266906738
27737,0.09566164016723633
27405,0.09673619270324707
27313,0.11567306518554688
27646,0.1132211685180664
27889,0.11330556869506836
27607,0.12009954452514648
26206,0.10133767127990723
27635,0.09667015075683594
27602,0.10160660743713379
27566,0.09385561943054199
27583,0.1165001392364502
27600,0.09571695327758789
27604,0.0924525260925293
27588,0.11439633369445801
27600,0.09317779541015625
27537,0.11795926094055176
27623,0.09957599639892578
27575,0.10471892356872559
27500,0.1175086498260498
27085,0.0912940502166748
27629,0.0953366756439209
27630,0.09615468978881836
27616,0.10248732566833496
27627,0.10594582557678223
27628,0.10582327842712402
27624,0.09446907043457031
27660,0.09316682815551758
27760,0.11571025848388672
27549,0.09875106811523438
27419,0.11164307594299316
27609,0.09491205215454102
27672,0.09460949897766113
27588,0.08902764320373535
27637,0.06609511375427246
27651,0.09263348579406738
27631,0.09513354301452637
27645,0.11400628089904785
27665,0.09661626815795898
27682,0.10944008827209473
27659,0.12505650520324707
27657,0.07394766807556152
27678,0.11581635475158691
27699,0.11007905006408691
27763,0.09270882606506348
27723,0.09154367446899414
27554,0.08947038650512695
26792,0.11791586875915527
27485,0.11577796936035156
26849,0.10149669647216797
27570,0.09772491455078125
27734,0.09476375579833984
27707,0.09268903732299805
27668,0.09532737731933594
27656,0.11799860000610352
27659,0.10028433799743652
25498,0.0946497917175293
25498,0.0946497917175293
25431,0.09418964385986328
25417,0.11730146408081055
25400,0.11293363571166992
25109,0.09559512138366699
24756,0.0977175235748291
25431,0.09521126747131348
