27060,0.02991509437561035
23967,0.017823457717895508
24079,0.03151297569274902
23825,0.017403364181518555
26067,0.02792191505432129
26999,0.024213314056396484
27005,0.03255438804626465
26946,0.02454352378845215
26945,0.0189669132232666
27000,0.025624752044677734
26953,0.0217745304107666
27015,0.02657485008239746
27058,0.027461767196655273
27021,0.029272794723510742
27083,0.02717900276184082
24029,0.019096851348876953
27049,0.02621316909790039
27048,0.01755046844482422
27124,0.026935100555419922
26941,0.023798227310180664
26812,0.022484302520751953
26933,0.021156787872314453
26987,0.035243988037109375
27040,0.026519775390625
27054,0.02851128578186035
24012,0.024680614471435547
23998,0.016305208206176758
24037,0.021338462829589844
24091,0.022233247756958008
23963,0.022367238998413086
25836,0.022844552993774414
24107,0.022029638290405273
26282,0.027701377868652344
27024,0.02732062339782715
26976,0.029322147369384766
26842,0.026557207107543945
26944,0.016887426376342773
27030,0.02416825294494629
27125,0.029778718948364258
27108,0.027598857879638672
23998,0.022193431854248047
27156,0.019812822341918945
27031,0.026947975158691406
27038,0.023349285125732422
27022,0.028828144073486328
27022,0.025926589965820312
26976,0.020388364791870117
26993,0.021324634552001953
27019,0.021312952041625977
26978,0.026243925094604492
27005,0.025291919708251953
27050,0.02416849136352539
27064,0.019467830657958984
26985,0.020107507705688477
23887,0.01643061637878418
27062,0.02635359764099121
23997,0.033382415771484375
24023,0.036011695861816406
23996,0.021639108657836914
24041,0.027777910232543945
27103,0.02666640281677246
27119,0.028327465057373047
27126,0.03156018257141113
23989,0.023528337478637695
23976,0.026032447814941406
23975,0.028539419174194336
24006,0.016048192977905273
24009,0.01533651351928711
26911,0.01928400993347168
27153,0.020377635955810547
26081,0.03208041191101074
26703,0.023650646209716797
23956,0.020926237106323242
24112,0.019908666610717773
24109,0.02191948890686035
24177,0.021655797958374023
24082,0.021120786666870117
24138,0.02225351333618164
24253,0.024985551834106445
24145,0.029401540756225586
24106,0.018362045288085938
26274,0.018097400665283203
26026,0.021437406539916992
24015,0.021674633026123047
23943,0.025225400924682617
26007,0.023282289505004883
24285,0.019888877868652344
24139,0.030860424041748047
23907,0.020396709442138672
25985,0.022269248962402344
24289,0.02144908905029297
24161,0.023325204849243164
26131,0.02200603485107422
24062,0.020208120346069336
24179,0.02189469337463379
24276,0.027927398681640625
23994,0.021043777465820312
25789,0.02425670623779297
24076,0.02348637580871582
27032,0.020452260971069336
26839,0.019457101821899414
27157,0.025142669677734375
27054,0.022073984146118164
27068,0.01893925666809082
27072,0.024987220764160156
27122,0.02536177635192871
27089,0.03355693817138672
27074,0.02076101303100586
27069,0.021920204162597656
27122,0.021427631378173828
27096,0.022577762603759766
27100,0.02813100814819336
27065,0.022940635681152344
27091,0.02263355255126953
27048,0.020860910415649414
27101,0.02853536605834961
27098,0.02859640121459961
27120,0.027302265167236328
24046,0.02248406410217285
27098,0.020986557006835938
24776,0.027621030807495117
24836,0.02542710304260254
24819,0.019397258758544922
25068,0.024619340896606445
24865,0.021886587142944336
24929,0.02129817008972168
24765,0.02160501480102539
24791,0.027669429779052734
24822,0.021642208099365234
24844,0.022130250930786133
24789,0.029122352600097656
24840,0.020897388458251953
24667,0.01694488525390625
24705,0.0236361026763916
24713,0.026233434677124023
24807,0.025032758712768555
24853,0.029742717742919922
24880,0.020574331283569336
24856,0.021882057189941406
24779,0.019840002059936523
24768,0.02286386489868164
24882,0.02252936363220215
24830,0.028218746185302734
24820,0.018846511840820312
24828,0.016401290893554688
24818,0.022201061248779297
24846,0.029886722564697266
24822,0.026200056076049805
24857,0.028052806854248047
24814,0.022221088409423828
24840,0.025950908660888672
24800,0.022092819213867188
24840,0.017233848571777344
24861,0.02393031120300293
24791,0.022504329681396484
24787,0.02016139030456543
24741,0.0267336368560791
24691,0.028786897659301758
24788,0.02107858657836914
24682,0.026609182357788086
24679,0.021968603134155273
24725,0.020911455154418945
24779,0.02075028419494629
24774,0.026412248611450195
24775,0.01890397071838379
24756,0.02225971221923828
24736,0.021633148193359375
24801,0.021001100540161133
24748,0.01887655258178711
24713,0.03459572792053223
24657,0.0320744514465332
24661,0.02564382553100586
24633,0.020186662673950195
24676,0.015789508819580078
24650,0.020695924758911133
24633,0.019399404525756836
24635,0.02254486083984375
24624,0.025278806686401367
24647,0.018055438995361328
24647,0.020864248275756836
24683,0.02726602554321289
24670,0.02333807945251465
24694,0.020090579986572266
24645,0.03415727615356445
24711,0.02470111846923828
24735,0.0203399658203125
24725,0.03389334678649902
24763,0.02280402183532715
24751,0.02523970603942871
24740,0.02837824821472168
24715,0.022182941436767578
24765,0.028505325317382812
24770,0.035919189453125
24675,0.021464109420776367
24392,0.02071666717529297
24516,0.02982616424560547
24816,0.022010087966918945
25080,0.031317710876464844
24756,0.019808053970336914
24572,0.024013757705688477
24394,0.018976926803588867
24616,0.024454355239868164
25004,0.02672863006591797
25018,0.019045352935791016
24778,0.025757312774658203
24707,0.025970458984375
25791,0.0334324836730957
25749,0.02962803840637207
25845,0.02852606773376465
25845,0.02017974853515625
25825,0.019290447235107422
25745,0.025499582290649414
25782,0.026815414428710938
25738,0.03331923484802246
25779,0.03215646743774414
25749,0.03168487548828125
25799,0.021834135055541992
25737,0.023371458053588867
25750,0.018209218978881836
25686,0.024356842041015625
25654,0.03293585777282715
25772,0.030851364135742188
25711,0.029442310333251953
25786,0.027199983596801758
26076,0.03478240966796875
25851,0.029129505157470703
25376,0.026100873947143555
25604,0.027403831481933594
25663,0.02659749984741211
25786,0.026179790496826172
26464,0.02323460578918457
27069,0.10466170310974121
27092,0.09794950485229492
27091,0.0962681770324707
27092,0.1034996509552002
27043,0.09771227836608887
24992,0.10021090507507324
24992,0.10021090507507324
24980,0.09712600708007812
24981,0.11647367477416992
25054,0.12444543838500977
24335,0.11287498474121094
24335,0.11287498474121094
25226,0.10947489738464355
25537,0.12106132507324219
25537,0.12106132507324219
25524,0.11628031730651855
25530,0.12282419204711914
25577,0.0957801342010498
25545,0.12194538116455078
25376,0.11799216270446777
25304,0.11847329139709473
25458,0.09484720230102539
25506,0.11555123329162598
25349,0.09999775886535645
25354,0.09862065315246582
25416,0.11509299278259277
25280,0.09945821762084961
25217,0.11427569389343262
25359,0.10633015632629395
25502,0.09749674797058105
25527,0.09682726860046387
25528,0.09549450874328613
25533,0.11687636375427246
25545,0.09673047065734863
25561,0.09664678573608398
25580,0.09661579132080078
25615,0.11993288993835449
25571,0.08909916877746582
25458,0.09340834617614746
25417,0.09370994567871094
25274,0.09829926490783691
25349,0.08232951164245605
25390,0.08196449279785156
25393,0.10667634010314941
25450,0.08112406730651855
25478,0.12552976608276367
25532,0.11589884757995605
25509,0.0874013900756836
25517,0.09641551971435547
25581,0.09337186813354492
25519,0.09297990798950195
25515,0.0979762077331543
25533,0.08743619918823242
25378,0.09654664993286133
25407,0.09929609298706055
25338,0.10989856719970703
25418,0.11648178100585938
25362,0.06815505027770996
25412,0.0888364315032959
25374,0.10452151298522949
25403,0.0999603271484375
25472,0.11137247085571289
25388,0.10836267471313477
25339,0.10283279418945312
25435,0.1199197769165039
25363,0.09559845924377441
25470,0.09166145324707031
25168,0.08601522445678711
24544,0.12276577949523926
24957,0.10214924812316895
24723,0.11444735527038574
24667,0.1109018325805664
24660,0.12379980087280273
24701,0.09792208671569824
24703,0.12295389175415039
24769,0.09531855583190918
24792,0.09536361694335938
24858,0.12178850173950195
25182,0.09539270401000977
25210,0.06975913047790527
25150,0.09720301628112793
25250,0.09667396545410156
25023,0.11212944984436035
25566,0.11604666709899902
25698,0.09437990188598633
25624,0.09833550453186035
25591,0.10636472702026367
25572,0.12300825119018555
25537,0.09177637100219727
25529,0.09826469421386719
25519,0.0793156623840332
25546,0.09207868576049805
25536,0.09364032745361328
25555,0.10293412208557129
25528,0.09648990631103516
25579,0.13016414642333984
25570,0.08714652061462402
25597,0.11236429214477539
25593,0.07664060592651367
25610,0.11277341842651367
27706,0.1032707691192627
27678,0.09293317794799805
27730,0.11527180671691895
27680,0.11150383949279785
27659,0.08866477012634277
27656,0.11749958992004395
27689,0.11086034774780273
25326,0.08871817588806152
25435,0.09658241271972656
25375,0.11212968826293945
25297,0.09758782386779785
25360,0.10999035835266113
25338,0.08163285255432129
25352,0.09761357307434082
25445,0.09032750129699707
25487,0.10411477088928223
25657,0.11050057411193848
25709,0.10252594947814941
25096,0.09122037887573242
25591,0.11188602447509766
25413,0.09920501708984375
25555,0.0979771614074707
25547,0.09942865371704102
26001,0.08584213256835938
25822,0.09171390533447266
25732,0.09179568290710449
26739,0.09235358238220215
26739,0.09235358238220215
26598,0.1139378547668457
26604,0.10254907608032227
26602,0.10439610481262207
26693,0.0953676700592041
26718,0.1131904125213623
26624,0.1196291446685791
26792,0.09854006767272949
26613,0.09598278999328613
26043,0.099853515625
26445,0.10622906684875488
26641,0.09758782386779785
26258,0.09650087356567383
27113,0.10369205474853516
25244,0.11708188056945801
25247,0.10561275482177734
27904,0.0974419116973877
27955,0.1149754524230957
27886,0.0960988998413086
27736,0.1014254093170166
27709,0.09282779693603516
27874,0.10287308692932129
27771,0.10858702659606934
27855,0.08568286895751953
27831,0.09359908103942871
27872,0.09309530258178711
27818,0.08776378631591797
27848,0.09859299659729004
27921,0.11739325523376465
27888,0.0942542552947998
27905,0.11668229103088379
27833,0.0926218032836914
27840,0.0688774585723877
27791,0.0939638614654541
27772,0.09179377555847168
27854,0.09518146514892578
27921,0.11136317253112793
27874,0.09373140335083008
27796,0.11115336418151855
24702,0.10152196884155273
24725,0.09778785705566406
27214,0.08602499961853027
26582,0.0949854850769043
26582,0.0949854850769043
26702,0.11882758140563965
26334,0.08967876434326172
26047,0.09943294525146484
25549,0.12119293212890625
26530,0.07292461395263672
26281,0.09323406219482422
25903,0.11641597747802734
26542,0.09545588493347168
26484,0.09312987327575684
26516,0.06256628036499023
26519,0.09546422958374023
26515,0.0915517807006836
26530,0.09378170967102051
26503,0.10464596748352051
26509,0.10510873794555664
26515,0.09533500671386719
26495,0.09603571891784668
26475,0.09329080581665039
25655,0.10382509231567383
25663,0.11000800132751465
25698,0.10348033905029297
25533,0.10123491287231445
25237,0.12356376647949219
25372,0.0748744010925293
25164,0.09622859954833984
25338,0.11201357841491699
25161,0.08934259414672852
25583,0.07878923416137695
25850,0.11460709571838379
25951,0.09428596496582031
25653,0.09634613990783691
25447,0.10403990745544434
25350,0.1136026382446289
25170,0.09460973739624023
25247,0.09453511238098145
25769,0.0933082103729248
25899,0.1182701587677002
25558,0.1036980152130127
25611,0.09344935417175293
25576,0.09256219863891602
25659,0.12393856048583984
25692,0.09139275550842285
25634,0.0931239128112793
25585,0.0920572280883789
25601,0.11232733726501465
25605,0.08938026428222656
25662,0.11563467979431152
25601,0.08341240882873535
25593,0.10756874084472656
25677,0.09768152236938477
25453,0.11493134498596191
25414,0.11796784400939941
25417,0.10341930389404297
25819,0.1085517406463623
25415,0.09686899185180664
25227,0.09350299835205078
25175,0.1203758716583252
25908,0.0961298942565918
25910,0.09479403495788574
25665,0.09866762161254883
25530,0.12536287307739258
25656,0.10362100601196289
25445,0.09119319915771484
25499,0.10906624794006348
25612,0.09026861190795898
25941,0.11425375938415527
25615,0.10814976692199707
25468,0.1157536506652832
25697,0.1172487735748291
25594,0.11660528182983398
25510,0.1128685474395752
25853,0.09667778015136719
25310,0.11167454719543457
25607,0.11103963851928711
25552,0.10923337936401367
25622,0.11072659492492676
25632,0.10252714157104492
25647,0.12341642379760742
25653,0.1147003173828125
25730,0.12291550636291504
25610,0.11495041847229004
25655,0.1130533218383789
25587,0.11617636680603027
25510,0.10161876678466797
25703,0.11147022247314453
25594,0.11932492256164551
25570,0.0851900577545166
25649,0.08966398239135742
25623,0.09987092018127441
25737,0.09672880172729492
25328,0.08989834785461426
25090,0.10555338859558105
25082,0.09871435165405273
25427,0.11031198501586914
25874,0.09155893325805664
25851,0.09267544746398926
26035,0.11577439308166504
26085,0.11298942565917969
25847,0.11709094047546387
25578,0.11502337455749512
25578,0.09668684005737305
25506,0.1116800308227539
25527,0.09623217582702637
25503,0.09561610221862793
25505,0.09799337387084961
25534,0.08846807479858398
25584,0.09883284568786621
25567,0.0981743335723877
25675,0.0726170539855957
25662,0.11362290382385254
25593,0.11127424240112305
25596,0.12571167945861816
25664,0.11789417266845703
25639,0.09621047973632812
25516,0.10779404640197754
25717,0.10264849662780762
25759,0.0984642505645752
25479,0.11445403099060059
25302,0.11922049522399902
25597,0.09328007698059082
25480,0.09335947036743164
23923,0.09193634986877441
24017,0.1186826229095459
24564,0.0981895923614502
24147,0.11922240257263184
23765,0.11608028411865234
24281,0.07788562774658203
24211,0.09780597686767578
24026,0.10528206825256348
24399,0.11273074150085449
24280,0.09735107421875
24172,0.09502482414245605
24186,0.06291794776916504
24547,0.09248852729797363
24407,0.10035300254821777
24178,0.10198020935058594
24118,0.11627697944641113
24416,0.09551119804382324
24615,0.11461305618286133
24566,0.08559918403625488
24423,0.09928464889526367
24132,0.09550642967224121
24674,0.09537410736083984
24527,0.10761427879333496
24512,0.06033134460449219
24473,0.09377503395080566
24432,0.1004025936126709
24440,0.09203577041625977
24522,0.09962677955627441
24502,0.09543156623840332
24418,0.11188673973083496
24387,0.09608030319213867
23976,0.09525942802429199
24059,0.09570646286010742
24742,0.1147003173828125
24509,0.10992813110351562
24516,0.09160423278808594
24481,0.11999034881591797
24548,0.09411263465881348
24476,0.09254908561706543
24590,0.09460616111755371
24696,0.1135103702545166
24795,0.10593724250793457
24738,0.0974428653717041
24144,0.0931248664855957
24395,0.09586310386657715
24529,0.1131284236907959
24535,0.0917966365814209
24563,0.12070178985595703
24498,0.08740091323852539
24532,0.09412646293640137
24592,0.09659910202026367
24512,0.09555315971374512
24547,0.11590695381164551
24525,0.09265375137329102
24531,0.10910487174987793
24580,0.11798548698425293
24596,0.1134328842163086
24578,0.09557795524597168
24360,0.09765028953552246
24237,0.10375165939331055
23810,0.09285187721252441
24183,0.08837580680847168
24075,0.1146245002746582
24946,0.09196257591247559
24530,0.09720587730407715
24546,0.11620473861694336
24540,0.11526322364807129
24540,0.1159672737121582
24490,0.08995747566223145
25652,0.11188697814941406
25652,0.11188697814941406
25595,0.11107659339904785
25609,0.09971976280212402
25504,0.09503316879272461
25323,0.098419189453125
24598,0.09243178367614746
25236,0.08769512176513672
