25810,0.02610492706298828
25781,0.025933027267456055
25876,0.030585527420043945
25651,0.019418716430664062
25521,0.02852034568786621
25802,0.02479720115661621
25787,0.02145075798034668
25807,0.025609493255615234
25769,0.0323643684387207
25764,0.029384851455688477
25785,0.016219615936279297
25784,0.024738311767578125
25774,0.024431943893432617
25770,0.01981830596923828
25785,0.021270275115966797
25789,0.02619457244873047
25778,0.02541971206665039
25737,0.016412019729614258
25802,0.02512192726135254
25789,0.030197620391845703
25673,0.025435447692871094
25718,0.02730870246887207
25726,0.026755094528198242
25760,0.023739099502563477
25763,0.029024839401245117
25776,0.022341251373291016
25802,0.028341054916381836
25814,0.03202486038208008
25876,0.02397751808166504
25742,0.022314071655273438
25382,0.02401900291442871
25877,0.024146080017089844
25557,0.02535104751586914
25747,0.019342660903930664
25757,0.0272367000579834
25780,0.025640249252319336
25721,0.021630525588989258
25791,0.02045297622680664
25801,0.02704620361328125
25824,0.023713350296020508
25852,0.022598743438720703
25802,0.01724076271057129
25800,0.019356250762939453
25781,0.029601335525512695
25756,0.02535390853881836
25793,0.02319169044494629
25793,0.026166915893554688
25799,0.0298306941986084
25793,0.021919965744018555
25790,0.01886916160583496
25770,0.02348160743713379
25805,0.025649547576904297
25760,0.03275108337402344
25702,0.023699045181274414
25765,0.023946523666381836
25831,0.033020973205566406
25810,0.04779791831970215
25838,0.02054738998413086
25877,0.015955448150634766
25856,0.025746583938598633
25851,0.023933887481689453
25861,0.0283203125
25853,0.022199630737304688
25866,0.02152419090270996
25864,0.02074122428894043
25880,0.026976346969604492
25895,0.02307438850402832
25867,0.028625011444091797
25837,0.023234844207763672
25886,0.032392024993896484
25852,0.021125316619873047
25569,0.028903484344482422
25767,0.021175146102905273
25876,0.030992746353149414
25853,0.017955780029296875
25860,0.017815351486206055
25854,0.028109312057495117
25873,0.020958423614501953
25960,0.02382659912109375
25885,0.03004765510559082
25903,0.01619696617126465
25681,0.036115169525146484
25540,0.019527673721313477
25957,0.02823925018310547
25803,0.020360469818115234
25461,0.020142793655395508
26022,0.01756572723388672
25947,0.02712845802307129
25716,0.02091836929321289
25516,0.022293806076049805
25958,0.026203632354736328
25836,0.02741861343383789
25640,0.02217268943786621
25927,0.02773284912109375
25939,0.031952857971191406
25979,0.019596576690673828
25783,0.022275686264038086
25349,0.020820140838623047
25901,0.018741130828857422
25983,0.021724700927734375
25783,0.023899078369140625
25820,0.020465373992919922
25848,0.03027200698852539
25838,0.022647380828857422
25870,0.021636486053466797
25854,0.017611026763916016
25865,0.026820898056030273
25865,0.01988077163696289
25854,0.02406024932861328
25875,0.020534753799438477
25906,0.022281408309936523
25872,0.02277684211730957
25875,0.02996516227722168
25869,0.02991962432861328
25844,0.028266191482543945
25888,0.019234895706176758
25870,0.03164052963256836
25852,0.022890567779541016
25862,0.022174358367919922
25875,0.028591632843017578
23273,0.028812646865844727
23315,0.03205418586730957
23333,0.034844160079956055
23308,0.028928756713867188
23303,0.02427983283996582
23292,0.02733588218688965
23284,0.020037174224853516
23253,0.015060186386108398
23241,0.023451566696166992
23266,0.022936582565307617
23122,0.027606725692749023
23050,0.027317523956298828
23130,0.020639657974243164
23270,0.024203062057495117
23312,0.0235745906829834
23308,0.02911543846130371
23321,0.022938013076782227
23324,0.023824453353881836
23311,0.023421525955200195
23325,0.031246185302734375
23297,0.01970815658569336
23342,0.024770021438598633
23340,0.03452920913696289
23307,0.02056407928466797
23340,0.021053075790405273
23337,0.02073502540588379
23348,0.022699594497680664
23329,0.02010178565979004
23346,0.033400535583496094
23333,0.019234657287597656
23339,0.019435405731201172
23302,0.025936603546142578
23332,0.024994373321533203
23326,0.022482872009277344
23323,0.0225527286529541
23332,0.026615619659423828
23320,0.029339075088500977
23331,0.018075227737426758
23312,0.0276944637298584
23328,0.030292272567749023
23308,0.025040626525878906
23349,0.021515369415283203
23335,0.026781797409057617
23330,0.02448296546936035
23324,0.02274036407470703
23333,0.01699376106262207
23326,0.02050042152404785
23358,0.02105093002319336
23338,0.021791934967041016
23321,0.02960062026977539
23362,0.02380084991455078
23335,0.027631044387817383
23326,0.02682781219482422
23344,0.02123570442199707
23343,0.021368980407714844
23328,0.02276611328125
23324,0.024370431900024414
23319,0.022364139556884766
23319,0.022356271743774414
23317,0.029515504837036133
23350,0.024517536163330078
23329,0.029001712799072266
23337,0.0239107608795166
23304,0.024806499481201172
23335,0.031206846237182617
23353,0.029440879821777344
23365,0.025996923446655273
23339,0.021240234375
23333,0.029509782791137695
23324,0.024108171463012695
23307,0.023748397827148438
23315,0.022672653198242188
23303,0.0347137451171875
23249,0.025842666625976562
23046,0.02329230308532715
23140,0.019717693328857422
23158,0.024367094039916992
23095,0.021957874298095703
23287,0.01807713508605957
23146,0.025165557861328125
23157,0.01941967010498047
23218,0.023927688598632812
23145,0.02279353141784668
23390,0.022994518280029297
23350,0.023653030395507812
23344,0.02099299430847168
24587,0.029639482498168945
24635,0.02604198455810547
24567,0.03107762336730957
24544,0.026885509490966797
24539,0.026036977767944336
24611,0.02728438377380371
24598,0.022762537002563477
24580,0.02679133415222168
24576,0.026734352111816406
24596,0.027699947357177734
24597,0.044710397720336914
24572,0.024924039840698242
24625,0.03267717361450195
24615,0.029323577880859375
24616,0.021817922592163086
24561,0.030638694763183594
24606,0.0254361629486084
24595,0.030553340911865234
24420,0.025974035263061523
24221,0.030939340591430664
24331,0.026488780975341797
24490,0.03035902976989746
24546,0.02021932601928711
24650,0.023703336715698242
24650,0.023703336715698242
24475,0.10424089431762695
24469,0.12189531326293945
24477,0.09967660903930664
24478,0.09523272514343262
24466,0.10938024520874023
24466,0.10938024520874023
25265,0.10270452499389648
25263,0.11989641189575195
25262,0.12011098861694336
25247,0.12117147445678711
25247,0.12117147445678711
25838,0.11677241325378418
27129,0.1164395809173584
27129,0.1164395809173584
24188,0.06783533096313477
24216,0.12414312362670898
24177,0.08534097671508789
24192,0.09437751770019531
24253,0.11430096626281738
24154,0.09223580360412598
27194,0.09999608993530273
24108,0.10992717742919922
27201,0.11313152313232422
24035,0.09496855735778809
27189,0.09315061569213867
24048,0.08872437477111816
24116,0.10725784301757812
24039,0.06732988357543945
24064,0.11632609367370605
24093,0.09393048286437988
24129,0.10177254676818848
24188,0.11249399185180664
24160,0.09847235679626465
24183,0.09905672073364258
24200,0.11952018737792969
24191,0.11251163482666016
24162,0.09388971328735352
24139,0.1010444164276123
24140,0.09623336791992188
24107,0.10580897331237793
24085,0.09433317184448242
24092,0.08711051940917969
24124,0.09422469139099121
24156,0.11471390724182129
24140,0.08064389228820801
24146,0.1132512092590332
24176,0.11525154113769531
24132,0.12337374687194824
24148,0.09585905075073242
24157,0.12022852897644043
24132,0.09688448905944824
27190,0.10844039916992188
27177,0.10019826889038086
24075,0.09342002868652344
24085,0.11435413360595703
24069,0.11287641525268555
24058,0.11096978187561035
27174,0.11650609970092773
27167,0.1143801212310791
27169,0.09256649017333984
24050,0.10343766212463379
24079,0.1194620132446289
24012,0.11847043037414551
24025,0.12113571166992188
24107,0.09953069686889648
24140,0.09793329238891602
24121,0.09688377380371094
23986,0.08538556098937988
26935,0.09525513648986816
27018,0.09457254409790039
26937,0.11182212829589844
26836,0.11185622215270996
26907,0.09210324287414551
26939,0.10037112236022949
26870,0.09667301177978516
26889,0.09623074531555176
26878,0.09016847610473633
27023,0.10350561141967773
24043,0.0942387580871582
24148,0.10369253158569336
24148,0.11735892295837402
24158,0.10846233367919922
27198,0.11198902130126953
27252,0.0781707763671875
24253,0.09818649291992188
24243,0.10557985305786133
24245,0.11248970031738281
24218,0.09038043022155762
24220,0.09945964813232422
24217,0.1192779541015625
24211,0.10118246078491211
24220,0.11911296844482422
24209,0.1006321907043457
24242,0.09666204452514648
24217,0.09958696365356445
24235,0.09430336952209473
24243,0.09886503219604492
24243,0.11757230758666992
24277,0.12219071388244629
24243,0.11794185638427734
28586,0.09853386878967285
28584,0.08729434013366699
28579,0.12153792381286621
28553,0.1121518611907959
28552,0.1180260181427002
28564,0.0977025032043457
28562,0.09887981414794922
27492,0.1165933609008789
27513,0.06836462020874023
27494,0.11243486404418945
27518,0.11372780799865723
27548,0.09092879295349121
27480,0.11929011344909668
27525,0.12050104141235352
27543,0.09454965591430664
27521,0.09526491165161133
27535,0.09418177604675293
27474,0.08195614814758301
27391,0.10409021377563477
27409,0.09296917915344238
27430,0.08956050872802734
27505,0.12340283393859863
27504,0.09317922592163086
25305,0.07116985321044922
25152,0.09888100624084473
25046,0.10902118682861328
25046,0.10902118682861328
25851,0.09814596176147461
26046,0.11803913116455078
26051,0.0993809700012207
26008,0.10072565078735352
26068,0.06898832321166992
26048,0.09816884994506836
25995,0.09277200698852539
26010,0.09689640998840332
25714,0.09335565567016602
25568,0.09141087532043457
25689,0.0992281436920166
25896,0.09681296348571777
25720,0.1000833511352539
25720,0.1000833511352539
25464,0.09130668640136719
25464,0.09130668640136719
24147,0.08797764778137207
24192,0.10868978500366211
24144,0.11365890502929688
24145,0.11402273178100586
24079,0.10293292999267578
24153,0.11804556846618652
24088,0.0785820484161377
24088,0.09912395477294922
24077,0.1138005256652832
24026,0.09301280975341797
24141,0.10837817192077637
24105,0.09983515739440918
24146,0.10493922233581543
24110,0.09201312065124512
24027,0.09143400192260742
24021,0.11363387107849121
24056,0.11466312408447266
24089,0.1152951717376709
24033,0.10056090354919434
24039,0.11473226547241211
24104,0.09427118301391602
24105,0.0918583869934082
24119,0.10082507133483887
24306,0.11340999603271484
24272,0.08986043930053711
23843,0.09627175331115723
23843,0.09627175331115723
23321,0.09801673889160156
23399,0.0933067798614502
26172,0.0995786190032959
23149,0.08700942993164062
26039,0.11150503158569336
26299,0.10409712791442871
23208,0.10574793815612793
25860,0.08856034278869629
23294,0.1163792610168457
23284,0.08506083488464355
23284,0.09436702728271484
23280,0.09572267532348633
23284,0.10315155982971191
23289,0.09415030479431152
23267,0.11961817741394043
26351,0.09469962120056152
23240,0.09141111373901367
26330,0.11449313163757324
26330,0.11449313163757324
25149,0.1161649227142334
25155,0.08288002014160156
25328,0.10773563385009766
25196,0.08782339096069336
24819,0.0959019660949707
24727,0.07058262825012207
24670,0.10073161125183105
24719,0.08756327629089355
24780,0.10459446907043457
24907,0.09385061264038086
24815,0.08573150634765625
25018,0.10200142860412598
25321,0.08303570747375488
25089,0.10281229019165039
25035,0.08666825294494629
24819,0.10150718688964844
24950,0.12498235702514648
24829,0.08194947242736816
25112,0.1179044246673584
25109,0.09767031669616699
25112,0.07799744606018066
25091,0.09895157814025879
25150,0.07890081405639648
25145,0.06983518600463867
25100,0.07781672477722168
25095,0.11865234375
25065,0.11072206497192383
25107,0.08472299575805664
25135,0.11062145233154297
25137,0.0889735221862793
25153,0.06959104537963867
25221,0.09763979911804199
25080,0.10750627517700195
25139,0.07776403427124023
24984,0.07638216018676758
24876,0.12177729606628418
25016,0.09912919998168945
24882,0.09857630729675293
24879,0.09820795059204102
24884,0.09027266502380371
25135,0.10449385643005371
25082,0.10118889808654785
25124,0.07301926612854004
25091,0.0857243537902832
25125,0.10717654228210449
25040,0.10984587669372559
25119,0.09600424766540527
24741,0.11464834213256836
25078,0.08400893211364746
25129,0.0908365249633789
25209,0.11913204193115234
25134,0.11203646659851074
24687,0.1165914535522461
24990,0.10132741928100586
25110,0.10026025772094727
25089,0.11048769950866699
25032,0.11424064636230469
25156,0.09113764762878418
25163,0.08192157745361328
25147,0.11421561241149902
25167,0.1262197494506836
25192,0.10211920738220215
25224,0.11332297325134277
25232,0.10350656509399414
25220,0.10578799247741699
24771,0.1085667610168457
25037,0.0807502269744873
25195,0.08498191833496094
25194,0.10094118118286133
25218,0.09697270393371582
24755,0.08634614944458008
24745,0.10036969184875488
24844,0.08039498329162598
24779,0.10464310646057129
24920,0.10239887237548828
24959,0.11501169204711914
24888,0.09584879875183105
24948,0.1017909049987793
25185,0.10262155532836914
24884,0.11054682731628418
24846,0.08682632446289062
25119,0.110137939453125
25132,0.11569404602050781
25122,0.09937548637390137
25098,0.09645628929138184
25047,0.09674763679504395
25058,0.10286569595336914
25063,0.09442567825317383
25039,0.0927128791809082
25106,0.08061885833740234
25120,0.1026923656463623
25146,0.07921934127807617
25146,0.08984160423278809
25186,0.08100199699401855
25257,0.09653592109680176
25269,0.09216165542602539
24941,0.08722376823425293
25177,0.09878063201904297
25090,0.08206486701965332
24981,0.09953951835632324
24998,0.08089327812194824
24679,0.0819089412689209
24679,0.0819089412689209
24968,0.09522128105163574
24735,0.11661624908447266
25317,0.09356331825256348
25011,0.11214637756347656
27894,0.12224292755126953
25284,0.09575128555297852
25026,0.11149930953979492
28102,0.11551403999328613
25174,0.09196877479553223
24954,0.09297823905944824
24730,0.08102631568908691
25036,0.09265899658203125
25162,0.09333944320678711
25159,0.0939633846282959
24993,0.11465334892272949
28011,0.09069395065307617
24857,0.09217977523803711
25148,0.10337543487548828
25098,0.09244084358215332
27921,0.0910186767578125
24826,0.06781387329101562
25144,0.09729433059692383
25173,0.09489130973815918
25143,0.09334564208984375
25137,0.09272956848144531
25145,0.0952155590057373
25135,0.09207844734191895
25164,0.11696267127990723
25166,0.09176969528198242
25143,0.11207056045532227
25129,0.11742401123046875
24969,0.06316733360290527
28043,0.11268234252929688
25270,0.09049868583679199
25149,0.11855769157409668
25138,0.09010624885559082
25100,0.11929702758789062
25157,0.07893681526184082
25120,0.09507608413696289
25144,0.09115958213806152
25148,0.11808490753173828
25120,0.1010427474975586
25258,0.11623954772949219
24926,0.10784173011779785
24955,0.09843873977661133
25045,0.09348750114440918
25145,0.09766721725463867
25153,0.11924123764038086
25141,0.10923528671264648
25150,0.08608770370483398
25157,0.09874677658081055
25138,0.09475135803222656
25144,0.09965157508850098
25164,0.0985708236694336
25156,0.06037306785583496
25183,0.11420178413391113
25196,0.0801694393157959
25207,0.09486246109008789
25094,0.10281825065612793
24849,0.11345839500427246
24811,0.1024467945098877
28078,0.09866738319396973
27874,0.10988998413085938
25423,0.12457680702209473
25147,0.09917950630187988
25162,0.09171581268310547
25182,0.10060548782348633
25153,0.12093210220336914
25125,0.09534931182861328
25125,0.09534931182861328
25299,0.0958259105682373
25240,0.09839105606079102
25232,0.09492921829223633
25172,0.11138081550598145
25131,0.09769701957702637
24938,0.08973360061645508
25618,0.09826016426086426
