431054,0.45247483253479004,35285.7421875
355971,0.40850067138671875,33099.19140625
400701,0.43857908248901367,40290.19921875
429573,0.40576624870300293,32128.171875
306999,0.4058809280395508,29708.51953125
309353,0.4120018482208252,27969.91015625
465410,0.4111604690551758,33892.23046875
424981,0.40921640396118164,34539.31640625
340989,0.4232289791107178,35955.265625
358906,0.413959264755249,41007.796875
278771,0.4238743782043457,24997.615234375
377442,0.41117191314697266,41202.0078125
299621,0.4041130542755127,38010.67578125
381615,0.41318821907043457,41059.4375
331036,0.40646839141845703,38686.85546875
228662,0.38537001609802246,48274.41015625
274194,0.4324502944946289,51866.28125
295905,0.38118505477905273,33395.10546875
378635,0.2693793773651123,18552.96875
