370089,0.4553680419921875,35661.8359375
368515,0.41495680809020996,32035.119140625
296666,0.4200460910797119,42154.9609375
339086,0.40718936920166016,30833.798828125
381270,0.3926374912261963,29947.64453125
375711,0.3940417766571045,26515.412109375
424337,0.4051055908203125,33560.70703125
393809,0.4132707118988037,35099.62109375
434559,0.3795938491821289,30880.10546875
316265,0.4072849750518799,40449.23828125
353763,0.4050431251525879,25950.369140625
441944,0.39133501052856445,34747.28125
292200,0.42912912368774414,35460.66015625
463517,0.41705965995788574,33391.09765625
419668,0.4083116054534912,31368.138671875
351323,0.40586066246032715,38139.59765625
437005,0.425276517868042,36675.02734375
369061,0.4123208522796631,29059.685546875
425349,0.27065324783325195,15204.8896484375
