508339,0.4562256336212158,38235.16796875
488813,0.46573448181152344,33865.0078125
546391,0.42029333114624023,38808.91796875
506941,0.4345884323120117,35498.73046875
371037,0.4197077751159668,37406.28125
442103,0.4005553722381592,30370.244140625
574759,0.4059255123138428,35343.09375
560660,0.4154181480407715,35159.59765625
511636,0.3901364803314209,34519.66796875
530102,0.4097709655761719,37916.8125
419196,0.3992772102355957,29137.3203125
421402,0.41048669815063477,46641.890625
446698,0.3910830020904541,35400.875
485623,0.404674768447876,41861.140625
430570,0.4187939167022705,39852.43359375
236257,0.4053165912628174,55895.2109375
328950,0.4158515930175781,55156.33984375
371765,0.4206554889678955,36161.2265625
429801,0.27888941764831543,19647.97265625
