506705,0.4815561771392822,37397.02734375
475014,0.4380519390106201,33561.91796875
554096,0.4154808521270752,37628.234375
499725,0.41017770767211914,35232.7578125
349587,0.4164724349975586,34757.82421875
406247,0.40513014793395996,30785.033203125
582265,0.36791300773620605,34011.52734375
574855,0.4062807559967041,33419.1953125
490585,0.4162569046020508,35015.67578125
539914,0.4077460765838623,36455.109375
374729,0.405775785446167,29792.6640625
404840,0.40714406967163086,47003.0625
451168,0.4186701774597168,34347.3125
482123,0.40147972106933594,41234.3203125
410527,0.43472838401794434,40552.1484375
239979,0.3805820941925049,56133.73046875
320247,0.40762996673583984,54707.71484375
377670,0.40496826171875,35101.86328125
421746,0.27474355697631836,19661.57421875
