435459,0.45090198516845703,36269.1171875
430881,0.42025279998779297,32926.921875
442267,0.41501307487487793,37634.6171875
497919,0.40852904319763184,30286.384765625
433214,0.41336870193481445,30049.587890625
384927,0.4096639156341553,27796.9140625
512417,0.4025447368621826,32490.33203125
481179,0.4033982753753662,33793.25
461200,0.3964271545410156,32113.609375
459267,0.4088554382324219,35041.0234375
361511,0.416973352432251,27083.48046875
449916,0.4155616760253906,37741.51171875
353429,0.3925182819366455,35414.4765625
414448,0.41211462020874023,39033.859375
360802,0.4118077754974365,36896.4140625
385780,0.4060072898864746,39462.8515625
439451,0.4146401882171631,40010.35546875
378495,0.4030449390411377,30377.978515625
497026,0.27213144302368164,13990.6220703125
