842760,1.0044398307800293,69863.2421875
721527,0.9515340328216553,70527.078125
843022,0.9726057052612305,73696.578125
650257,0.9236025810241699,76752.0
723149,0.9709863662719727,66063.625
478067,0.9489891529083252,80894.40625
864418,0.9098303318023682,69976.8671875
873659,0.9321787357330322,69166.078125
749456,0.9459359645843506,71180.2109375
818634,0.9419941902160645,75890.1328125
575538,0.9261887073516846,68362.3203125
863011,0.940068244934082,72952.3359375
536939,0.9418463706970215,82265.3203125
809932,0.9480643272399902,77560.5859375
718996,0.9547116756439209,72613.1640625
757426,0.934147834777832,75843.96875
850083,0.9469478130340576,77006.4296875
638880,0.9741096496582031,69927.359375
749302,0.6888458728790283,35751.37890625
