775497,2.1156280040740967,60961.91015625
716351,1.9683127403259277,57206.5859375
794589,2.0566184520721436,62955.16796875
666779,2.032233476638794,60816.49609375
717557,1.8762974739074707,53292.55859375
573802,1.969020128250122,58873.0625
905316,1.8718347549438477,56138.484375
849958,2.0390238761901855,56528.359375
769698,1.9348361492156982,57068.5703125
873534,1.9938843250274658,61760.12109375
610374,1.8710851669311523,54566.3359375
875440,1.9684638977050781,59404.6796875
615092,1.9928200244903564,63936.1640625
866135,2.0372862815856934,62156.80078125
767145,1.903846025466919,57450.796875
823663,2.0334243774414062,58154.32421875
894780,1.963238000869751,61660.91015625
685859,1.9309890270233154,54509.890625
801855,1.3993027210235596,29236.3671875
