439920,0.4631083011627197,35768.9296875
424453,0.4538743495941162,33004.20703125
390432,0.4235959053039551,40350.375
474494,0.42168426513671875,31398.0078125
427746,0.41289758682250977,30173.97265625
395737,0.40004897117614746,27611.919921875
533163,0.41591644287109375,31270.52734375
480242,0.4128379821777344,33711.33984375
468765,0.4192636013031006,31418.271484375
450953,0.40822672843933105,35261.96484375
367432,0.4040079116821289,26896.087890625
482248,0.412656307220459,36174.625
349316,0.40917420387268066,35304.4140625
407826,0.404224157333374,39266.70703125
368885,0.4096658229827881,36123.86328125
390712,0.42470359802246094,38827.6484375
444253,0.4397101402282715,39368.48046875
387827,0.41514062881469727,29772.837890625
508340,0.263580322265625,13600.9716796875
