496500,0.45371580123901367,38324.48828125
463575,0.4152557849884033,35320.16796875
531714,0.4364490509033203,38860.625
485081,0.4065361022949219,36012.06640625
356960,0.41382336616516113,37495.59765625
451250,0.4050590991973877,29430.611328125
556910,0.4102480411529541,35769.51953125
553668,0.4214210510253906,35088.0
504342,0.4271359443664551,34680.48828125
524778,0.4085664749145508,37598.01171875
416777,0.40912938117980957,28939.724609375
397512,0.41613030433654785,47386.3359375
415160,0.41437315940856934,36716.6796875
487865,0.40166258811950684,40892.60546875
410507,0.4145345687866211,40286.015625
232564,0.4110903739929199,54591.0625
320415,0.4065518379211426,54342.21875
368050,0.4366016387939453,35569.0078125
428714,0.3061048984527588,19131.3046875
