359132,0.453977108001709,37914.90625
413612,0.4187178611755371,32373.318359375
359877,0.4578104019165039,40772.6484375
444021,0.40297389030456543,31696.560546875
414173,0.4187486171722412,29979.224609375
388275,0.40577244758605957,27213.091796875
546866,0.4092216491699219,29726.587890625
436273,0.40717053413391113,34927.51953125
454922,0.40835142135620117,31219.109375
380801,0.4026949405670166,38689.41796875
363518,0.4038712978363037,26477.435546875
434929,0.40965938568115234,36860.16796875
323981,0.4064762592315674,35791.15234375
362140,0.40149688720703125,41090.0703125
339835,0.4127800464630127,36531.9453125
392994,0.41792798042297363,37513.87109375
475370,0.4163341522216797,36524.0625
377870,0.43314576148986816,29646.267578125
497389,0.274599552154541,13498.05859375
