747344,1.0491735935211182,38211.21484375
711996,1.061675786972046,34866.703125
704616,1.06087064743042,42614.4375
847397,1.081202745437622,30054.056640625
770721,1.0301721096038818,29698.33984375
675180,1.0243651866912842,31248.125
878260,0.9903290271759033,34112.625
906751,1.0212101936340332,31650.1484375
759766,1.044130802154541,34695.3125
787083,1.0007457733154297,39759.79296875
657233,0.9154627323150635,30177.794921875
957402,1.0479233264923096,32224.09765625
692654,0.974268913269043,35427.33984375
803238,0.9911282062530518,39124.49609375
854758,1.0289127826690674,31222.515625
836116,1.0607059001922607,34258.7578125
792236,1.0167531967163086,41028.03125
747870,1.0270187854766846,30004.146484375
761963,0.6721124649047852,16432.548828125
