451868,0.44674086570739746,36127.16796875
431399,0.4429745674133301,33212.41796875
480841,0.45622849464416504,36240.79296875
439484,0.4091212749481201,33801.2734375
333835,0.44031429290771484,30400.953125
379109,0.4092106819152832,28341.005859375
510435,0.4046335220336914,33547.68359375
495946,0.40537095069885254,33540.69921875
457528,0.43137145042419434,32943.07421875
472746,0.4202291965484619,35559.05859375
359803,0.4078061580657959,27435.40234375
361395,0.41333580017089844,43490.25
397570,0.447354793548584,33236.953125
448620,0.42310047149658203,37585.953125
372076,0.4412198066711426,37096.94140625
217076,0.39859485626220703,48437.640625
292420,0.4035160541534424,49884.63671875
339449,0.41393351554870605,32891.5078125
382493,0.2766404151916504,18494.314453125
