505620,0.429598331451416,36719.22265625
476980,0.44676733016967773,33003.578125
562126,0.41956591606140137,36498.08984375
488975,0.4081881046295166,35267.3359375
339537,0.383378267288208,33886.16015625
407879,0.42205238342285156,29986.3203125
581441,0.4107387065887451,33369.77734375
570819,0.43657636642456055,32845.0
491588,0.4090125560760498,34244.47265625
495919,0.4366462230682373,38097.375
358341,0.42533040046691895,29785.37109375
390153,0.4019594192504883,46763.97265625
399756,0.38167428970336914,36930.87109375
492566,0.41512584686279297,39830.55859375
395727,0.3583056926727295,40926.6484375
237821,0.4005765914916992,54017.70703125
312177,0.4359726905822754,54365.8671875
375312,0.4089972972869873,34682.484375
425319,0.28395652770996094,19308.408203125
