713602,2.2075207233428955,30035.201171875
649406,1.9929463863372803,28102.75
708678,2.006909132003784,32185.859375
706516,1.937040090560913,26237.86328125
645858,1.9494824409484863,25740.79296875
587974,1.9491102695465088,26128.515625
796901,1.9353582859039307,28186.138671875
815269,1.9677484035491943,27800.6875
705140,2.003305196762085,28122.677734375
759275,1.9388341903686523,32017.416015625
562641,1.9156992435455322,26231.404296875
756279,1.9575469493865967,30613.08984375
662194,1.9752395153045654,28391.966796875
791778,2.0149343013763428,30864.6640625
688363,1.921736240386963,28931.591796875
782804,2.005005359649658,27515.48828125
849767,1.9766721725463867,30029.39453125
623829,1.8353283405303955,26351.87109375
742475,1.3689327239990234,13550.64453125