person 0.9491035342216492 866 188 882 215
person 0.5401390790939331 1081 266 1107 291
person 0.9343488216400146 1073 234 1085 253
person 0.9168794751167297 299 229 316 259
car 0.9950407147407532 837 407 951 483
car 0.9950215816497803 688 365 831 440
car 0.9865286350250244 587 112 617 139
car 0.7564246654510498 85 487 176 551
car 0.8808714151382446 249 416 373 482
car 0.9890055060386658 950 246 1001 268
car 0.9904030561447144 564 177 592 204
car 0.9788135290145874 993 259 1051 293
car 0.9686186909675598 1035 291 1089 324
car 0.9554613828659058 671 156 714 182
car 0.9663012623786926 596 94 622 116
car 0.8235576748847961 6 333 32 366
