person 0.844687819480896 423 210 441 241
person 0.957325279712677 940 241 957 265
person 0.8764506578445435 973 275 990 310
person 0.9536460041999817 297 228 316 258
person 0.8904685378074646 1070 237 1084 260
person 0.8559311628341675 274 256 298 286
car 0.9796746373176575 355 265 435 315
car 0.9683078527450562 563 260 660 315
car 0.9524019956588745 209 369 313 424
car 0.9101887345314026 486 355 592 422
car 0.9776325225830078 556 159 586 188
car 0.9718618392944336 189 331 262 374
car 0.7560333609580994 950 421 1034 514
car 0.99233078956604 511 186 539 210
car 0.9307901859283447 114 379 187 427
car 0.9860551953315735 582 113 616 145
car 0.9742704629898071 16 368 50 405
car 0.9179233908653259 801 245 855 283
car 0.982110321521759 603 155 638 184
car 0.985236406326294 641 159 671 182
car 0.9245535135269165 620 136 649 166
traffic_light 0.5177178382873535 1144 314 1161 338
