person 0.6431124210357666 1104 279 1127 307
person 0.9748393893241882 1070 237 1085 256
person 0.9613127112388611 220 239 237 268
car 0.9938673377037048 806 245 879 303
car 0.9913666844367981 809 309 899 368
car 0.9931324124336243 204 367 311 421
car 0.944311797618866 191 497 307 575
car 0.9738224744796753 177 431 282 499
car 0.9826686382293701 112 380 189 428
car 0.8799480199813843 1121 315 1160 345
car 0.6489197015762329 1020 266 1063 293
car 0.3394795060157776 624 239 676 298
car 0.9917851686477661 615 118 643 146
car 0.9142096638679504 1029 302 1072 330
