person 0.8598058223724365 872 195 886 218
person 0.7780434489250183 1072 237 1084 261
person 0.9103426337242126 297 230 316 261
person 0.8629416823387146 447 214 460 240
car 0.9954907298088074 563 179 592 206
car 0.9691597819328308 601 154 638 185
car 0.9794371724128723 761 165 803 189
car 0.9794734120368958 550 122 577 145
car 0.9824578166007996 645 118 673 141
car 0.9858633875846863 564 168 588 193
car 0.9185572862625122 1022 287 1121 328
car 0.9818738698959351 638 155 666 178
car 0.9526907801628113 660 136 689 161
