person 0.5601869225502014 1141 312 1159 335
person 0.9862005710601807 1070 240 1084 258
person 0.8143447637557983 274 257 299 287
person 0.6581016778945923 1104 279 1128 307
car 0.9937112331390381 694 425 789 567
car 0.9594128727912903 709 250 780 302
car 0.99116450548172 202 368 313 420
car 0.9590052962303162 188 498 310 576
car 0.9888689517974854 613 115 639 141
car 0.958954930305481 1042 325 1112 361
car 0.9919867515563965 595 161 627 190
car 0.9829220771789551 177 431 283 499
car 0.9851769208908081 112 381 189 428
car 0.5297099947929382 1019 267 1063 293
car 0.9835286140441895 56 396 114 431
car 0.9784557223320007 48 437 111 486
car 0.9412863254547119 722 200 786 250
