person 0.9357873201370239 364 237 380 262
person 0.7526863217353821 1105 278 1125 305
person 0.9215126633644104 298 229 315 257
car 0.9881193041801453 330 270 412 320
car 0.9031246900558472 210 367 310 421
car 0.957207202911377 113 380 186 427
car 0.7976786494255066 837 292 919 358
car 0.9943663477897644 596 85 623 102
car 0.982023298740387 639 158 675 184
car 0.9916846752166748 622 133 649 155
car 0.5757284164428711 1021 267 1061 293
car 0.9476494193077087 491 203 528 227
car 0.8681591153144836 660 99 689 116
car 0.9558528661727905 682 158 718 181
traffic_light 0.7893489599227905 1143 312 1160 338
