person 0.8737826347351074 274 256 301 290
person 0.36840274930000305 1143 314 1160 337
person 0.9103626608848572 422 210 444 244
person 0.9654644727706909 1073 236 1085 255
person 0.8829350471496582 912 211 929 241
person 0.5951547622680664 1105 280 1128 305
person 0.920080840587616 1085 241 1102 261
car 0.9752072691917419 245 319 333 368
car 0.9530932307243347 86 311 140 344
car 0.9804288148880005 557 178 589 207
car 0.9189558029174805 728 163 759 185
car 0.9493280053138733 209 370 308 423
car 0.9332519769668579 583 113 617 144
car 0.9931058287620544 512 186 541 209
car 0.7471070885658264 11 371 48 409
car 0.927531898021698 112 379 190 427
car 0.9896464943885803 640 156 672 182
car 0.9897252321243286 597 154 627 181
car 0.6187014579772949 824 256 858 286
car 0.6542221903800964 997 473 1091 607
car 0.486322283744812 642 91 659 108
car 0.619972288608551 1021 268 1066 294
car 0.9825800061225891 591 138 622 164
car 0.9063687920570374 622 135 647 163
traffic_light 0.9761832356452942 887 171 905 193
