person 0.6324993968009949 1143 312 1156 336
person 0.9727818369865417 297 228 315 261
car 0.9659891128540039 198 497 325 576
car 0.9917898178100586 204 284 264 317
car 0.9539783000946045 1019 266 1065 296
car 0.9528496265411377 180 429 290 497
car 0.9687175750732422 949 245 1001 268
car 0.543898344039917 756 171 787 189
car 0.9838992357254028 563 165 589 196
car 0.9557689428329468 569 74 586 86
car 0.9372870922088623 69 434 141 488
car 0.9282215237617493 657 132 684 151
car 0.968302309513092 500 178 538 215
car 0.49930906295776367 1064 245 1087 264
