person 0.6196566224098206 388 412 415 444
person 0.5049954056739807 1105 280 1130 305
person 0.7563098669052124 373 458 395 487
person 0.542167067527771 1141 313 1160 333
person 0.9664334058761597 297 230 314 257
person 0.9350300431251526 272 259 299 287
car 0.9362785220146179 926 377 1005 458
car 0.9594409465789795 208 368 311 420
car 0.9899217486381531 228 300 301 346
car 0.9550436735153198 113 380 188 428
car 0.9873524904251099 614 93 638 110
car 0.9960352778434753 622 132 650 157
car 0.6612735390663147 1020 267 1065 292
car 0.9840564727783203 640 158 674 183
car 0.7965991497039795 1029 302 1071 330
traffic_light 0.7877224087715149 774 211 808 249
traffic_light 0.9926929473876953 481 209 516 245
