person 0.8447448015213013 860 186 876 210
person 0.4855509400367737 1104 278 1128 306
person 0.6534760594367981 1141 313 1157 334
person 0.791973352432251 272 259 298 287
car 0.92171710729599 790 276 896 356
car 0.9934831261634827 205 368 311 422
car 0.915883481502533 189 497 309 576
car 0.7698786854743958 1073 329 1121 360
car 0.9709905982017517 177 430 284 499
car 0.9856158494949341 510 159 540 189
car 0.7771568298339844 1017 266 1064 291
car 0.9836578965187073 111 381 189 427
car 0.8426209092140198 1054 238 1085 257
car 0.7102528214454651 1030 302 1068 329
