person 0.7381525039672852 1134 313 1161 341
person 0.4642626643180847 1104 278 1129 306
person 0.9607036709785461 1069 239 1085 259
person 0.8183993697166443 272 257 298 286
car 0.9043161273002625 190 498 308 576
car 0.9884916543960571 202 367 314 422
car 0.9749560952186584 924 336 1025 396
car 0.9643141031265259 997 232 1040 252
car 0.9168977737426758 1015 266 1065 292
car 0.9502379894256592 176 430 284 499
car 0.9791615009307861 111 381 189 427
car 0.9694246649742126 1028 300 1074 330
car 0.9850416779518127 507 166 539 200
car 0.8360888361930847 548 87 564 102
motorbike 0.7761229276657104 1131 326 1162 350
