person 0.9662172198295593 914 191 928 217
person 0.6277767419815063 1105 279 1128 306
person 0.9265432953834534 1071 239 1085 257
car 0.927740752696991 209 367 309 421
car 0.8580158948898315 617 197 669 252
car 0.9936603903770447 592 142 620 171
car 0.9646434783935547 113 379 186 428
car 0.8467581868171692 571 262 625 334
car 0.8738085031509399 859 308 945 381
car 0.9953706860542297 641 156 675 183
car 0.9738504886627197 584 109 611 132
car 0.989919900894165 677 155 716 183
car 0.9809649586677551 623 132 650 159
car 0.7910852432250977 640 89 660 107
car 0.6603447198867798 1019 267 1064 294
car 0.6020785570144653 514 185 535 214
traffic_light 0.5027906894683838 1143 314 1160 337
