person 0.978308379650116 1072 236 1085 255
person 0.5792853236198425 1105 278 1126 306
car 0.9468163251876831 1069 324 1125 362
car 0.9931895732879639 202 367 312 420
car 0.9033659100532532 189 498 308 576
car 0.8883726596832275 701 234 772 293
car 0.9599493741989136 177 431 283 499
car 0.9775291681289673 112 380 189 428
car 0.7770923972129822 1018 266 1066 294
car 0.9673770070075989 643 130 674 152
car 0.9392783045768738 1029 301 1075 330
traffic_light 0.6706598401069641 1144 313 1159 335
traffic_light 0.6677703261375427 860 187 876 209
