person 0.9145589470863342 1068 240 1082 258
car 0.9928764700889587 555 288 658 350
car 0.9302831888198853 191 499 307 576
car 0.834502100944519 844 445 920 575
car 0.9634426832199097 1017 264 1068 296
car 0.9649300575256348 174 431 282 500
car 0.8303211331367493 898 320 976 377
car 0.9887953996658325 562 165 590 198
car 0.9362704753875732 702 222 749 261
car 0.9152628183364868 817 206 884 233
car 0.9423075318336487 142 381 226 427
car 0.9293224215507507 400 227 472 284
car 0.7979968786239624 68 435 142 492
traffic_light 0.6350646018981934 697 132 725 152
