person 0.9703001976013184 932 237 950 266
person 0.7068253755569458 1106 280 1128 306
person 0.578135073184967 274 257 299 287
person 0.7742929458618164 296 228 318 256
car 0.9875642657279968 655 421 803 544
car 0.977044403553009 296 318 397 375
car 0.956616997718811 379 259 475 304
car 0.9755241274833679 209 367 310 423
car 0.9928984642028809 119 301 169 336
car 0.9855800867080688 558 177 589 207
car 0.914896547794342 900 355 983 433
car 0.9681291580200195 114 379 188 427
car 0.9910550117492676 641 158 673 183
car 0.96236252784729 583 112 616 145
car 0.9864383935928345 512 185 540 210
car 0.9876113533973694 601 154 636 183
motorbike 0.9484614133834839 39 374 69 406
traffic_light 0.44284719228744507 1143 314 1160 337
traffic_light 0.9616996645927429 424 209 440 238
