person 0.5712673664093018 1106 279 1127 304
person 0.6644082069396973 1152 424 1179 468
car 0.8619251251220703 641 249 710 329
car 0.934894859790802 209 368 309 420
car 0.9674717783927917 113 380 186 427
car 0.9705122709274292 962 439 1033 517
car 0.8177796006202698 591 366 656 469
car 0.9971766471862793 587 117 616 142
car 0.9388735294342041 663 95 692 121
car 0.9100378751754761 790 223 849 273
car 0.9904186129570007 602 162 635 195
car 0.9948439598083496 621 131 653 160
car 0.9938803911209106 642 157 673 183
car 0.8211676478385925 1018 266 1066 293
traffic_light 0.5195123553276062 1143 315 1161 337
