person 0.8015419840812683 272 257 298 286
car 0.9935675263404846 203 367 312 422
car 0.9813220500946045 686 215 753 273
car 0.9282986521720886 190 499 309 576
car 0.9402784705162048 996 365 1064 416
car 0.9733688831329346 176 430 283 499
car 0.9941377639770508 618 89 642 107
car 0.6262208819389343 1132 310 1162 334
car 0.7747159004211426 1019 267 1064 292
car 0.9855085015296936 111 381 191 427
car 0.9518814086914062 1028 301 1074 330
car 0.9736459255218506 548 87 565 104
car 0.6341680884361267 1149 350 1181 378
car 0.8917003870010376 67 434 142 489
traffic_light 0.3203105330467224 1103 278 1131 307
