person 0.6757497787475586 1143 311 1159 338
car 0.9332866072654724 411 325 511 384
car 0.9619030952453613 1017 264 1069 296
car 0.8835662603378296 173 432 283 497
car 0.8135900497436523 189 497 309 577
car 0.9975593090057373 790 450 875 574
car 0.990288257598877 564 177 591 205
car 0.9657588005065918 515 118 542 147
car 0.8309953212738037 822 207 880 232
car 0.7698158025741577 68 435 140 491
car 0.9937822222709656 215 289 281 337
car 0.9644969701766968 511 177 539 203
traffic_light 0.7403162717819214 719 211 743 241
traffic_light 0.7872341871261597 1106 272 1120 295
