person 0.6126403212547302 1143 315 1162 336
person 0.5374819040298462 1105 281 1131 306
person 0.6406184434890747 389 473 415 509
person 0.8864830136299133 298 229 315 257
person 0.9603848457336426 1071 235 1086 256
person 0.7252362966537476 365 526 393 554
person 0.8401990532875061 1158 285 1175 310
car 0.9341042041778564 209 368 311 422
car 0.9708061814308167 327 257 395 306
car 0.7559564709663391 72 337 116 372
car 0.9696897864341736 113 381 187 427
car 0.8301386833190918 932 331 1010 402
car 0.9308579564094543 1095 340 1139 384
car 0.61592698097229 1019 266 1063 292
car 0.9708293080329895 639 112 667 132
car 0.9353022575378418 1028 300 1077 331
car 0.9931769371032715 620 135 652 160
car 0.9076319932937622 996 233 1034 252
