person 0.5051044821739197 1141 313 1159 337
person 0.7100031971931458 1069 239 1082 258
person 0.8315945863723755 864 188 882 215
bicycle 0.9108309149742126 724 408 769 451
car 0.9951855540275574 525 293 642 356
car 0.9819352626800537 267 365 365 421
car 0.9826347231864929 561 161 588 191
car 0.9634507894515991 925 319 987 375
car 0.9258285760879517 176 431 280 499
car 0.8146034479141235 192 498 307 576
car 0.9718334674835205 69 434 141 489
car 0.9133041501045227 852 472 930 606
car 0.9121869206428528 822 206 880 233
car 0.9866353869438171 1 400 52 436
car 0.9862604737281799 491 200 529 230
car 0.5866013169288635 708 202 742 230
car 0.9754281640052795 2 477 63 565
traffic_light 0.8692852854728699 1105 274 1119 294
