person 0.6565802693367004 1142 313 1160 336
person 0.9601671695709229 939 193 952 219
person 0.557257890701294 1105 280 1130 305
car 0.9237662553787231 207 368 311 422
car 0.9633768796920776 113 380 187 427
car 0.9839572906494141 595 155 629 181
car 0.9514651894569397 797 229 837 266
car 0.9807041883468628 641 156 674 183
car 0.7180372476577759 1020 267 1063 293
car 0.9559507966041565 622 130 651 159
car 0.9633837342262268 698 139 736 163
car 0.9358744621276855 511 190 536 217
car 0.9353441596031189 641 258 694 320
motorbike 0.6499258875846863 1055 337 1098 373
truck 0.4959421753883362 751 537 892 696
