person 0.5573031902313232 1104 280 1128 306
person 0.5435523986816406 1143 315 1160 338
person 0.71878981590271 1058 237 1080 256
car 0.9117257595062256 208 366 311 422
car 0.9818472266197205 114 379 185 428
car 0.9667865633964539 824 242 884 291
car 0.9902428984642029 135 322 203 361
car 0.7882522344589233 1020 266 1064 292
car 0.845866322517395 405 227 475 281
car 0.8533121347427368 727 172 758 192
car 0.9857202172279358 640 157 675 181
car 0.3783631920814514 1049 481 1130 565
car 0.9891899824142456 621 134 651 157
traffic_light 0.5193058252334595 395 438 422 469
