person 0.41976672410964966 1022 266 1061 293
person 0.7184394598007202 1105 278 1126 305
person 0.977429986000061 1069 238 1083 258
person 0.7426888346672058 274 257 299 287
car 0.9805306196212769 203 368 312 420
car 0.8669688105583191 171 500 284 571
car 0.9293929934501648 169 433 266 499
car 0.9757962226867676 113 381 187 428
car 0.9702804088592529 57 397 114 435
car 0.9747169613838196 607 110 632 132
car 0.9927627444267273 640 158 673 183
car 0.9760948419570923 4 349 35 381
car 0.9796655774116516 657 134 691 157
car 0.9889253973960876 622 138 649 160
car 0.9819108843803406 678 158 718 183
car 0.7211834192276001 899 219 941 244
traffic_light 0.5894458889961243 659 108 679 130
traffic_light 0.5180009603500366 1140 311 1160 336
