person 0.9715951681137085 296 231 315 261
person 0.8197189569473267 884 186 898 212
person 0.8409816026687622 866 187 881 208
car 0.967409610748291 1016 263 1068 295
car 0.9749190211296082 640 116 664 137
car 0.9902162551879883 950 245 1001 268
car 0.9084978699684143 188 498 313 575
car 0.927947998046875 174 432 283 498
car 0.9915178418159485 564 177 591 206
car 0.8346185088157654 773 179 825 210
car 0.8850710391998291 278 256 347 306
car 0.7753710746765137 68 435 140 490
car 0.9696717262268066 501 175 537 212
