person 0.8679289817810059 1072 237 1086 257
person 0.5260080695152283 1105 279 1127 305
car 0.9516541957855225 208 368 310 422
car 0.9752069115638733 113 381 186 428
car 0.9942571520805359 621 131 651 156
car 0.8804233074188232 878 335 948 399
car 0.9570666551589966 731 170 764 190
car 0.9207203984260559 490 213 528 242
car 0.7579724192619324 1087 481 1136 555
car 0.626461923122406 1020 267 1065 293
car 0.980223536491394 641 158 674 183
car 0.5737821459770203 512 166 537 195
traffic_light 0.5763280987739563 377 262 390 292
traffic_light 0.6858690977096558 1143 316 1162 338
