person 0.7128196358680725 1106 278 1126 305
person 0.9682954549789429 1072 238 1086 258
car 0.9485683441162109 210 367 311 422
car 0.9659706354141235 113 379 186 428
car 0.9875447750091553 590 89 616 108
car 0.903449296951294 812 255 873 312
car 0.6397200226783752 1018 268 1066 294
car 0.9905530214309692 621 133 651 157
car 0.985551118850708 640 157 675 183
car 0.4972946047782898 1082 375 1121 411
car 0.9728593230247498 659 133 690 155
truck 0.5785536766052246 289 498 428 576
traffic_light 0.6199806332588196 1142 313 1159 337
