person 0.9061823487281799 898 204 909 228
person 0.9689205288887024 1072 237 1085 257
person 0.7104783654212952 1105 281 1127 305
person 0.8198111653327942 426 211 446 247
person 0.7553669214248657 273 258 299 289
car 0.9348239302635193 206 367 311 422
car 0.9650905728340149 113 380 187 427
car 0.9868220090866089 584 114 616 145
car 0.993448793888092 607 157 640 187
car 0.6975906491279602 676 121 707 141
car 0.9762212634086609 621 133 650 161
car 0.935289740562439 560 188 593 224
car 0.990117609500885 643 156 671 182
car 0.9474694132804871 649 88 674 109
car 0.6042603254318237 1023 267 1064 292
car 0.9096484780311584 1 372 23 421
traffic_light 0.6139156222343445 1143 314 1161 337
