person 0.9017857909202576 421 210 442 248
person 0.8798903226852417 274 256 298 288
person 0.9465538263320923 299 230 318 259
car 0.9464085698127747 202 368 314 426
car 0.9237594604492188 7 402 52 439
car 0.9890295267105103 582 114 613 145
car 0.980958878993988 517 158 539 179
car 0.9958348274230957 594 151 630 182
car 0.9142898917198181 549 96 563 113
car 0.9408800601959229 621 133 649 166
traffic_light 0.9414651393890381 1143 314 1160 338
traffic_light 0.9610119462013245 891 213 901 236
traffic_light 0.7988855242729187 1070 238 1082 260
