person 0.6921614408493042 1141 316 1155 337
person 0.9521116018295288 299 229 317 259
car 0.9974752068519592 832 407 952 485
car 0.9716252088546753 379 295 493 355
car 0.9874057173728943 793 239 868 277
car 0.9954336285591125 890 272 961 307
car 0.993237316608429 563 179 594 204
car 0.9633737802505493 1064 376 1114 414
car 0.9907813668251038 984 245 1038 273
car 0.991157591342926 597 154 628 180
car 0.9259504079818726 1024 294 1103 345
car 0.9646430015563965 669 158 715 182
car 0.8259290456771851 1067 325 1110 359
car 0.9713174104690552 618 136 646 161
car 0.8949753046035767 501 177 537 213
car 0.8871451616287231 1074 257 1123 289
