person 0.5947728157043457 1105 278 1128 307
person 0.2992667257785797 850 237 880 270
person 0.970063328742981 1070 237 1085 257
car 0.9468774795532227 210 368 310 421
car 0.9675225019454956 114 380 187 428
car 0.8073089718818665 874 334 958 415
car 0.982848048210144 599 99 624 117
car 0.9945173859596252 621 134 650 156
car 0.9294915199279785 52 400 106 437
car 0.5099223852157593 1022 267 1063 293
car 0.9878172278404236 416 217 492 269
car 0.9838628172874451 641 158 675 183
car 0.8186644315719604 49 437 119 493
car 0.984181821346283 659 133 692 153
traffic_light 0.6047058701515198 838 231 871 262
