person 0.4756194055080414 1104 278 1127 305
car 0.977607786655426 597 96 624 118
car 0.9034587144851685 210 368 310 421
car 0.9635364413261414 115 380 186 427
car 0.9879393577575684 33 401 88 436
car 0.7511023283004761 919 311 992 378
car 0.936525821685791 899 219 949 244
car 0.9944105744361877 621 134 651 158
car 0.7582547068595886 1020 266 1066 293
car 0.9820026159286499 14 438 75 490
car 0.9896129965782166 641 158 674 183
motorbike 0.8693323135375977 1111 354 1141 386
traffic_light 0.8551883101463318 1140 309 1157 335
