person 0.9004886150360107 1071 238 1084 261
person 0.884914755821228 924 193 933 217
person 0.9250332713127136 439 211 454 236
person 0.8982593417167664 297 229 316 260
car 0.9932190775871277 564 180 592 206
car 0.9839514493942261 601 155 636 185
car 0.993055522441864 556 134 584 158
car 0.9262402653694153 1021 288 1122 328
car 0.9920952916145325 637 156 667 179
car 0.970358669757843 658 137 690 163
car 0.9818638563156128 563 169 588 194
car 0.9864458441734314 675 157 713 180
traffic_light 0.7261635065078735 872 196 885 218
