person 0.6605292558670044 857 187 877 212
person 0.9818423986434937 1071 237 1084 256
person 0.5121614933013916 1105 279 1128 305
person 0.8165721893310547 1141 311 1159 336
person 0.7884849905967712 274 257 298 286
car 0.9791868925094604 800 238 877 296
car 0.992459237575531 203 367 312 423
car 0.9424570798873901 190 498 308 576
car 0.9191111326217651 1121 344 1160 386
car 0.9707151651382446 176 430 283 499
car 0.9883586168289185 613 119 639 144
car 0.983293890953064 112 381 189 427
car 0.572435736656189 1021 267 1063 293
car 0.8597718477249146 1030 303 1072 329
