person 0.5359330177307129 1143 312 1159 338
car 0.9759736657142639 1016 264 1068 297
car 0.6931279301643372 255 364 353 416
car 0.9774887561798096 310 266 382 311
car 0.9589006900787354 840 367 923 439
car 0.7010752558708191 189 498 308 576
car 0.9835494756698608 663 242 739 294
car 0.7901273965835571 174 431 282 497
car 0.6041340827941895 731 186 761 214
car 0.9768209457397461 563 164 590 198
car 0.863347589969635 821 206 881 232
car 0.8555727005004883 69 435 140 489
car 0.9525942802429199 514 160 539 186
traffic_light 0.584841787815094 1105 271 1121 295
