person 0.747513473033905 1087 382 1114 416
person 0.7053752541542053 1106 279 1127 304
person 0.398084819316864 1140 335 1167 368
person 0.7915539145469666 969 191 984 216
person 0.9633675813674927 1070 239 1085 260
person 0.7918819785118103 1141 314 1161 339
car 0.9151804447174072 209 368 311 422
car 0.9794116616249084 595 94 622 116
car 0.9393754601478577 113 379 187 427
car 0.9587492346763611 548 570 693 688
car 0.9826990365982056 506 167 540 199
car 0.615744411945343 1022 266 1065 292
car 0.9657670259475708 9 404 58 440
car 0.9844352602958679 640 158 674 184
car 0.9925927519798279 621 132 651 156
car 0.8090739250183105 902 220 947 242
car 0.514101505279541 1031 303 1070 329
