person 0.8173142075538635 423 213 443 248
person 0.8963546752929688 274 256 298 288
person 0.9433771967887878 299 229 318 260
car 0.9502564072608948 206 368 313 425
car 0.9320534467697144 832 523 960 674
car 0.8371673822402954 38 398 88 436
car 0.9897538423538208 583 113 613 146
car 0.87237548828125 549 98 569 121
car 0.9803756475448608 512 164 538 194
car 0.9947066903114319 594 151 630 182
car 0.9055972695350647 621 132 649 166
traffic_light 0.8428345322608948 1143 313 1160 339
traffic_light 0.8701000213623047 1070 238 1082 259
