person 0.5838810205459595 1105 278 1126 306
person 0.9637436866760254 1070 237 1084 257
car 0.9923823475837708 204 367 312 421
car 0.8944108486175537 192 499 306 576
car 0.9771853089332581 177 431 282 499
car 0.9890552759170532 608 109 636 132
car 0.9948786497116089 633 153 669 183
car 0.9825248122215271 111 381 188 428
car 0.9859299063682556 58 396 114 435
car 0.5324181318283081 1020 267 1066 293
car 0.9838999509811401 688 164 726 193
car 0.9458380937576294 31 435 91 487
traffic_light 0.7206230163574219 1141 311 1159 336
