person 0.9710907340049744 892 212 908 241
person 0.7112219929695129 423 211 443 243
person 0.9796581268310547 1072 237 1085 257
person 0.8047317862510681 274 256 299 288
person 0.7075707912445068 1106 279 1127 305
car 0.9592041969299316 207 367 311 424
car 0.9868664741516113 557 178 590 207
car 0.9599137902259827 584 111 617 144
car 0.9903340935707092 642 156 674 182
car 0.9745979309082031 116 376 187 428
car 0.9315505623817444 900 354 981 432
car 0.9834792613983154 30 328 75 356
car 0.39917513728141785 759 193 786 215
car 0.993787407875061 132 336 204 377
car 0.7256068587303162 690 132 717 152
car 0.9704271554946899 557 166 585 194
car 0.8499196171760559 513 186 537 213
car 0.992455244064331 597 155 627 180
car 0.9618499279022217 621 134 647 163
car 0.7047287821769714 1021 266 1065 294
car 0.9248446226119995 617 69 639 84
traffic_light 0.7104743123054504 1143 315 1160 338
