person 0.8791331052780151 1071 237 1084 262
person 0.9026703834533691 441 213 454 238
person 0.9279979467391968 298 229 317 260
car 0.9949275255203247 563 179 592 205
car 0.9713035821914673 601 156 637 186
car 0.986599326133728 555 132 583 154
car 0.9805362224578857 730 139 763 161
car 0.904547393321991 1022 287 1121 328
car 0.9745844602584839 637 156 668 180
car 0.9653971195220947 655 135 688 162
car 0.9814412593841553 677 158 715 181
car 0.9826745390892029 648 121 674 141
traffic_light 0.8343197703361511 873 195 886 217
traffic_light 0.7847935557365417 1139 318 1156 339
