person 0.5875399708747864 1143 312 1159 337
person 0.6256507039070129 1105 273 1120 294
car 0.8538240790367126 191 498 307 575
car 0.9086698293685913 174 432 281 497
car 0.9822427034378052 62 333 104 367
car 0.9625420570373535 1016 261 1065 294
car 0.9409459829330444 615 85 634 100
car 0.9112186431884766 68 436 141 489
car 0.8837227821350098 819 205 882 232
car 0.9727193117141724 515 140 541 169
car 0.9664615392684937 670 231 729 272
car 0.9740816354751587 563 177 591 207
car 0.3905041813850403 491 207 518 236
car 0.716599702835083 1004 245 1036 266
