person 0.8336221575737 1073 234 1084 254
person 0.7047291398048401 866 189 880 211
person 0.4194687306880951 1143 315 1156 337
car 0.90061354637146 468 470 627 558
car 0.8487693071365356 360 408 500 483
car 0.9886183738708496 950 245 1002 268
car 0.9732720255851746 572 94 597 116
car 0.9721746444702148 1018 256 1064 293
car 0.9894194602966309 564 178 591 205
car 0.7114658355712891 147 492 261 563
car 0.9668422937393188 1053 284 1107 320
car 0.5503929257392883 124 436 203 489
truck 0.6493496298789978 149 502 264 573
traffic_light 0.6332421898841858 885 189 899 214
traffic_light 0.4926159977912903 453 203 465 232
