451868,0.2839188575744629,36127.16796875
431399,0.29024767875671387,33212.41796875
480841,0.27144718170166016,36240.79296875
439484,0.40563035011291504,33801.2734375
333835,0.4021930694580078,30400.953125
379109,0.3933138847351074,28341.005859375
510435,0.39813685417175293,33547.68359375
495946,0.5755710601806641,33540.69921875
457528,0.41874027252197266,32943.07421875
472746,0.3991408348083496,35559.05859375
359803,0.3934197425842285,27435.40234375
361395,0.40291428565979004,43490.25
397570,0.40233945846557617,33236.953125
448620,0.40349602699279785,37585.953125
372076,0.39563798904418945,37096.94140625
217076,0.39816856384277344,48437.640625
292420,0.39875292778015137,49884.63671875
339449,0.42200183868408203,32891.5078125
382493,0.2915792465209961,18494.314453125
