202410,0.1138007640838623,109422.6953125
187111,0.12032842636108398,87113.7578125
197505,0.11987686157226562,126912.25
239677,0.16480278968811035,87986.3828125
190982,0.17666888236999512,91914.6171875
185949,0.17406630516052246,78687.8046875
226281,0.17825794219970703,111645.859375
190246,0.17467880249023438,115542.3828125
174123,0.16247916221618652,102678.4453125
181358,0.17851972579956055,138745.859375
185533,0.1747744083404541,69698.671875
199359,0.18079257011413574,137217.984375
167707,0.1872882843017578,109597.3046875
178590,0.18787288665771484,150648.078125
163948,0.17628216743469238,107945.0546875
181010,0.19112229347229004,139713.09375
193742,0.176605224609375,157023.953125
174713,0.17980623245239258,88223.0859375
171584,0.1406998634338379,74466.59375
