347550,0.29060864448547363,33552.8828125
343504,0.2804379463195801,30954.0703125
278176,0.2700228691101074,40088.55859375
311194,0.3896369934082031,29046.87890625
373920,0.39863133430480957,28126.435546875
339810,0.37412357330322266,25995.7109375
385628,0.3996577262878418,32772.45703125
374708,0.40090370178222656,33389.8671875
394177,0.39324378967285156,30420.150390625
302638,0.4009439945220947,38301.82421875
319085,0.37442564964294434,25225.3828125
445017,0.3967299461364746,31820.078125
306221,0.3910541534423828,32484.80859375
447056,0.3929781913757324,31607.552734375
378885,0.3993411064147949,30799.33984375
345424,0.37249279022216797,35265.7265625
397137,0.37272119522094727,35649.109375
347122,0.39206814765930176,27703.173828125
391225,0.28670239448547363,14977.9189453125
