362915,0.28276753425598145,30799.95703125
308585,0.37137532234191895,26051.23046875
304373,0.27449941635131836,36749.62890625
371361,0.3946402072906494,26404.90234375
317031,0.38927388191223145,23325.212890625
275748,0.39008092880249023,22995.13671875
393214,0.4035673141479492,29226.6875
369616,0.38611364364624023,29909.03125
299525,0.4263288974761963,30057.216796875
281539,0.3993360996246338,37128.66015625
254855,0.3927180767059326,19944.8984375
367809,0.3975250720977783,33826.08984375
264977,0.40563321113586426,32163.099609375
314237,0.37247633934020996,36794.8515625
284009,0.3698091506958008,33629.9140625
223625,0.39156198501586914,39562.2421875
231289,0.3690907955169678,42598.66796875
266478,0.3941183090209961,27454.900390625
298537,0.30654191970825195,18231.255859375
