775497,1.4371533393859863,60961.91015625
716351,1.3229105472564697,57206.5859375
794589,2.8764636516571045,62955.16796875
666779,1.731513261795044,60816.49609375
717557,1.7223451137542725,53292.55859375
573802,1.7097272872924805,58873.0625
905316,1.719224452972412,56138.484375
849958,1.7314941883087158,56528.359375
769698,1.7193717956542969,57068.5703125
873534,1.7137458324432373,61760.12109375
610374,1.786165475845337,54566.3359375
875440,1.7236592769622803,59404.6796875
615092,1.7282688617706299,63936.1640625
866135,1.7358028888702393,62156.80078125
767145,1.7275547981262207,57450.796875
823663,1.7083828449249268,58154.32421875
894780,1.7218143939971924,61660.91015625
685859,1.709775686264038,54509.890625
801855,1.2811715602874756,29236.3671875
