718254,1.4919779300689697,47418.83203125
620239,0.6271021366119385,46804.48046875
720915,0.715268611907959,49772.62109375
621953,0.8439788818359375,47911.12890625
609177,0.8566265106201172,44560.57421875
502303,0.847327470779419,47507.6875
754300,0.8615000247955322,46617.05859375
772714,0.874929666519165,46351.12109375
632292,0.8471128940582275,48194.0390625
707743,0.8739850521087646,51401.3828125
495633,0.8560030460357666,45573.5390625
764573,0.8490500450134277,47688.05859375
510583,0.8753757476806641,52505.015625
723377,0.8606791496276855,51037.82421875
640590,0.8583483695983887,47459.53515625
687285,0.8789865970611572,48922.03125
745880,0.8504579067230225,51254.94140625
525279,0.8551578521728516,47927.40234375
663389,0.6382308006286621,22958.462890625
