441816,0.30270934104919434,37114.046875
461444,0.2856466770172119,31806.548828125
465806,0.2835397720336914,37389.3515625
510765,0.3760664463043213,30583.880859375
436160,0.4072279930114746,30635.48046875
383588,0.39454197883605957,28695.388671875
539489,0.39806222915649414,32195.9765625
496322,0.39648890495300293,33836.1875
456326,0.42217063903808594,33321.40234375
475455,0.4055519104003906,35664.5546875
361260,0.3917100429534912,27796.1640625
465006,0.4014425277709961,37906.45703125
395419,0.40004515647888184,33720.92578125
440558,0.4047415256500244,38538.22265625
381849,0.40778422355651855,36961.60546875
402400,0.3978245258331299,39629.7578125
458862,0.4019334316253662,40199.171875
400847,0.4040539264678955,30140.587890625
503218,0.30454492568969727,14214.271484375
