501372,0.2841460704803467,37703.01953125
475166,0.2840867042541504,33960.88671875
557231,0.2978544235229492,37478.66796875
489420,0.3976607322692871,35847.39453125
340377,0.39850783348083496,34795.375
423563,0.40545201301574707,30543.4609375
570740,0.4281330108642578,34737.99609375
565651,0.40685510635375977,34046.25390625
486066,0.41614842414855957,35308.3125
537639,0.4223794937133789,36691.4453125
370161,0.39318346977233887,29810.83984375
401305,0.4199998378753662,47039.9140625
455677,0.39858126640319824,34119.74609375
471815,0.3970456123352051,41920.99609375
414253,0.3969700336456299,40189.07421875
240788,0.365006685256958,54883.20703125
319066,0.3934500217437744,54736.6328125
375401,0.4088170528411865,35149.44921875
421625,0.3101999759674072,19659.439453125
