842760,0.7211644649505615,69863.2421875
721527,0.6332402229309082,70527.078125
843022,0.640045166015625,73696.578125
650257,0.882605791091919,76752.0
723149,0.8583409786224365,66063.625
478067,0.8439469337463379,80894.40625
864418,0.8851351737976074,69976.8671875
873659,1.1336629390716553,69166.078125
749456,0.8578848838806152,71180.2109375
818634,0.8726825714111328,75890.1328125
575538,0.8295769691467285,68362.3203125
863011,0.8681554794311523,72952.3359375
536939,0.8555905818939209,82265.3203125
809932,0.8646993637084961,77560.5859375
718996,0.8459377288818359,72613.1640625
757426,0.8492774963378906,75843.96875
850083,0.8496553897857666,77006.4296875
638880,0.854057788848877,69927.359375
749302,0.6636126041412354,35751.37890625
