506705,0.2973349094390869,37397.02734375
475014,0.2872014045715332,33561.91796875
554096,0.29443359375,37628.234375
499725,0.4007997512817383,35232.7578125
349587,0.4107379913330078,34757.82421875
406247,0.4062521457672119,30785.033203125
582265,0.4188976287841797,34011.52734375
574855,0.4207038879394531,33419.1953125
490585,0.4041168689727783,35015.67578125
539914,0.4088878631591797,36455.109375
374729,0.3737049102783203,29792.6640625
404840,0.39925217628479004,47003.0625
451168,0.43400144577026367,34347.3125
482123,0.4041411876678467,41234.3203125
410527,0.39518237113952637,40552.1484375
239979,0.4047696590423584,56133.73046875
320247,0.40819621086120605,54707.71484375
377670,0.4012453556060791,35101.86328125
421746,0.30609917640686035,19661.57421875
