496500,0.29033923149108887,38324.48828125
463575,0.3811631202697754,35320.16796875
531714,0.3020763397216797,38860.625
485081,0.39002180099487305,36012.06640625
356960,0.37221741676330566,37495.59765625
451250,0.3971598148345947,29430.611328125
556910,0.4023294448852539,35769.51953125
553668,0.39661359786987305,35088.0
504342,0.4318370819091797,34680.48828125
524778,0.5297002792358398,37598.01171875
416777,0.37680959701538086,28939.724609375
397512,0.40665745735168457,47386.3359375
415160,0.4287574291229248,36716.6796875
487865,0.4093167781829834,40892.60546875
410507,0.39395856857299805,40286.015625
232564,0.3932011127471924,54591.0625
320415,0.4067549705505371,54342.21875
368050,0.4265727996826172,35569.0078125
428714,0.3035774230957031,19131.3046875
