91446,0.04344439506530762
82484,0.041800737380981445
87741,0.05196332931518555
90992,0.0451507568359375
75336,0.047351837158203125
87529,0.037087440490722656
77612,0.04535055160522461
87826,0.04410219192504883
104333,0.06614303588867188
93941,0.05870199203491211
81079,0.05053877830505371
74190,0.036606550216674805
81658,0.05943560600280762
80974,0.05121350288391113
75558,0.02159905433654785
75820,0.03687691688537598
74349,0.017374038696289062
79218,0.06125044822692871
74814,0.07370591163635254
79723,0.04693341255187988
83679,0.0347447395324707
74935,0.03794503211975098
85609,0.02611374855041504
78188,0.03101825714111328
77981,0.032669782638549805
90286,0.019382715225219727
76189,0.030168533325195312
88423,0.038567304611206055
79456,0.0360720157623291
85769,0.04893326759338379
109129,0.06550812721252441
83457,0.020642995834350586
69923,0.021846294403076172
77349,0.019646883010864258
82403,0.03598523139953613
92938,0.05409502983093262
85514,0.049047231674194336
81970,0.02295231819152832
73361,0.016246557235717773
78073,0.016927480697631836
94934,0.0386965274810791
72414,0.03267025947570801
99570,0.026267528533935547
91577,0.021935701370239258
74134,0.03185462951660156
87038,0.036580801010131836
84089,0.03153586387634277
83258,0.02240586280822754
84510,0.031293392181396484
99567,0.04725289344787598
75668,0.019904375076293945
79050,0.020982027053833008
104983,0.04242420196533203
91804,0.03356432914733887
91569,0.01764965057373047
91827,0.023046493530273438
85658,0.03191375732421875
77563,0.022359371185302734
100332,0.03541207313537598
86577,0.035184621810913086
