56465,0.03976035118103027
41039,0.024063587188720703
28407,0.026287078857421875
54822,0.026721477508544922
26922,0.028463125228881836
44409,0.03290724754333496
23543,0.028466463088989258
36801,0.0364229679107666
50068,0.0395808219909668
42392,0.03606414794921875
41027,0.02497553825378418
30458,0.01276540756225586
27277,0.010575532913208008
38802,0.023804664611816406
33966,0.035030364990234375
36084,0.03353309631347656
31661,0.03920245170593262
31030,0.04037976264953613
33478,0.04154825210571289
48844,0.011406660079956055
40339,0.016022205352783203
42227,0.010767936706542969
57528,0.02520132064819336
35642,0.010823726654052734
39150,0.011067628860473633
77363,0.013508081436157227
42845,0.013906478881835938
72367,0.012095928192138672
38223,0.025446653366088867
58689,0.01745748519897461
83166,0.016008615493774414
44484,0.011235952377319336
37371,0.010943889617919922
34144,0.013710975646972656
36520,0.011243581771850586
53682,0.016034603118896484
40911,0.011627912521362305
48317,0.014535903930664062
30886,0.010930061340332031
39677,0.010702133178710938
47404,0.02478957176208496
40455,0.011033296585083008
70870,0.02531599998474121
31248,0.012080907821655273
40718,0.010929584503173828
39171,0.014992475509643555
45606,0.012081384658813477
44213,0.013577461242675781
51934,0.011886358261108398
52062,0.01668524742126465
44376,0.011298179626464844
48089,0.01128387451171875
39213,0.022915363311767578
43084,0.029875755310058594
42611,0.011263608932495117
53606,0.012395381927490234
65635,0.026793241500854492
29575,0.014852523803710938
32967,0.026066303253173828
47279,0.011632919311523438
