12653,0.011152982711791992
9027,0.010377883911132812
6439,0.010499715805053711
12839,0.014997482299804688
7304,0.009249210357666016
7858,0.018790721893310547
5713,0.012003421783447266
6893,0.014492034912109375
9428,0.015715360641479492
7553,0.012856006622314453
7271,0.013503313064575195
7358,0.016405344009399414
4942,0.008273124694824219
6841,0.008103609085083008
8805,0.017722606658935547
7519,0.012405157089233398
5876,0.016816139221191406
6672,0.01294255256652832
7615,0.017332792282104492
12088,0.013136625289916992
6922,0.008926630020141602
11023,0.006770133972167969
13746,0.022015094757080078
7919,0.013904094696044922
7838,0.005437374114990234
44906,0.0066471099853515625
8675,0.015171527862548828
44475,0.01735854148864746
6050,0.016051530838012695
36298,0.006942033767700195
30192,0.01935601234436035
8054,0.011272192001342773
9012,0.012060403823852539
8028,0.010911941528320312
8472,0.01166081428527832
10638,0.010859966278076172
8903,0.008128643035888672
9250,0.01398158073425293
6069,0.013262510299682617
8190,0.010708093643188477
7582,0.007738351821899414
10286,0.011499881744384766
16533,0.006048440933227539
6666,0.005152702331542969
10174,0.010693073272705078
8844,0.00821065902709961
11746,0.012335777282714844
7685,0.005453348159790039
10737,0.00811314582824707
8721,0.007061958312988281
12363,0.011232852935791016
12320,0.007379055023193359
7647,0.005765199661254883
7264,0.016443490982055664
7009,0.007109403610229492
11367,0.005666971206665039
40110,0.008883237838745117
6103,0.007772922515869141
6586,0.006006717681884766
11453,0.011985301971435547
