person 0.9653806090354919 1070 240 1084 259
person 0.7961033582687378 1110 277 1126 303
person 0.8684921860694885 1141 311 1159 333
car 0.9965879917144775 423 312 536 374
car 0.9328569769859314 189 500 309 576
car 0.9433724284172058 178 371 269 425
car 0.9638747572898865 173 429 282 499
car 0.9286360144615173 1017 265 1067 293
car 0.9607589244842529 1056 286 1101 316
car 0.869732677936554 68 436 141 487
car 0.918001651763916 78 395 136 433
car 0.9248162508010864 850 206 927 244
car 0.9710756540298462 551 120 577 146
