person 0.9007562398910522 1069 240 1083 259
car 0.9900926947593689 556 287 659 350
car 0.9166339635848999 192 499 307 576
car 0.8949243426322937 844 446 920 573
car 0.961990237236023 174 430 281 501
car 0.9620775580406189 1017 264 1068 296
car 0.8237448930740356 898 319 976 378
car 0.988497257232666 562 164 591 198
car 0.949840784072876 701 220 750 261
car 0.901433527469635 142 380 226 427
car 0.9161545634269714 816 206 884 233
car 0.9522456526756287 399 228 472 284
car 0.6661678552627563 68 434 141 492
