person 0.6073824167251587 1141 313 1159 336
person 0.5263808965682983 1105 278 1128 305
person 0.7820915579795837 273 257 299 287
person 0.8581987619400024 858 187 875 211
person 0.9825647473335266 1071 237 1086 258
car 0.9927269220352173 203 366 311 421
car 0.9458693861961365 188 498 309 576
car 0.9940350651741028 618 128 653 157
car 0.9645479321479797 177 430 283 499
car 0.9542772769927979 1038 374 1099 414
car 0.8551278114318848 772 222 842 270
car 0.6005920767784119 1020 267 1066 293
car 0.9797905683517456 111 380 189 428
car 0.4879073202610016 1153 242 1176 262
car 0.9952136278152466 585 127 615 153
