person 0.9802323579788208 892 211 909 241
person 0.9855276346206665 1072 237 1085 257
person 0.6290868520736694 423 211 442 243
person 0.7454379200935364 274 257 299 288
person 0.6878748536109924 1106 278 1128 306
car 0.9508654475212097 207 366 310 424
car 0.9887732863426208 557 178 590 207
car 0.9361338019371033 899 354 981 432
car 0.9731348156929016 116 376 186 428
car 0.9552629590034485 584 112 617 144
car 0.9927278757095337 642 156 674 182
car 0.9864939451217651 30 328 76 357
car 0.44805553555488586 759 193 786 215
car 0.9733296036720276 557 166 585 194
car 0.9194811582565308 513 186 538 213
car 0.9931448698043823 602 154 636 182
car 0.9928515553474426 132 336 204 377
car 0.7582076191902161 690 132 718 152
car 0.9590396881103516 620 135 646 163
car 0.6903772950172424 1020 266 1065 294
car 0.9243133664131165 617 68 639 84
car 0.9832030534744263 592 137 623 165
traffic_light 0.599618673324585 1142 315 1159 339
