person 0.3795579969882965 1143 315 1161 339
person 0.3741665780544281 1152 427 1180 467
person 0.5285876393318176 732 175 757 196
car 0.983803927898407 686 365 759 468
car 0.8484994769096375 922 384 1007 476
car 0.9474887847900391 210 367 309 422
car 0.8585333824157715 899 282 966 345
car 0.9705259203910828 113 379 186 428
car 0.9921230673789978 639 157 676 184
car 0.5044652819633484 789 187 824 214
car 0.9475392699241638 639 89 667 108
car 0.9918981790542603 622 133 650 155
car 0.9822600483894348 502 202 537 226
car 0.9407932162284851 610 63 636 79
car 0.9674965143203735 1026 298 1078 332
car 0.5819547176361084 1102 278 1136 307
car 0.9683813452720642 671 112 701 135
car 0.7997356653213501 1019 266 1066 294
motorbike 0.663564145565033 739 180 762 200
traffic_light 0.9876120686531067 418 308 439 341
