person 0.9565070271492004 1073 235 1084 255
car 0.9895590543746948 586 274 708 335
car 0.9927600622177124 658 446 803 525
car 0.8216245770454407 989 393 1060 446
car 0.9882941246032715 595 139 627 172
car 0.9743647575378418 565 179 590 206
car 0.8695661425590515 1131 308 1164 339
car 0.961746871471405 1031 289 1091 325
car 0.9333707690238953 990 257 1047 291
car 0.9573517441749573 870 239 940 272
car 0.9821991324424744 671 158 715 182
car 0.9168177247047424 1134 347 1173 380
car 0.9533634781837463 495 184 531 219
