person 0.47229456901550293 782 168 809 197
person 0.48052963614463806 1141 312 1159 335
person 0.6799301505088806 1103 277 1127 307
person 0.7603113651275635 274 257 299 288
car 0.9546473026275635 207 367 310 422
car 0.9862274527549744 133 307 184 342
car 0.9195834994316101 131 435 232 499
car 0.9878756403923035 112 379 188 428
car 0.9799843430519104 57 397 114 436
car 0.9950879216194153 639 158 675 184
car 0.9952104687690735 620 134 650 159
car 0.9904769659042358 657 133 692 155
car 0.9860877394676208 607 110 632 131
car 0.8627577424049377 91 495 179 557
car 0.47647595405578613 904 221 945 242
car 0.85017329454422 610 99 630 116
motorbike 0.3854561448097229 1023 267 1062 293
