person 0.8159168362617493 1070 240 1084 257
person 0.7774326801300049 1108 266 1124 294
person 0.9570690989494324 296 228 314 260
car 0.9739871025085449 1018 265 1068 295
car 0.9791942238807678 359 243 439 295
car 0.7758486270904541 189 497 308 577
car 0.9864365458488464 949 244 1005 268
car 0.8534566760063171 175 431 281 499
car 0.9886714220046997 509 166 541 195
car 0.9910373687744141 563 165 590 197
car 0.5565516948699951 66 433 140 491
car 0.9423145055770874 790 192 859 221
car 0.9444947838783264 636 107 661 125
car 0.9574650526046753 727 160 755 183
motorbike 0.5697959661483765 67 428 138 482
