person 0.6129487156867981 1105 278 1128 306
person 0.9733985066413879 1071 239 1085 258
car 0.9656427502632141 211 367 310 422
car 0.9770393967628479 113 380 186 428
car 0.8219327926635742 731 172 766 195
car 0.6762466430664062 1115 358 1155 395
car 0.9919014573097229 639 158 675 184
car 0.9926357865333557 621 133 650 157
car 0.9916865229606628 589 85 616 102
car 0.9877763986587524 658 133 691 154
car 0.6964530348777771 1020 267 1065 293
car 0.9697942733764648 929 226 979 250
truck 0.6824815273284912 256 498 394 579
traffic_light 0.8479875922203064 1141 313 1158 336
