person 0.9639295935630798 939 193 952 219
person 0.5132787823677063 1104 280 1132 306
person 0.6264281272888184 1142 314 1160 336
car 0.9083293676376343 208 367 310 422
car 0.9550472497940063 113 380 186 427
car 0.9845565557479858 595 155 629 181
car 0.9503514766693115 797 229 837 267
car 0.544526219367981 756 537 881 699
car 0.9809142351150513 641 156 674 183
car 0.6272582411766052 1020 267 1063 293
car 0.9515864849090576 621 130 651 159
car 0.9492335915565491 511 191 536 218
car 0.9636874198913574 697 139 737 163
car 0.9247315526008606 640 258 695 321
car 0.9886638522148132 680 159 719 183
motorbike 0.7422580718994141 1055 336 1098 374
