person 0.5719856023788452 1141 313 1159 336
person 0.5617074370384216 1105 278 1128 304
person 0.9751734733581543 1071 238 1085 257
person 0.8027914762496948 272 257 299 287
car 0.9420183300971985 596 356 676 509
car 0.9454709887504578 191 499 307 578
car 0.9918556213378906 203 366 311 423
car 0.8953772783279419 1070 352 1123 391
car 0.971662163734436 176 430 282 499
car 0.6855894327163696 1018 267 1064 293
car 0.9775677919387817 111 380 189 427
car 0.9771242737770081 597 96 625 118
car 0.9286544322967529 716 195 785 244
car 0.9215609431266785 1028 302 1073 329
