person 0.6863732933998108 1103 279 1128 307
person 0.9811351895332336 1070 237 1085 256
person 0.9626493453979492 221 239 238 268
car 0.9930886626243591 806 245 879 303
car 0.9902044534683228 808 309 900 368
car 0.9929749965667725 205 367 310 421
car 0.9321562051773071 190 497 307 576
car 0.968388557434082 177 430 282 500
car 0.9819045662879944 111 380 188 427
car 0.8726826906204224 1121 315 1160 346
car 0.5796359181404114 1019 266 1064 294
car 0.9928081035614014 615 117 644 147
motorbike 0.3933534026145935 624 239 676 298
