person 0.579846978187561 1105 279 1129 305
person 0.7683179974555969 1142 312 1159 336
person 0.9698553681373596 1070 239 1084 258
person 0.8540285229682922 273 257 298 287
car 0.902148962020874 190 499 308 576
car 0.9897308349609375 230 366 335 423
car 0.9741883277893066 1041 355 1101 403
car 0.9531249403953552 946 224 994 253
car 0.9366191029548645 176 431 282 500
car 0.9821491837501526 113 380 190 427
car 0.6904872059822083 1018 264 1066 293
car 0.9386143088340759 550 98 571 118
car 0.9318771362304688 1029 300 1076 328
car 0.9429045915603638 2 477 63 560
