person 0.5868183374404907 1140 314 1159 336
person 0.6345734596252441 1106 280 1127 305
person 0.9875770807266235 1071 237 1085 258
car 0.9733958840370178 209 366 309 422
car 0.9691547155380249 113 380 185 427
car 0.5499332547187805 249 492 379 567
car 0.9836453199386597 918 218 983 248
car 0.6924464106559753 1016 266 1063 293
car 0.5357029438018799 794 230 837 266
car 0.9541001915931702 661 115 692 139
car 0.9907938838005066 622 132 651 157
car 0.9846701622009277 639 158 674 183
car 0.3869583308696747 1084 382 1118 421
car 0.8999353647232056 1029 302 1074 330
truck 0.5745735764503479 249 492 380 583
