person 0.9334185123443604 1071 238 1084 260
person 0.9235419034957886 924 192 934 218
person 0.7892707586288452 872 196 885 218
person 0.8894965648651123 439 211 454 236
person 0.9008083939552307 297 229 315 261
car 0.9943979382514954 564 180 592 206
car 0.984732449054718 601 155 636 185
car 0.9919356107711792 556 135 584 158
car 0.9926028847694397 637 156 667 179
car 0.9509308338165283 1021 288 1121 328
car 0.9830518960952759 563 169 588 193
car 0.9674322605133057 657 136 691 163
car 0.9875684380531311 675 157 713 180
