person 0.9691388607025146 914 191 928 217
person 0.6379501223564148 1105 279 1129 306
person 0.7477508187294006 1152 423 1176 468
car 0.8977405428886414 209 367 308 421
car 0.843733549118042 617 197 669 252
car 0.99359530210495 592 142 620 171
car 0.8570414781570435 570 262 625 334
car 0.949905276298523 113 379 185 427
car 0.8579992651939392 859 308 945 381
car 0.9951730370521545 641 155 674 182
car 0.9722927212715149 584 109 612 132
car 0.9910007119178772 676 155 716 183
car 0.9799273014068604 622 132 650 159
car 0.7871444821357727 640 89 661 107
car 0.6396644115447998 1018 267 1064 295
car 0.5517157316207886 514 186 535 215
traffic_light 0.38447245955467224 1143 314 1160 337
