person 0.7226055264472961 1104 277 1126 306
person 0.9803429245948792 1068 238 1083 258
person 0.37335205078125 1140 310 1159 335
car 0.9818352460861206 203 368 312 419
car 0.8494287729263306 172 500 283 571
car 0.9255049228668213 169 432 266 499
car 0.9746291637420654 113 381 187 427
car 0.9764255881309509 606 110 632 132
car 0.9645440578460693 57 397 114 436
car 0.9944692850112915 640 157 674 183
car 0.9824801683425903 657 134 691 157
car 0.970615565776825 4 349 35 381
car 0.9919180274009705 622 138 649 160
car 0.9827331304550171 677 158 718 183
motorbike 0.4448162317276001 1022 266 1061 293
traffic_light 0.5692861676216125 659 108 680 130
