person 0.4351796507835388 1142 312 1160 336
person 0.7139056921005249 1106 278 1127 306
person 0.7399923205375671 273 258 299 287
car 0.9130274653434753 151 434 254 499
car 0.9216123819351196 133 493 237 561
car 0.9772511124610901 206 368 310 420
car 0.9896613359451294 60 331 100 364
car 0.9773133397102356 113 381 187 428
car 0.9887691736221313 606 110 633 135
car 0.9489466547966003 57 398 114 436
car 0.991851270198822 621 134 649 160
car 0.9860072135925293 640 156 674 183
car 0.41018757224082947 905 222 947 242
motorbike 0.34108567237854004 1022 267 1063 292
traffic_light 0.8187496662139893 914 188 928 209
