person 0.5251985788345337 1141 313 1159 337
person 0.8714748620986938 864 188 882 214
bicycle 0.9039692878723145 723 407 770 451
car 0.9944326281547546 526 292 642 357
car 0.9786414504051208 267 364 365 421
car 0.9814808368682861 562 161 588 191
car 0.9577130675315857 924 318 987 376
car 0.9024291634559631 176 430 280 500
car 0.7244970798492432 191 499 307 576
car 0.9605669379234314 69 433 140 489
car 0.9311886429786682 852 472 929 606
car 0.9385718703269958 820 205 881 233
car 0.9875884652137756 491 200 530 230
car 0.9835825562477112 2 399 52 437
car 0.959835946559906 2 477 64 564
car 0.4083317816257477 710 192 742 224
traffic_light 0.7218194007873535 1069 239 1082 258
traffic_light 0.8301956057548523 1105 273 1119 295
