person 0.9499516487121582 1072 237 1085 259
person 0.5482512712478638 865 190 884 214
person 0.8174789547920227 714 190 735 215
car 0.9894310235977173 569 252 656 294
car 0.9755613207817078 642 276 745 334
car 0.9931134581565857 564 178 592 205
car 0.986556351184845 599 155 638 187
car 0.9678951501846313 973 266 1026 295
car 0.9586136937141418 1026 288 1116 327
car 0.8645796179771423 112 329 167 358
car 0.8953471779823303 496 186 528 219
car 0.9685429930686951 677 158 711 180
motorbike 0.6662227511405945 113 355 161 392
