person 0.6851384043693542 375 290 392 321
person 0.6483067870140076 1105 280 1130 307
person 0.3553366959095001 1143 316 1161 339
person 0.3835110366344452 1022 267 1062 293
car 0.9536526203155518 210 367 309 422
car 0.9672746062278748 114 380 185 428
car 0.9668970108032227 832 284 903 342
car 0.9925824403762817 640 157 674 184
car 0.9933363199234009 621 133 651 157
car 0.7450321912765503 1028 301 1075 330
car 0.983604371547699 679 159 717 183
traffic_light 0.47621774673461914 825 217 866 247
traffic_light 0.9870527386665344 410 299 433 352
traffic_light 0.5226590633392334 510 178 531 227
traffic_light 0.9666373133659363 414 329 436 359
