person 0.5886390209197998 1105 279 1128 304
person 0.5199192762374878 1143 315 1160 337
person 0.6349648237228394 1152 424 1179 468
car 0.8587744235992432 641 250 710 329
car 0.9132742881774902 209 367 308 420
car 0.9572454690933228 961 439 1033 518
car 0.8177935481071472 590 366 655 469
car 0.9537088871002197 113 380 185 427
car 0.9973624348640442 587 117 616 142
car 0.9290534257888794 663 95 692 121
car 0.8985730409622192 784 218 854 275
car 0.9904888868331909 602 162 634 195
car 0.9947690367698669 621 131 653 160
car 0.9942527413368225 642 157 673 184
car 0.7403827905654907 1018 266 1066 294
car 0.8165282011032104 513 187 536 216
car 0.4284646213054657 1032 420 1091 491
