car 0.9915259480476379 635 254 720 310
car 0.9857843518257141 411 334 530 394
car 0.9237040281295776 880 355 952 447
car 0.7937201857566833 192 499 306 575
car 0.8461208343505859 174 432 282 499
car 0.9384676814079285 1018 264 1069 295
car 0.9640516638755798 816 203 883 232
car 0.9801144003868103 563 162 589 196
car 0.6634919047355652 68 433 140 489
car 0.9745795726776123 716 166 751 189
car 0.9143701195716858 964 304 1027 337
car 0.6267098784446716 66 393 112 430
motorbike 0.5382776260375977 66 428 141 481
