person 0.9398884773254395 1072 238 1086 260
person 0.5916412472724915 869 192 888 213
person 0.7964838147163391 451 212 464 237
person 0.9209613800048828 297 230 315 259
person 0.9071387648582458 814 195 827 219
car 0.9927419424057007 522 467 684 539
car 0.9881211519241333 992 230 1036 253
car 0.9763004779815674 600 154 637 185
car 0.9927968382835388 563 179 591 206
car 0.9561355113983154 1022 289 1119 327
car 0.9908650517463684 565 167 588 194
car 0.9620140790939331 635 152 670 180
car 0.9824478030204773 674 157 713 181
car 0.9040663838386536 502 178 537 214
motorbike 0.7860753536224365 18 370 53 407
