person 0.7728418707847595 1141 316 1156 338
person 0.946270763874054 299 229 316 260
car 0.997044026851654 832 407 951 485
car 0.968031108379364 379 294 493 355
car 0.9829656481742859 794 239 868 277
car 0.995810866355896 890 272 961 307
car 0.9932097792625427 563 179 594 205
car 0.9652769565582275 1064 376 1114 415
car 0.990104615688324 984 245 1038 273
car 0.9169332385063171 1024 294 1103 346
car 0.9906811118125916 597 154 628 180
car 0.96407550573349 669 158 715 182
car 0.966505765914917 618 136 646 161
car 0.8468253016471863 1067 325 1110 359
car 0.9026737809181213 500 177 537 214
car 0.9821864366531372 1021 290 1084 322
car 0.8881478309631348 1074 256 1124 289
