person 0.31431153416633606 1143 314 1160 337
person 0.9136340618133545 422 210 443 245
person 0.8776100277900696 274 255 301 290
person 0.9695411920547485 1073 236 1086 255
person 0.8898656964302063 912 211 929 241
person 0.5633029341697693 1105 280 1128 305
person 0.9242611527442932 1085 241 1102 261
car 0.9670120477676392 244 319 333 369
car 0.9585610032081604 86 311 139 345
car 0.9830551147460938 557 178 589 207
car 0.9379634857177734 210 369 307 423
car 0.9271700382232666 728 163 759 185
car 0.9947448968887329 512 186 540 210
car 0.9024660587310791 112 380 189 427
car 0.9367546439170837 583 113 617 145
car 0.7363847494125366 10 371 49 409
car 0.991671085357666 640 157 672 182
car 0.9906854033470154 596 154 627 181
car 0.7408316135406494 996 473 1091 607
car 0.5019248723983765 642 91 660 108
car 0.4800012409687042 1021 267 1066 294
car 0.9845337867736816 591 137 621 163
car 0.9825569987297058 682 159 717 182
car 0.9142864942550659 621 135 647 163
