person 0.6015846133232117 423 211 442 243
car 0.885161280632019 520 272 632 330
car 0.921884298324585 441 334 571 410
car 0.9976898431777954 196 282 268 320
car 0.9327476024627686 208 366 311 423
car 0.9156922101974487 805 540 944 685
car 0.9905329942703247 558 177 591 205
car 0.9524309635162354 113 379 190 428
car 0.9941883087158203 512 185 539 209
car 0.9933785200119019 641 156 673 182
car 0.9714533090591431 585 111 618 146
car 0.9249544739723206 108 352 161 381
car 0.9912815093994141 601 155 636 184
car 0.871709406375885 735 179 777 201
car 0.8197826743125916 272 258 300 289
car 0.989216685295105 679 158 716 184
car 0.6634770035743713 76 328 112 353
traffic_light 0.529281735420227 1143 314 1161 338
