person 0.9007583856582642 957 260 973 286
person 0.9055424332618713 423 207 440 242
person 0.5510356426239014 1105 282 1126 305
person 0.9522111415863037 297 228 316 258
car 0.9546371698379517 595 403 754 505
car 0.9963054656982422 312 260 388 302
car 0.8927136659622192 667 312 796 398
car 0.9475014209747314 210 366 311 423
car 0.9946799874305725 512 186 540 210
car 0.947945237159729 112 379 190 427
car 0.9570047855377197 582 111 617 146
car 0.9782257676124573 557 166 586 195
car 0.913281261920929 17 372 54 404
car 0.7156420350074768 793 232 843 272
car 0.959605872631073 221 325 296 369
car 0.9918802380561829 639 158 672 182
car 0.9897691011428833 601 154 639 183
motorbike 0.6932850480079651 145 311 190 345
traffic_light 0.48609188199043274 1144 313 1160 337
