person 0.9909263849258423 1071 238 1085 258
person 0.8635602593421936 1142 311 1159 335
person 0.5789666771888733 1104 277 1128 306
car 0.9925258159637451 592 92 621 113
car 0.7338079214096069 387 512 530 593
car 0.8314651846885681 211 367 309 420
car 0.9214319586753845 113 380 185 428
car 0.6636884808540344 1108 357 1146 390
car 0.9920679330825806 621 132 651 156
car 0.5853206515312195 1020 266 1065 292
car 0.9712778329849243 657 131 692 153
car 0.8260113000869751 1 403 21 444
car 0.9602162837982178 514 143 537 172
car 0.9811254739761353 639 156 675 184
