person 0.9373999238014221 1141 311 1160 338
person 0.8560642004013062 1106 276 1128 307
car 0.970634400844574 297 348 408 411
car 0.9037604928016663 132 378 219 429
car 0.9887382984161377 896 216 960 246
car 0.7011847496032715 190 498 308 576
car 0.8931145668029785 175 430 281 499
car 0.950188398361206 1102 348 1154 396
car 0.9469792246818542 553 108 573 128
car 0.9511108994483948 70 435 139 488
car 0.9743397235870361 60 395 117 432
car 0.44439637660980225 1021 266 1065 292
car 0.924534261226654 2 478 63 562
car 0.975911021232605 505 180 536 208
motorbike 0.935218095779419 1020 299 1058 331
