person 0.7647567391395569 884 190 898 214
person 0.2600674331188202 1143 317 1159 338
car 0.9594229459762573 256 426 391 497
car 0.9579648375511169 1019 257 1066 294
car 0.9865395426750183 950 244 1002 269
car 0.9527825117111206 574 91 591 106
car 0.6453425288200378 316 488 458 565
car 0.9888100028038025 564 177 592 205
car 0.7508948445320129 86 309 126 340
car 0.6767422556877136 664 140 692 170
car 0.6537169218063354 94 436 168 487
car 0.7985876798629761 1076 281 1126 312
truck 0.5028791427612305 140 505 216 565
truck 0.5426618456840515 318 501 457 573
