person 0.9786595702171326 932 237 950 266
person 0.6727645993232727 1106 279 1129 306
person 0.5769171118736267 274 257 299 288
person 0.780182957649231 297 228 318 256
car 0.9830532670021057 654 421 803 543
car 0.9884123206138611 294 320 389 375
car 0.9556083083152771 379 258 475 305
car 0.9724947214126587 210 367 310 422
car 0.9863646030426025 557 177 589 207
car 0.909184992313385 899 355 983 433
car 0.9925843477249146 119 302 168 336
car 0.9675642848014832 114 379 187 427
car 0.9912915825843811 641 158 674 183
car 0.9883421063423157 512 186 540 210
car 0.9557344317436218 583 112 617 145
car 0.9914895296096802 597 154 628 181
motorbike 0.9568557739257812 39 374 69 406
traffic_light 0.29220449924468994 1143 314 1160 338
traffic_light 0.9587039947509766 423 209 440 238
