person 0.8076000809669495 377 275 390 306
person 0.5192483067512512 1105 278 1129 306
car 0.9185510873794556 210 367 309 422
car 0.9582524299621582 114 381 186 428
car 0.9929370284080505 622 131 650 157
car 0.9889425039291382 640 158 674 183
car 0.5237789154052734 776 213 817 247
car 0.97991943359375 494 206 532 234
car 0.923716127872467 771 167 811 196
car 0.4358936548233032 1019 268 1064 294
car 0.7102653980255127 513 163 537 194
car 0.9836077094078064 676 157 720 183
traffic_light 0.38444772362709045 1141 316 1162 337
