person 0.8545433878898621 1074 236 1086 256
person 0.37401923537254333 1105 279 1133 305
car 0.9762661457061768 503 356 645 441
car 0.9903777837753296 557 177 589 206
car 0.8147159814834595 951 425 1034 517
car 0.9483335018157959 252 276 332 315
car 0.930448591709137 168 330 243 380
car 0.9955769777297974 511 187 540 211
car 0.9573573470115662 202 369 315 423
car 0.9901217818260193 57 314 103 350
car 0.9746935963630676 584 113 617 146
car 0.9955500364303589 641 156 673 181
car 0.9945149421691895 597 153 628 181
car 0.5172613263130188 824 257 888 321
car 0.8898710608482361 113 378 197 429
car 0.8295034766197205 670 113 701 137
car 0.5827442407608032 0 380 13 420
traffic_light 0.6294795870780945 423 210 441 242
traffic_light 0.2636253833770752 1143 314 1160 338
traffic_light 0.9897674918174744 886 172 902 191
