person 0.675775408744812 1143 312 1155 336
person 0.9758293628692627 298 228 315 262
car 0.9627165198326111 199 498 324 577
car 0.990676999092102 205 284 263 317
car 0.9538372755050659 180 428 290 497
car 0.9498829245567322 1018 266 1065 296
car 0.9610270261764526 949 245 1001 268
car 0.9851035475730896 563 165 589 197
car 0.9254151582717896 69 433 141 489
car 0.432920902967453 756 171 787 189
car 0.9518331289291382 569 74 585 86
car 0.9127486348152161 657 132 684 151
car 0.9670519232749939 500 178 537 216
