person 0.4318755865097046 511 186 534 218
car 0.921474814414978 207 366 310 422
car 0.9658434391021729 113 380 186 427
car 0.9831985831260681 701 391 768 490
car 0.735511839389801 912 314 981 376
car 0.975411057472229 639 157 675 183
car 0.7481761574745178 670 110 702 133
car 0.9941545128822327 896 349 942 388
car 0.9506524801254272 856 320 938 387
car 0.973520815372467 622 130 651 157
car 0.8099488615989685 1019 265 1064 293
car 0.9144256711006165 617 68 645 86
motorbike 0.6692174077033997 1101 325 1138 355
traffic_light 0.3985728323459625 609 191 648 223
