person 0.5012029409408569 1105 279 1129 306
person 0.9480531811714172 897 204 909 228
car 0.8779938817024231 912 332 999 424
car 0.9905235171318054 558 178 590 209
car 0.9510050415992737 209 367 310 420
car 0.9821161031723022 115 379 184 427
car 0.9682500958442688 584 110 617 144
car 0.946975588798523 810 252 876 308
car 0.9853391647338867 50 356 101 399
car 0.9967250227928162 641 158 672 182
car 0.9941616654396057 597 153 627 181
car 0.916606068611145 667 106 694 125
car 0.9697403311729431 2 334 28 370
car 0.9902603030204773 682 158 718 181
car 0.43842417001724243 1019 267 1061 295
car 0.980582058429718 619 134 645 163
car 0.8703248500823975 513 188 535 214
truck 0.41514354944229126 912 335 1000 437
traffic_light 0.5655150413513184 1142 314 1159 338
traffic_light 0.601654052734375 424 212 443 242
