person 0.7331106066703796 422 210 440 244
person 0.900607168674469 274 255 298 287
person 0.5552433729171753 1144 314 1161 339
person 0.4388349950313568 1105 280 1135 306
person 0.9604746699333191 299 228 319 259
person 0.6943730711936951 1071 238 1083 259
car 0.9825731515884399 625 414 775 519
car 0.9737067222595215 726 328 834 400
car 0.9513090252876282 206 368 311 425
car 0.9904119372367859 352 314 439 363
car 0.9967576861381531 862 324 932 382
car 0.9561135172843933 110 382 176 430
car 0.8440307974815369 985 398 1071 484
car 0.9386588335037231 905 488 1006 612
car 0.9821670055389404 510 180 539 211
car 0.9957886338233948 593 150 632 183
car 0.9950743317604065 586 115 615 146
car 0.9335460662841797 999 500 1086 601
car 0.517052948474884 1147 265 1175 285
car 0.9953906536102295 594 136 622 164
car 0.9897747039794922 640 157 671 182
car 0.9825829267501831 549 130 577 155
