person 0.6670013666152954 1106 279 1131 307
person 0.6948400735855103 273 257 300 287
person 0.9860917925834656 1072 237 1085 257
car 0.9696981906890869 209 367 310 421
car 0.6948482990264893 134 493 227 559
car 0.9844657182693481 112 379 187 426
car 0.9809889197349548 921 218 979 248
car 0.7621135115623474 1017 267 1065 292
car 0.9903154969215393 640 158 674 183
car 0.9165551662445068 731 172 766 193
car 0.9820141196250916 659 133 693 155
car 0.9925583600997925 622 133 650 156
truck 0.6246950030326843 139 500 226 569
truck 0.3799806535243988 983 466 1067 562
traffic_light 0.3745684027671814 1141 315 1159 337
pottedplant 0.7155556678771973 781 183 816 209
