1.083977460861206,1.083977460861206
0.6883506774902344,0.6883506774902344
0.6832501888275146,0.6832501888275146
0.6896569728851318,0.6896569728851318
0.685685396194458,0.685685396194458
0.684262752532959,0.684262752532959
0.24993562698364258,0.24993562698364258
0.6886475086212158,0.6886475086212158
0.6836063861846924,0.6836063861846924
0.6849124431610107,0.6849124431610107
0.6935312747955322,0.6935312747955322
0.6981003284454346,0.6981003284454346
0.692615270614624,0.692615270614624
0.6983509063720703,0.6983509063720703
0.6853303909301758,0.6853303909301758
0.6855630874633789,0.6855630874633789
0.2955770492553711,0.2955770492553711
