0.5985226631164551,0.5985226631164551
0.3821866512298584,0.3821866512298584
0.3777201175689697,0.3777201175689697
0.3772087097167969,0.3772087097167969
0.37345218658447266,0.37345218658447266
0.3664689064025879,0.3664689064025879
0.11750388145446777,0.11750388145446777
0.3738219738006592,0.3738219738006592
0.3796403408050537,0.3796403408050537
0.3687248229980469,0.3687248229980469
0.37914085388183594,0.37914085388183594
0.3797585964202881,0.3797585964202881
0.38410162925720215,0.38410162925720215
0.384199857711792,0.384199857711792
0.3879094123840332,0.3879094123840332
0.390472412109375,0.390472412109375
0.1616837978363037,0.1616837978363037
