0.5604493618011475,0.5604493618011475
0.3746953010559082,0.3746953010559082
0.386991024017334,0.386991024017334
0.3786938190460205,0.3786938190460205
0.38152551651000977,0.38152551651000977
0.37320709228515625,0.37320709228515625
0.13334345817565918,0.13334345817565918
0.3709568977355957,0.3709568977355957
0.3778665065765381,0.3778665065765381
0.36977672576904297,0.36977672576904297
0.37567973136901855,0.37567973136901855
0.3770937919616699,0.3770937919616699
0.374439001083374,0.374439001083374
0.37786126136779785,0.37786126136779785
0.3822348117828369,0.3822348117828369
0.38047218322753906,0.38047218322753906
0.15490365028381348,0.15490365028381348
