1.0895168781280518,1.0895168781280518
0.7707791328430176,0.7707791328430176
0.7656059265136719,0.7656059265136719
0.7543785572052002,0.7543785572052002
0.6893932819366455,0.6893932819366455
0.6901407241821289,0.6901407241821289
0.22530651092529297,0.22530651092529297
0.9156897068023682,0.9156897068023682
0.762211799621582,0.762211799621582
0.7818138599395752,0.7818138599395752
0.7531123161315918,0.7531123161315918
0.7662405967712402,0.7662405967712402
0.7712328433990479,0.7712328433990479
0.7681064605712891,0.7681064605712891
0.7033348083496094,0.7033348083496094
0.7050290107727051,0.7050290107727051
0.26636552810668945,0.26636552810668945
