747344,1.0901806354522705,38211.21484375
711996,1.0677800178527832,34866.703125
704616,1.0934629440307617,42614.4375
847397,1.0633947849273682,30054.056640625
770721,1.0715696811676025,29698.33984375
675180,1.0603570938110352,31248.125
878260,1.1371238231658936,34112.625
906751,1.0978631973266602,31650.1484375
759766,1.0892114639282227,34695.3125
787083,1.1747839450836182,39759.79296875
657233,1.27524733543396,30177.794921875
957402,1.128690242767334,32224.09765625
692654,1.051161289215088,35427.33984375
803238,1.0966136455535889,39124.49609375
854758,1.064148187637329,31222.515625
836116,1.0630762577056885,34258.7578125
792236,1.0009686946868896,41028.03125
747870,0.9840426445007324,30004.146484375
761963,0.7592446804046631,16432.548828125
