202410,0.20592093467712402,109422.6953125
187111,0.20668268203735352,87113.7578125
197505,0.19368934631347656,126912.25
239677,0.19966554641723633,87986.3828125
190982,0.19699859619140625,91914.6171875
185949,0.22066044807434082,78687.8046875
226281,0.19141268730163574,111645.859375
190246,0.19973158836364746,115542.3828125
174123,0.19333338737487793,102678.4453125
181358,0.20464825630187988,138745.859375
185533,0.20502591133117676,69698.671875
199359,0.19437074661254883,137217.984375
167707,0.2087101936340332,109597.3046875
178590,0.1953449249267578,150648.078125
163948,0.1866304874420166,107945.0546875
181010,0.1947803497314453,139713.09375
193742,0.1919698715209961,157023.953125
174713,0.22839760780334473,88223.0859375
171584,0.14515471458435059,74466.59375
