505620,0.45890140533447266,36719.22265625
476980,0.45975542068481445,33003.578125
562126,0.4491896629333496,36498.08984375
488975,0.43717265129089355,35267.3359375
339537,0.42348694801330566,33886.16015625
407879,0.45046353340148926,29986.3203125
581441,0.4260098934173584,33369.77734375
570819,0.4431610107421875,32845.0
491588,0.5412557125091553,34244.47265625
495919,0.45241618156433105,38097.375
358341,0.45671868324279785,29785.37109375
390153,0.4516611099243164,46763.97265625
399756,0.45591187477111816,36930.87109375
492566,0.4586355686187744,39830.55859375
395727,0.42340636253356934,40926.6484375
237821,0.4522101879119873,54017.70703125
312177,0.4258553981781006,54365.8671875
375312,0.4173877239227295,34682.484375
425319,0.32137131690979004,19308.408203125
