495445,0.46880435943603516,34685.91796875
438976,0.4117600917816162,32533.328125
520397,0.4504728317260742,35632.16015625
513628,0.45478272438049316,31361.9453125
307253,0.4380669593811035,32543.326171875
381076,0.4767301082611084,28387.408203125
567225,0.4545102119445801,31438.68359375
517205,0.4467909336090088,32947.78125
445146,0.446948766708374,34397.625
415740,0.43985652923583984,39974.9375
323806,0.44573450088500977,29244.90234375
390727,0.4629173278808594,44154.8671875
356658,0.4224107265472412,37272.73828125
476700,0.45113253593444824,38021.8125
381250,0.42438578605651855,39022.9609375
229526,0.42410922050476074,51746.41015625
304571,0.4041590690612793,52051.66796875
359114,0.45475125312805176,32853.9765625
443235,0.31235790252685547,17290.0234375
