431054,0.48761463165283203,35285.7421875
355971,0.44596099853515625,33099.19140625
400701,0.45674657821655273,40290.19921875
429573,0.4262087345123291,32128.171875
306999,0.41572046279907227,29708.51953125
309353,0.4448537826538086,27969.91015625
465410,0.45087504386901855,33892.23046875
424981,0.42443037033081055,34539.31640625
340989,0.43996763229370117,35955.265625
358906,0.4499785900115967,41007.796875
278771,0.4281575679779053,24997.615234375
377442,0.41981935501098633,41202.0078125
299621,0.41196274757385254,38010.67578125
381615,0.45720410346984863,41059.4375
331036,0.4100379943847656,38686.85546875
228662,0.4315938949584961,48274.41015625
274194,0.43738603591918945,51866.28125
295905,0.41973376274108887,33395.10546875
378635,0.3130378723144531,18552.96875
