506705,0.46121883392333984,37397.02734375
475014,0.41633105278015137,33561.91796875
554096,0.44606971740722656,37628.234375
499725,0.42670392990112305,35232.7578125
349587,0.45163917541503906,34757.82421875
406247,0.4134831428527832,30785.033203125
582265,0.45638179779052734,34011.52734375
574855,0.4496042728424072,33419.1953125
490585,0.4468410015106201,35015.67578125
539914,0.4466381072998047,36455.109375
374729,0.44884729385375977,29792.6640625
404840,0.45876550674438477,47003.0625
451168,0.4680314064025879,34347.3125
482123,0.4833085536956787,41234.3203125
410527,0.42191529273986816,40552.1484375
239979,0.4508543014526367,56133.73046875
320247,0.44513630867004395,54707.71484375
377670,0.4410440921783447,35101.86328125
421746,0.3107302188873291,19661.57421875
