496500,0.4544868469238281,38324.48828125
463575,0.4484896659851074,35320.16796875
531714,0.45220470428466797,38860.625
485081,0.4217095375061035,36012.06640625
356960,0.4526231288909912,37495.59765625
451250,0.45488834381103516,29430.611328125
556910,0.46181297302246094,35769.51953125
553668,0.426908016204834,35088.0
504342,0.4496583938598633,34680.48828125
524778,0.44863271713256836,37598.01171875
416777,0.4422481060028076,28939.724609375
397512,0.45268726348876953,47386.3359375
415160,0.4250359535217285,36716.6796875
487865,0.46572327613830566,40892.60546875
410507,0.48523879051208496,40286.015625
232564,0.4258408546447754,54591.0625
320415,0.446033239364624,54342.21875
368050,0.4239833354949951,35569.0078125
428714,0.2939717769622803,19131.3046875
