451868,0.4277048110961914,36127.16796875
431399,0.45697975158691406,33212.41796875
480841,0.4434032440185547,36240.79296875
439484,0.4632563591003418,33801.2734375
333835,0.4193103313446045,30400.953125
379109,0.46323609352111816,28341.005859375
510435,0.45391392707824707,33547.68359375
495946,0.44719719886779785,33540.69921875
457528,0.4227283000946045,32943.07421875
472746,0.4420289993286133,35559.05859375
359803,0.4557666778564453,27435.40234375
361395,0.4166221618652344,43490.25
397570,0.42059969902038574,33236.953125
448620,0.42557430267333984,37585.953125
372076,0.44618916511535645,37096.94140625
217076,0.43915820121765137,48437.640625
292420,0.42746734619140625,49884.63671875
339449,0.41817760467529297,32891.5078125
382493,0.3010566234588623,18494.314453125
