508339,0.4587223529815674,38235.16796875
488813,0.45161962509155273,33865.0078125
546391,0.46358180046081543,38808.91796875
506941,0.45539045333862305,35498.73046875
371037,0.4400005340576172,37406.28125
442103,0.4340023994445801,30370.244140625
574759,0.4533259868621826,35343.09375
560660,0.4596900939941406,35159.59765625
511636,0.5196621417999268,34519.66796875
530102,0.4809587001800537,37916.8125
419196,0.4551212787628174,29137.3203125
421402,0.47788310050964355,46641.890625
446698,0.4493720531463623,35400.875
485623,0.4442424774169922,41861.140625
430570,0.44617581367492676,39852.43359375
236257,0.44661664962768555,55895.2109375
328950,0.4404938220977783,55156.33984375
371765,0.41531801223754883,36161.2265625
429801,0.31014394760131836,19647.97265625
