842760,0.9733216762542725,69863.2421875
721527,0.991020917892456,70527.078125
843022,0.9948568344116211,73696.578125
650257,0.9732084274291992,76752.0
723149,0.9871506690979004,66063.625
478067,0.9684271812438965,80894.40625
864418,1.0060102939605713,69976.8671875
873659,0.9982068538665771,69166.078125
749456,0.9768884181976318,71180.2109375
818634,0.9934892654418945,75890.1328125
575538,0.9670054912567139,68362.3203125
863011,0.9777417182922363,72952.3359375
536939,0.9742650985717773,82265.3203125
809932,0.9458768367767334,77560.5859375
718996,0.9924943447113037,72613.1640625
757426,1.0133962631225586,75843.96875
850083,0.9614107608795166,77006.4296875
638880,0.9478616714477539,69927.359375
749302,0.7309014797210693,35751.37890625
