718254,0.9964649677276611,47418.83203125
620239,0.9749643802642822,46804.48046875
720915,1.0534043312072754,49772.62109375
621953,0.98834228515625,47911.12890625
609177,0.9931998252868652,44560.57421875
502303,1.0674896240234375,47507.6875
754300,1.0922610759735107,46617.05859375
772714,1.0665369033813477,46351.12109375
632292,1.072514533996582,48194.0390625
707743,1.0898523330688477,51401.3828125
495633,1.041121006011963,45573.5390625
764573,1.0639238357543945,47688.05859375
510583,1.0390064716339111,52505.015625
723377,1.0409362316131592,51037.82421875
640590,1.0815393924713135,47459.53515625
687285,0.9884815216064453,48922.03125
745880,1.740180492401123,51254.94140625
525279,0.9698200225830078,47927.40234375
663389,0.775244951248169,22958.462890625
