12307,0.14573192596435547,0,1,2,3
12357,0.1496143341064453,0,1,2,3
7209,0.10730624198913574,0,1,2,3
7209,0.10051870346069336,0,1,2,3
7209,0.0994715690612793,0,1,2,3
7209,0.09977984428405762,0,1,2,3
7209,0.09751009941101074,0,1,2,3
7209,0.09894585609436035,0,1,2,3
7209,0.09864282608032227,0,1,2,3
7209,0.0983123779296875,0,1,2,3
7209,0.10224676132202148,0,1,2,3
7209,0.10269808769226074,0,1,2,3
7209,0.1005699634552002,0,1,2,3
7209,0.0974118709564209,0,1,2,3
7209,0.10068678855895996,0,1,2,3
7209,0.09879136085510254,0,1,2,3
7209,0.09592437744140625,0,1,2,3
7209,0.09996485710144043,0,1,2,3
7209,0.11020708084106445,0,1,2,3
