10138,0.09349250793457031,0,1,2,3
9840,0.09695649147033691,0,1,2,3
6165,0.07140421867370605,0,1,2,3
6165,0.07205510139465332,0,1,2,3
6165,0.07144594192504883,0,1,2,3
6165,0.06513237953186035,0,1,2,3
6165,0.07459378242492676,0,1,2,3
6165,0.0634927749633789,0,1,2,3
6165,0.0671532154083252,0,1,2,3
6165,0.07208657264709473,0,1,2,3
6165,0.06937766075134277,0,1,2,3
6165,0.06243491172790527,0,1,2,3
6165,0.06916213035583496,0,1,2,3
6165,0.06545591354370117,0,1,2,3
6165,0.07071685791015625,0,1,2,3
6165,0.07405710220336914,0,1,2,3
6165,0.07640528678894043,0,1,2,3
6165,0.0731804370880127,0,1,2,3
6165,0.06909418106079102,0,1,2,3
