6050,0.05291318893432617,0,1,2,3
5722,0.050356149673461914,0,1,2,3
7549,0.08848857879638672,0,1,2,3
2754,0.044359683990478516,0,1,2,3
2754,0.05086636543273926,0,1,2,3
2754,0.04418802261352539,0,1,2,3
2754,0.041806697845458984,0,1,2,3
2754,0.048459768295288086,0,1,2,3
2754,0.04407310485839844,0,1,2,3
2754,0.04574990272521973,0,1,2,3
2754,0.04847431182861328,0,1,2,3
2754,0.048041582107543945,0,1,2,3
2754,0.04714632034301758,0,1,2,3
2754,0.0471799373626709,0,1,2,3
2754,0.043442726135253906,0,1,2,3
2754,0.04577326774597168,0,1,2,3
2754,0.048738718032836914,0,1,2,3
2754,0.044956207275390625,0,1,2,3
2754,0.04911971092224121,0,1,2,3
2754,0.04646468162536621,0,1,2,3
