6806,0.2215712070465088,0,1,2,3
6806,0.1496574878692627,0,1,2,3
6979,0.1504361629486084,0,1,2,3
6503,0.15037775039672852,0,1,2,3
8633,0.25787782669067383,0,1,2,3
3175,0.10184597969055176,0,1,2,3
3175,0.0807032585144043,0,1,2,3
3175,0.09405708312988281,0,1,2,3
3175,0.08312034606933594,0,1,2,3
3175,0.08581709861755371,0,1,2,3
3175,0.1001126766204834,0,1,2,3
3175,0.0962071418762207,0,1,2,3
3175,0.09211230278015137,0,1,2,3
3175,0.0924842357635498,0,1,2,3
3175,0.09206175804138184,0,1,2,3
3175,0.08176827430725098,0,1,2,3
3175,0.08095383644104004,0,1,2,3
3175,0.08264446258544922,0,1,2,3
3175,0.08317828178405762,0,1,2,3
3175,0.08123588562011719,0,1,2,3
3175,0.08219122886657715,0,1,2,3
3175,0.07848048210144043,0,1,2,3
3175,0.09084653854370117,0,1,2,3
