6340,0.3504655361175537,0,1,2,3
6340,0.3076927661895752,0,1,2,3
6393,0.29145312309265137,0,1,2,3
6819,0.301438570022583,0,1,2,3
8192,0.5274100303649902,0,1,2,3
3669,0.17652416229248047,0,1,2,3
3669,0.15781736373901367,0,1,2,3
3669,0.15897440910339355,0,1,2,3
3669,0.1629641056060791,0,1,2,3
3669,0.15230321884155273,0,1,2,3
3669,0.1638343334197998,0,1,2,3
3669,0.1737806797027588,0,1,2,3
3669,0.1672344207763672,0,1,2,3
3669,0.16704869270324707,0,1,2,3
3669,0.16743254661560059,0,1,2,3
3669,0.15126633644104004,0,1,2,3
3669,0.15042948722839355,0,1,2,3
3669,0.14884591102600098,0,1,2,3
3669,0.1529541015625,0,1,2,3
3669,0.14605116844177246,0,1,2,3
3669,0.1557924747467041,0,1,2,3
3669,0.1635606288909912,0,1,2,3
