13745,0.10003089904785156,0,1,2,3
12418,0.09621000289916992,0,1,2,3
12003,0.09483671188354492,0,1,2,3
17044,0.1551966667175293,0,1,2,3
6295,0.0709371566772461,0,1,2,3
6295,0.07318115234375,0,1,2,3
6295,0.07380867004394531,0,1,2,3
6295,0.0728905200958252,0,1,2,3
6295,0.0764470100402832,0,1,2,3
6295,0.07279443740844727,0,1,2,3
6295,0.07336568832397461,0,1,2,3
6295,0.08769726753234863,0,1,2,3
6295,0.07486391067504883,0,1,2,3
6295,0.07269763946533203,0,1,2,3
6295,0.0743408203125,0,1,2,3
6295,0.07265806198120117,0,1,2,3
6295,0.07557964324951172,0,1,2,3
6295,0.07443666458129883,0,1,2,3
6295,0.07678818702697754,0,1,2,3
6295,0.0738976001739502,0,1,2,3
6295,0.0746302604675293,0,1,2,3
