3720,0.05042552947998047,0,1,2,3
3477,0.04895901679992676,0,1,2,3
3289,0.06973481178283691,0,1,2,3
4709,0.07790064811706543,0,1,2,3
2105,0.044356584548950195,0,1,2,3
2105,0.04506111145019531,0,1,2,3
2105,0.04727673530578613,0,1,2,3
2105,0.04422259330749512,0,1,2,3
2105,0.044042110443115234,0,1,2,3
2105,0.03997325897216797,0,1,2,3
2105,0.042044878005981445,0,1,2,3
2105,0.04319286346435547,0,1,2,3
2105,0.04432415962219238,0,1,2,3
2105,0.04009389877319336,0,1,2,3
2105,0.04278302192687988,0,1,2,3
2105,0.042682647705078125,0,1,2,3
2105,0.04389786720275879,0,1,2,3
2105,0.04378628730773926,0,1,2,3
2105,0.0439908504486084,0,1,2,3
2105,0.04626727104187012,0,1,2,3
2105,0.043987274169921875,0,1,2,3
