7551,0.05302309989929199,0,1,2,3
6819,0.05075478553771973,0,1,2,3
9521,0.08043575286865234,0,1,2,3
3010,0.04715085029602051,0,1,2,3
3010,0.0489504337310791,0,1,2,3
3010,0.049382686614990234,0,1,2,3
3010,0.045885562896728516,0,1,2,3
3010,0.04733109474182129,0,1,2,3
3010,0.04529118537902832,0,1,2,3
3010,0.04598426818847656,0,1,2,3
3010,0.049477577209472656,0,1,2,3
3010,0.048163414001464844,0,1,2,3
3010,0.04678773880004883,0,1,2,3
3010,0.04831814765930176,0,1,2,3
3010,0.04748177528381348,0,1,2,3
3010,0.04678940773010254,0,1,2,3
3010,0.04790997505187988,0,1,2,3
3010,0.04717612266540527,0,1,2,3
3010,0.04853057861328125,0,1,2,3
3010,0.04926586151123047,0,1,2,3
