12194,0.09604835510253906,0,1,2,3
10385,0.09181404113769531,0,1,2,3
10909,0.09454965591430664,0,1,2,3
14037,0.17780184745788574,0,1,2,3
5288,0.07236027717590332,0,1,2,3
5288,0.07450580596923828,0,1,2,3
5288,0.07034778594970703,0,1,2,3
5288,0.06908249855041504,0,1,2,3
5288,0.0719461441040039,0,1,2,3
5288,0.06987905502319336,0,1,2,3
5288,0.06947708129882812,0,1,2,3
5288,0.0782630443572998,0,1,2,3
5288,0.07232069969177246,0,1,2,3
5288,0.07002592086791992,0,1,2,3
5288,0.06826066970825195,0,1,2,3
5288,0.07214498519897461,0,1,2,3
5288,0.07469439506530762,0,1,2,3
5288,0.07101011276245117,0,1,2,3
5288,0.07512116432189941,0,1,2,3
5288,0.0706787109375,0,1,2,3
5288,0.0687704086303711,0,1,2,3
