12020,0.09882998466491699,0,1,2,3
10961,0.08902740478515625,0,1,2,3
11546,0.0938115119934082,0,1,2,3
14583,0.15558743476867676,0,1,2,3
6745,0.07041215896606445,0,1,2,3
6745,0.08177304267883301,0,1,2,3
6745,0.07309150695800781,0,1,2,3
6745,0.07560205459594727,0,1,2,3
6745,0.07144784927368164,0,1,2,3
6745,0.07190465927124023,0,1,2,3
6745,0.07082390785217285,0,1,2,3
6745,0.07505416870117188,0,1,2,3
6745,0.07574319839477539,0,1,2,3
6745,0.07320713996887207,0,1,2,3
6745,0.06374740600585938,0,1,2,3
6745,0.07620048522949219,0,1,2,3
6745,0.07249283790588379,0,1,2,3
6745,0.07022309303283691,0,1,2,3
6745,0.07195448875427246,0,1,2,3
6745,0.06830263137817383,0,1,2,3
6745,0.07323360443115234,0,1,2,3
