8302,0.15148210525512695,0,1,2,3
7695,0.15142607688903809,0,1,2,3
7220,0.14498519897460938,0,1,2,3
10378,0.2649424076080322,0,1,2,3
3889,0.0953981876373291,0,1,2,3
3889,0.0986335277557373,0,1,2,3
3889,0.09678173065185547,0,1,2,3
3889,0.10077595710754395,0,1,2,3
3889,0.10013127326965332,0,1,2,3
3889,0.09769034385681152,0,1,2,3
3889,0.0956423282623291,0,1,2,3
3889,0.10528922080993652,0,1,2,3
3889,0.09998536109924316,0,1,2,3
3889,0.0931844711303711,0,1,2,3
3889,0.10220599174499512,0,1,2,3
3889,0.09598255157470703,0,1,2,3
3889,0.0946502685546875,0,1,2,3
3889,0.09637069702148438,0,1,2,3
3889,0.09751439094543457,0,1,2,3
3889,0.09831547737121582,0,1,2,3
3889,0.09191155433654785,0,1,2,3
