13444,0.05453062057495117,0,1,2,3
13892,0.05290031433105469,0,1,2,3
17551,0.10012102127075195,0,1,2,3
8895,0.05317401885986328,0,1,2,3
8895,0.06266140937805176,0,1,2,3
8895,0.04596519470214844,0,1,2,3
8895,0.05134773254394531,0,1,2,3
8895,0.05364203453063965,0,1,2,3
8895,0.05336642265319824,0,1,2,3
8895,0.05294156074523926,0,1,2,3
8895,0.052167654037475586,0,1,2,3
8895,0.05601811408996582,0,1,2,3
8895,0.05322718620300293,0,1,2,3
8895,0.05661749839782715,0,1,2,3
8895,0.05385088920593262,0,1,2,3
8895,0.0545344352722168,0,1,2,3
8895,0.05381417274475098,0,1,2,3
8895,0.05594277381896973,0,1,2,3
8895,0.05292034149169922,0,1,2,3
8895,0.05582070350646973,0,1,2,3
