2089,0.08736562728881836,0,1,2,3
1990,0.07976126670837402,0,1,2,3
1751,0.10533428192138672,0,1,2,3
2639,0.1493082046508789,0,1,2,3
1292,0.06498241424560547,0,1,2,3
1292,0.06560730934143066,0,1,2,3
1292,0.0629127025604248,0,1,2,3
1292,0.06714940071105957,0,1,2,3
1292,0.06686854362487793,0,1,2,3
1292,0.06407666206359863,0,1,2,3
1292,0.06268477439880371,0,1,2,3
1292,0.06619071960449219,0,1,2,3
1292,0.06542658805847168,0,1,2,3
1292,0.06550884246826172,0,1,2,3
1292,0.06271028518676758,0,1,2,3
1292,0.06901288032531738,0,1,2,3
1292,0.0662221908569336,0,1,2,3
1292,0.0646359920501709,0,1,2,3
1292,0.06351065635681152,0,1,2,3
1292,0.06514739990234375,0,1,2,3
1292,0.06563782691955566,0,1,2,3
