12133,0.05408763885498047,0,1,2,3
11556,0.05484127998352051,0,1,2,3
14473,0.0845041275024414,0,1,2,3
7418,0.052518606185913086,0,1,2,3
7418,0.05330920219421387,0,1,2,3
7418,0.0521998405456543,0,1,2,3
7418,0.049495697021484375,0,1,2,3
7418,0.05311417579650879,0,1,2,3
7418,0.05144000053405762,0,1,2,3
7418,0.05329298973083496,0,1,2,3
7418,0.05449199676513672,0,1,2,3
7418,0.051639556884765625,0,1,2,3
7418,0.054544687271118164,0,1,2,3
7418,0.056601524353027344,0,1,2,3
7418,0.0486445426940918,0,1,2,3
7418,0.05704021453857422,0,1,2,3
7418,0.05487203598022461,0,1,2,3
7418,0.050875186920166016,0,1,2,3
7418,0.05089998245239258,0,1,2,3
7418,0.054636240005493164,0,1,2,3
