4428,0.08951330184936523,0,1,2,3
4160,0.08892560005187988,0,1,2,3
3527,0.11048293113708496,0,1,2,3
5602,0.15117859840393066,0,1,2,3
2386,0.06605005264282227,0,1,2,3
2386,0.06747007369995117,0,1,2,3
2386,0.0738222599029541,0,1,2,3
2386,0.06691718101501465,0,1,2,3
2386,0.06970906257629395,0,1,2,3
2386,0.06708192825317383,0,1,2,3
2386,0.06600022315979004,0,1,2,3
2386,0.06818199157714844,0,1,2,3
2386,0.06603002548217773,0,1,2,3
2386,0.06890249252319336,0,1,2,3
2386,0.06925797462463379,0,1,2,3
2386,0.06626486778259277,0,1,2,3
2386,0.06597733497619629,0,1,2,3
2386,0.06908297538757324,0,1,2,3
2386,0.06790876388549805,0,1,2,3
2386,0.07050800323486328,0,1,2,3
2386,0.06984138488769531,0,1,2,3
