9477,0.04466080665588379,0,1,2,3
9355,0.043189287185668945,0,1,2,3
11974,0.06189870834350586,0,1,2,3
6026,0.04001903533935547,0,1,2,3
6026,0.03888130187988281,0,1,2,3
6026,0.040813446044921875,0,1,2,3
6026,0.04047679901123047,0,1,2,3
6026,0.03945565223693848,0,1,2,3
6026,0.03968071937561035,0,1,2,3
6026,0.0400238037109375,0,1,2,3
6026,0.04125237464904785,0,1,2,3
6026,0.041970014572143555,0,1,2,3
6026,0.039713382720947266,0,1,2,3
6026,0.04317617416381836,0,1,2,3
6026,0.04067850112915039,0,1,2,3
6026,0.042449951171875,0,1,2,3
6026,0.04099678993225098,0,1,2,3
6026,0.04076027870178223,0,1,2,3
6026,0.04261898994445801,0,1,2,3
6026,0.04227113723754883,0,1,2,3
