9648,0.05024313926696777,0,1,2,3
9415,0.05596590042114258,0,1,2,3
9688,0.051074981689453125,0,1,2,3
12615,0.08970522880554199,0,1,2,3
4399,0.049770355224609375,0,1,2,3
4399,0.05170702934265137,0,1,2,3
4399,0.05267763137817383,0,1,2,3
4399,0.04472780227661133,0,1,2,3
4399,0.046097517013549805,0,1,2,3
4399,0.04538083076477051,0,1,2,3
4399,0.049256086349487305,0,1,2,3
4399,0.05448150634765625,0,1,2,3
4399,0.05058431625366211,0,1,2,3
4399,0.04726529121398926,0,1,2,3
4399,0.05180621147155762,0,1,2,3
4399,0.04984021186828613,0,1,2,3
4399,0.04960227012634277,0,1,2,3
4399,0.04893231391906738,0,1,2,3
4399,0.051329851150512695,0,1,2,3
4399,0.04639792442321777,0,1,2,3
4399,0.04841804504394531,0,1,2,3
