8354,0.13955044746398926,0,1,2,3
4650,0.1411283016204834,0,1,2,3
5704,0.14502429962158203,0,1,2,3
6041,0.2613334655761719,0,1,2,3
4495,0.09500527381896973,0,1,2,3
4495,0.09883356094360352,0,1,2,3
4495,0.09812211990356445,0,1,2,3
4495,0.09517335891723633,0,1,2,3
4495,0.09808492660522461,0,1,2,3
4495,0.10015416145324707,0,1,2,3
4495,0.08826160430908203,0,1,2,3
4495,0.10572028160095215,0,1,2,3
4495,0.09498476982116699,0,1,2,3
4495,0.09544849395751953,0,1,2,3
4495,0.09848952293395996,0,1,2,3
4495,0.09892964363098145,0,1,2,3
4495,0.09789538383483887,0,1,2,3
4495,0.09908914566040039,0,1,2,3
4495,0.09807348251342773,0,1,2,3
4495,0.10678315162658691,0,1,2,3
4495,0.09399819374084473,0,1,2,3
