4905,0.28324413299560547,0,1,2,3
4716,0.30158400535583496,0,1,2,3
4449,0.2835848331451416,0,1,2,3
6392,0.5084140300750732,0,1,2,3
2311,0.17773056030273438,0,1,2,3
2311,0.14684581756591797,0,1,2,3
2311,0.17882919311523438,0,1,2,3
2311,0.16856765747070312,0,1,2,3
2311,0.14284777641296387,0,1,2,3
2311,0.1694953441619873,0,1,2,3
2311,0.17907977104187012,0,1,2,3
2311,0.16541528701782227,0,1,2,3
2311,0.17761445045471191,0,1,2,3
2311,0.17135262489318848,0,1,2,3
2311,0.14873981475830078,0,1,2,3
2311,0.16758060455322266,0,1,2,3
2311,0.15042829513549805,0,1,2,3
2311,0.15938711166381836,0,1,2,3
2311,0.17507314682006836,0,1,2,3
2311,0.1632239818572998,0,1,2,3
2311,0.16914796829223633,0,1,2,3
