9386,0.1011497974395752,0,1,2,3
9233,0.09061574935913086,0,1,2,3
9619,0.09046506881713867,0,1,2,3
12046,0.16556668281555176,0,1,2,3
5930,0.07222223281860352,0,1,2,3
5930,0.07719755172729492,0,1,2,3
5930,0.07466650009155273,0,1,2,3
5930,0.07615971565246582,0,1,2,3
5930,0.06901097297668457,0,1,2,3
5930,0.07531023025512695,0,1,2,3
5930,0.0739595890045166,0,1,2,3
5930,0.07361221313476562,0,1,2,3
5930,0.07012128829956055,0,1,2,3
5930,0.07913494110107422,0,1,2,3
5930,0.06592273712158203,0,1,2,3
5930,0.07371377944946289,0,1,2,3
5930,0.0726923942565918,0,1,2,3
5930,0.07103490829467773,0,1,2,3
5930,0.07567024230957031,0,1,2,3
5930,0.07497453689575195,0,1,2,3
5930,0.07165884971618652,0,1,2,3
