6601,0.0516207218170166,0,1,2,3
6066,0.051956892013549805,0,1,2,3
8167,0.10255122184753418,0,1,2,3
3921,0.04780387878417969,0,1,2,3
3921,0.05049467086791992,0,1,2,3
3921,0.047760009765625,0,1,2,3
3921,0.044527530670166016,0,1,2,3
3921,0.05060172080993652,0,1,2,3
3921,0.047742366790771484,0,1,2,3
3921,0.048043251037597656,0,1,2,3
3921,0.050482749938964844,0,1,2,3
3921,0.04755377769470215,0,1,2,3
3921,0.046646833419799805,0,1,2,3
3921,0.05157041549682617,0,1,2,3
3921,0.04796481132507324,0,1,2,3
3921,0.046447038650512695,0,1,2,3
3921,0.04955101013183594,0,1,2,3
3921,0.050048112869262695,0,1,2,3
3921,0.050330400466918945,0,1,2,3
3921,0.05019330978393555,0,1,2,3
