8266,0.05582618713378906,0,1,2,3
8079,0.052916765213012695,0,1,2,3
4093,0.049191951751708984,0,1,2,3
4093,0.050928592681884766,0,1,2,3
4093,0.0585782527923584,0,1,2,3
4093,0.042363882064819336,0,1,2,3
4093,0.05033683776855469,0,1,2,3
4093,0.04883909225463867,0,1,2,3
4093,0.04165220260620117,0,1,2,3
4093,0.04953885078430176,0,1,2,3
4093,0.04974102973937988,0,1,2,3
4093,0.04793071746826172,0,1,2,3
4093,0.04835057258605957,0,1,2,3
4093,0.04894423484802246,0,1,2,3
4093,0.04680776596069336,0,1,2,3
4093,0.04556155204772949,0,1,2,3
4093,0.05050158500671387,0,1,2,3
4093,0.05903124809265137,0,1,2,3
4093,0.049779415130615234,0,1,2,3
