7072,0.0891263484954834,0,1,2,3
11171,0.09493112564086914,0,1,2,3
7964,0.08942222595214844,0,1,2,3
8703,0.15703940391540527,0,1,2,3
4814,0.07059860229492188,0,1,2,3
4814,0.07583355903625488,0,1,2,3
4814,0.0736391544342041,0,1,2,3
4814,0.07650876045227051,0,1,2,3
4814,0.07543706893920898,0,1,2,3
4814,0.07602405548095703,0,1,2,3
4814,0.0721435546875,0,1,2,3
4814,0.07078933715820312,0,1,2,3
4814,0.06629323959350586,0,1,2,3
4814,0.07148456573486328,0,1,2,3
4814,0.06712818145751953,0,1,2,3
4814,0.07530450820922852,0,1,2,3
4814,0.06557250022888184,0,1,2,3
4814,0.08205604553222656,0,1,2,3
4814,0.07709908485412598,0,1,2,3
4814,0.07226133346557617,0,1,2,3
4814,0.07371401786804199,0,1,2,3
