11006,0.14275074005126953,0,1,2,3
10828,0.14320588111877441,0,1,2,3
6177,0.09765863418579102,0,1,2,3
6177,0.10417294502258301,0,1,2,3
6177,0.09843850135803223,0,1,2,3
6177,0.09818100929260254,0,1,2,3
6177,0.09841394424438477,0,1,2,3
6177,0.09900736808776855,0,1,2,3
6177,0.10156035423278809,0,1,2,3
6177,0.10039734840393066,0,1,2,3
6177,0.09744739532470703,0,1,2,3
6177,0.09954142570495605,0,1,2,3
6177,0.10064101219177246,0,1,2,3
6177,0.09955811500549316,0,1,2,3
6177,0.10109162330627441,0,1,2,3
6177,0.09666275978088379,0,1,2,3
6177,0.09730648994445801,0,1,2,3
6177,0.09980535507202148,0,1,2,3
6177,0.09694075584411621,0,1,2,3
