9188,0.09029603004455566,0,1,2,3
9342,0.08768820762634277,0,1,2,3
5563,0.07238340377807617,0,1,2,3
5563,0.07416653633117676,0,1,2,3
5563,0.07138967514038086,0,1,2,3
5563,0.07000160217285156,0,1,2,3
5563,0.07328462600708008,0,1,2,3
5563,0.07015275955200195,0,1,2,3
5563,0.07056474685668945,0,1,2,3
5563,0.0732278823852539,0,1,2,3
5563,0.07286238670349121,0,1,2,3
5563,0.07081985473632812,0,1,2,3
5563,0.0680084228515625,0,1,2,3
5563,0.07311844825744629,0,1,2,3
5563,0.06977009773254395,0,1,2,3
5563,0.07248497009277344,0,1,2,3
5563,0.07182598114013672,0,1,2,3
5563,0.07124590873718262,0,1,2,3
5563,0.07254743576049805,0,1,2,3
