8507,0.14098453521728516,0,1,2,3
5715,0.1420912742614746,0,1,2,3
6612,0.14755821228027344,0,1,2,3
7211,0.26837706565856934,0,1,2,3
4549,0.09351873397827148,0,1,2,3
4549,0.09660959243774414,0,1,2,3
4549,0.09898185729980469,0,1,2,3
4549,0.0939483642578125,0,1,2,3
4549,0.09672665596008301,0,1,2,3
4549,0.09603428840637207,0,1,2,3
4549,0.10435605049133301,0,1,2,3
4549,0.09845376014709473,0,1,2,3
4549,0.09901809692382812,0,1,2,3
4549,0.09821057319641113,0,1,2,3
4549,0.09718847274780273,0,1,2,3
4549,0.09301972389221191,0,1,2,3
4549,0.09922623634338379,0,1,2,3
4549,0.10077452659606934,0,1,2,3
4549,0.09804892539978027,0,1,2,3
4549,0.09442782402038574,0,1,2,3
4549,0.09524106979370117,0,1,2,3
