10490,0.1440904140472412,0,1,2,3
9721,0.15112090110778809,0,1,2,3
8310,0.14760136604309082,0,1,2,3
13242,0.2660257816314697,0,1,2,3
4535,0.09565591812133789,0,1,2,3
4535,0.10417795181274414,0,1,2,3
4535,0.09766149520874023,0,1,2,3
4535,0.09695601463317871,0,1,2,3
4535,0.10046267509460449,0,1,2,3
4535,0.10267782211303711,0,1,2,3
4535,0.09727835655212402,0,1,2,3
4535,0.09615755081176758,0,1,2,3
4535,0.10228729248046875,0,1,2,3
4535,0.09720540046691895,0,1,2,3
4535,0.0808255672454834,0,1,2,3
4535,0.09931421279907227,0,1,2,3
4535,0.10180854797363281,0,1,2,3
4535,0.09924936294555664,0,1,2,3
4535,0.09814763069152832,0,1,2,3
4535,0.10039567947387695,0,1,2,3
4535,0.09866213798522949,0,1,2,3
