6647,0.05557894706726074,0,1,2,3
6435,0.049759626388549805,0,1,2,3
6526,0.06227755546569824,0,1,2,3
8720,0.08736562728881836,0,1,2,3
3249,0.04588747024536133,0,1,2,3
3249,0.04961204528808594,0,1,2,3
3249,0.046010732650756836,0,1,2,3
3249,0.04362130165100098,0,1,2,3
3249,0.0471339225769043,0,1,2,3
3249,0.04486536979675293,0,1,2,3
3249,0.046573638916015625,0,1,2,3
3249,0.051592111587524414,0,1,2,3
3249,0.044036865234375,0,1,2,3
3249,0.047479867935180664,0,1,2,3
3249,0.043181657791137695,0,1,2,3
3249,0.04443049430847168,0,1,2,3
3249,0.04525589942932129,0,1,2,3
3249,0.049452781677246094,0,1,2,3
3249,0.044387102127075195,0,1,2,3
3249,0.04568624496459961,0,1,2,3
3249,0.04306483268737793,0,1,2,3
