7932,0.09893989562988281,0,1,2,3
7564,0.09001946449279785,0,1,2,3
8709,0.08630561828613281,0,1,2,3
9723,0.18590497970581055,0,1,2,3
4571,0.06946063041687012,0,1,2,3
4571,0.07472372055053711,0,1,2,3
4571,0.07462835311889648,0,1,2,3
4571,0.06344723701477051,0,1,2,3
4571,0.0726470947265625,0,1,2,3
4571,0.0744328498840332,0,1,2,3
4571,0.06997179985046387,0,1,2,3
4571,0.07235360145568848,0,1,2,3
4571,0.0715644359588623,0,1,2,3
4571,0.06820559501647949,0,1,2,3
4571,0.06299519538879395,0,1,2,3
4571,0.06467056274414062,0,1,2,3
4571,0.06858086585998535,0,1,2,3
4571,0.07068276405334473,0,1,2,3
4571,0.07278227806091309,0,1,2,3
4571,0.06569337844848633,0,1,2,3
4571,0.0717613697052002,0,1,2,3
