13618,0.0931098461151123,0,1,2,3
12936,0.09017324447631836,0,1,2,3
12932,0.09538078308105469,0,1,2,3
17113,0.15550923347473145,0,1,2,3
5881,0.0699625015258789,0,1,2,3
5881,0.07848215103149414,0,1,2,3
5881,0.07251930236816406,0,1,2,3
5881,0.07446837425231934,0,1,2,3
5881,0.0769948959350586,0,1,2,3
5881,0.07515859603881836,0,1,2,3
5881,0.07175683975219727,0,1,2,3
5881,0.07442235946655273,0,1,2,3
5881,0.07312202453613281,0,1,2,3
5881,0.07192087173461914,0,1,2,3
5881,0.0631551742553711,0,1,2,3
5881,0.06255674362182617,0,1,2,3
5881,0.07481598854064941,0,1,2,3
5881,0.07750201225280762,0,1,2,3
5881,0.06937980651855469,0,1,2,3
5881,0.06574344635009766,0,1,2,3
5881,0.07158279418945312,0,1,2,3
