8867,0.16209101676940918,0,1,2,3
8409,0.1466379165649414,0,1,2,3
7500,0.1479477882385254,0,1,2,3
11317,0.3063540458679199,0,1,2,3
4223,0.10205411911010742,0,1,2,3
4223,0.11024808883666992,0,1,2,3
4223,0.10049200057983398,0,1,2,3
4223,0.10532450675964355,0,1,2,3
4223,0.09784793853759766,0,1,2,3
4223,0.09866952896118164,0,1,2,3
4223,0.09728145599365234,0,1,2,3
4223,0.09888672828674316,0,1,2,3
4223,0.10214471817016602,0,1,2,3
4223,0.10084962844848633,0,1,2,3
4223,0.08022594451904297,0,1,2,3
4223,0.09580683708190918,0,1,2,3
4223,0.09795117378234863,0,1,2,3
4223,0.09828567504882812,0,1,2,3
4223,0.09238934516906738,0,1,2,3
4223,0.09526729583740234,0,1,2,3
4223,0.09662175178527832,0,1,2,3
