8200,0.08997535705566406,0,1,2,3
8236,0.09559202194213867,0,1,2,3
5212,0.08060598373413086,0,1,2,3
5212,0.07225894927978516,0,1,2,3
5212,0.07429122924804688,0,1,2,3
5212,0.07315421104431152,0,1,2,3
5212,0.07184815406799316,0,1,2,3
5212,0.06602168083190918,0,1,2,3
5212,0.06876802444458008,0,1,2,3
5212,0.07344198226928711,0,1,2,3
5212,0.06894135475158691,0,1,2,3
5212,0.07108592987060547,0,1,2,3
5212,0.07729458808898926,0,1,2,3
5212,0.06897616386413574,0,1,2,3
5212,0.07158470153808594,0,1,2,3
5212,0.07268095016479492,0,1,2,3
5212,0.07341289520263672,0,1,2,3
5212,0.06901979446411133,0,1,2,3
5212,0.06918716430664062,0,1,2,3
