4534,0.053102731704711914,0,1,2,3
4303,0.05307888984680176,0,1,2,3
5541,0.0821831226348877,0,1,2,3
2168,0.043073415756225586,0,1,2,3
2168,0.0438542366027832,0,1,2,3
2168,0.047782182693481445,0,1,2,3
2168,0.0424346923828125,0,1,2,3
2168,0.04631233215332031,0,1,2,3
2168,0.044426918029785156,0,1,2,3
2168,0.04246115684509277,0,1,2,3
2168,0.046331167221069336,0,1,2,3
2168,0.0449984073638916,0,1,2,3
2168,0.04504871368408203,0,1,2,3
2168,0.04458737373352051,0,1,2,3
2168,0.04274153709411621,0,1,2,3
2168,0.04575324058532715,0,1,2,3
2168,0.05098271369934082,0,1,2,3
2168,0.0457918643951416,0,1,2,3
2168,0.045162200927734375,0,1,2,3
2168,0.043956756591796875,0,1,2,3
