6831,0.05519294738769531,0,1,2,3
6535,0.052532196044921875,0,1,2,3
6230,0.0542149543762207,0,1,2,3
8843,0.0791175365447998,0,1,2,3
3003,0.04642295837402344,0,1,2,3
3003,0.0484006404876709,0,1,2,3
3003,0.04275226593017578,0,1,2,3
3003,0.045494794845581055,0,1,2,3
3003,0.04840826988220215,0,1,2,3
3003,0.0412440299987793,0,1,2,3
3003,0.041455745697021484,0,1,2,3
3003,0.05042886734008789,0,1,2,3
3003,0.043692827224731445,0,1,2,3
3003,0.04733753204345703,0,1,2,3
3003,0.049820899963378906,0,1,2,3
3003,0.04033851623535156,0,1,2,3
3003,0.04357481002807617,0,1,2,3
3003,0.04577326774597168,0,1,2,3
3003,0.04720926284790039,0,1,2,3
3003,0.045554399490356445,0,1,2,3
3003,0.04322052001953125,0,1,2,3
