5587,0.09422016143798828,0,1,2,3
5008,0.0875554084777832,0,1,2,3
4532,0.09212279319763184,0,1,2,3
6875,0.15691280364990234,0,1,2,3
2790,0.0688021183013916,0,1,2,3
2790,0.06917381286621094,0,1,2,3
2790,0.0658578872680664,0,1,2,3
2790,0.06519460678100586,0,1,2,3
2790,0.06712651252746582,0,1,2,3
2790,0.06556558609008789,0,1,2,3
2790,0.06707096099853516,0,1,2,3
2790,0.06712937355041504,0,1,2,3
2790,0.06678152084350586,0,1,2,3
2790,0.06925678253173828,0,1,2,3
2790,0.06511878967285156,0,1,2,3
2790,0.06730961799621582,0,1,2,3
2790,0.07729148864746094,0,1,2,3
2790,0.07264566421508789,0,1,2,3
2790,0.06619405746459961,0,1,2,3
2790,0.06816649436950684,0,1,2,3
2790,0.06435537338256836,0,1,2,3
