11216,0.08482217788696289,0,1,2,3
10676,0.09416627883911133,0,1,2,3
10124,0.09203243255615234,0,1,2,3
14189,0.1621243953704834,0,1,2,3
6024,0.07120585441589355,0,1,2,3
6024,0.07219314575195312,0,1,2,3
6024,0.07646942138671875,0,1,2,3
6024,0.06917977333068848,0,1,2,3
6024,0.07568621635437012,0,1,2,3
6024,0.06982994079589844,0,1,2,3
6024,0.06925702095031738,0,1,2,3
6024,0.0704500675201416,0,1,2,3
6024,0.06759428977966309,0,1,2,3
6024,0.07119369506835938,0,1,2,3
6024,0.07692193984985352,0,1,2,3
6024,0.0711827278137207,0,1,2,3
6024,0.07530069351196289,0,1,2,3
6024,0.06866765022277832,0,1,2,3
6024,0.06928348541259766,0,1,2,3
6024,0.06897783279418945,0,1,2,3
6024,0.0724186897277832,0,1,2,3
