13411268,8.102826595306396,0.15806376934051514,0.15806376934051514,60.16411590576172,1.114980697631836
13857529,6.978098392486572,0.16630956530570984,0.16630956530570984,39.55132293701172,1.1497395038604736
2333620,1.1398699283599854,0.15214571356773376,0.15214571356773376,25.669998168945312,1.106231451034546
8045643,4.530183553695679,0.1776048243045807,0.1776048243045807,34.81352615356445,1.0264214277267456
3558190,4.734631061553955,0.19366444647312164,0.19366444647312164,32.63429260253906,1.0720677375793457
17442,4.39508843421936,0.32107722759246826,0.32107722759246826,37.73482894897461,1.3332405090332031
9054,0.9944994449615479,0.4000912606716156,0.4000912606716156,27.276609420776367,1.2547420263290405
9779,0.8506484031677246,0.17896775901317596,0.17896775901317596,16.941070556640625,1.0934702157974243
9385,0.9209878444671631,0.1944989114999771,0.1944989114999771,9.714194297790527,1.3810640573501587
9023,0.8212225437164307,0.3477829694747925,0.3477829694747925,33.150169372558594,1.3572955131530762
9083,0.37223267555236816,0.260048508644104,0.260048508644104,33.782066345214844,1.1945289373397827
4586656,1.296013593673706,0.17002610862255096,0.17002610862255096,19.013628005981445,0.9016554951667786
969959,0.9141132831573486,0.07805419713258743,0.07805419713258743,10.543752670288086,0.8294809460639954
1763503,0.9622378349304199,0.11019960790872574,0.11019960790872574,20.408540725708008,0.9186485409736633
3375882,0.9785187244415283,0.18375350534915924,0.18375350534915924,65.17000579833984,1.0372005701065063
1747473,0.5134718418121338,0.15133190155029297,0.15133190155029297,26.375085830688477,0.9728962182998657
3162592,1.1386921405792236,0.16213999688625336,0.16213999688625336,16.9304141998291,0.8826434016227722
986339,0.8588554859161377,0.07713870704174042,0.07713870704174042,10.204704284667969,0.816097617149353
1414930,0.8784365653991699,0.1089293360710144,0.1089293360710144,19.57912254333496,0.9064088463783264
2444817,0.8893115520477295,0.17963901162147522,0.17963901162147522,62.11492919921875,1.025878667831421
1347157,0.5042533874511719,0.1495668590068817,0.1495668590068817,25.024280548095703,0.955451488494873
1520629,1.0727872848510742,0.2042737454175949,0.2042737454175949,16.868005752563477,0.9717679023742676
501832,0.8192617893218994,0.08071520924568176,0.08071520924568176,9.56326961517334,0.8235612511634827
691934,0.8809213638305664,0.11406773328781128,0.11406773328781128,17.344219207763672,0.927680492401123
1092717,0.8722209930419922,0.19036878645420074,0.19036878645420074,60.28653335571289,1.0649775266647339
578841,0.4539811611175537,0.15839718282222748,0.15839718282222748,25.646265029907227,0.981115460395813
9054,1.0429275035858154,0.4000912606716156,0.4000912606716156,27.276609420776367,1.2547420263290405
9779,0.9455816745758057,0.17896775901317596,0.17896775901317596,16.941070556640625,1.0934702157974243
9385,0.848813533782959,0.1944989114999771,0.1944989114999771,9.714194297790527,1.3810640573501587
9023,0.7479395866394043,0.3477829694747925,0.3477829694747925,33.150169372558594,1.3572955131530762
9083,0.4301261901855469,0.260048508644104,0.260048508644104,33.782066345214844,1.1945289373397827
385024,1.0787591934204102,0.3428531885147095,0.3428531885147095,20.508779525756836,1.1466827392578125
205172,0.8201630115509033,0.10950274765491486,0.10950274765491486,11.347692489624023,0.9331098198890686
221319,0.9026393890380859,0.14614512026309967,0.14614512026309967,15.954505920410156,1.0325074195861816
294040,0.857839822769165,0.2588724195957184,0.2588724195957184,42.72762680053711,1.1755424737930298
135261,0.4399118423461914,0.19663545489311218,0.19663545489311218,30.556421279907227,1.0888960361480713
27561,1.03826904296875,0.4218257963657379,0.4218257963657379,26.033523559570312,1.2360923290252686
43024,0.8129665851593018,0.1515808403491974,0.1515808403491974,12.604242324829102,1.031489372253418
33675,0.8382205963134766,0.1868867129087448,0.1868867129087448,16.719329833984375,1.1014655828475952
30065,0.9384689331054688,0.346774160861969,0.346774160861969,81.8880615234375,1.2513470649719238
19217,0.44675350189208984,0.25134092569351196,0.25134092569351196,27.47435188293457,1.1604318618774414
98259,7.235549688339233,0.21604612469673157,0.21604612469673157,45.345542907714844,1.2105770111083984
98259,7.876073360443115,0.21604612469673157,0.21604612469673157,45.345542907714844,1.2105770111083984
11795875,7.575497627258301,0.16362589597702026,0.16362589597702026,49.72823715209961,1.125363826751709
