6116,0.04923129081726074,0,1,2,3
5761,0.052510738372802734,0,1,2,3
5320,0.05502486228942871,0,1,2,3
7765,0.09488868713378906,0,1,2,3
3041,0.04582071304321289,0,1,2,3
3041,0.04560351371765137,0,1,2,3
3041,0.050330400466918945,0,1,2,3
3041,0.04577827453613281,0,1,2,3
3041,0.04237937927246094,0,1,2,3
3041,0.042992353439331055,0,1,2,3
3041,0.04441499710083008,0,1,2,3
3041,0.0457456111907959,0,1,2,3
3041,0.04548215866088867,0,1,2,3
3041,0.047083377838134766,0,1,2,3
3041,0.048775434494018555,0,1,2,3
3041,0.048787832260131836,0,1,2,3
3041,0.044220924377441406,0,1,2,3
3041,0.0494687557220459,0,1,2,3
3041,0.04718327522277832,0,1,2,3
3041,0.05010032653808594,0,1,2,3
3041,0.046450138092041016,0,1,2,3
