7779,0.08919620513916016,0,1,2,3
7712,0.09182429313659668,0,1,2,3
5069,0.07063126564025879,0,1,2,3
5069,0.07166457176208496,0,1,2,3
5069,0.06658387184143066,0,1,2,3
5069,0.07054543495178223,0,1,2,3
5069,0.06806063652038574,0,1,2,3
5069,0.07116246223449707,0,1,2,3
5069,0.07074856758117676,0,1,2,3
5069,0.07067561149597168,0,1,2,3
5069,0.0745692253112793,0,1,2,3
5069,0.07177329063415527,0,1,2,3
5069,0.06871795654296875,0,1,2,3
5069,0.0700228214263916,0,1,2,3
5069,0.07040739059448242,0,1,2,3
5069,0.0735330581665039,0,1,2,3
5069,0.06639957427978516,0,1,2,3
5069,0.07176327705383301,0,1,2,3
5069,0.06866788864135742,0,1,2,3
