person 0.856418251991272 864 188 882 214
person 0.41655996441841125 711 192 741 223
car 0.9953677654266357 525 292 642 356
car 0.9884154796600342 562 161 588 191
car 0.9854221343994141 267 365 366 420
car 0.9510586261749268 925 320 987 375
car 0.9373061656951904 176 430 281 500
car 0.9096181988716125 177 499 304 574
car 0.9727897047996521 68 434 141 490
car 0.9205241799354553 852 471 929 605
car 0.9136538505554199 821 206 880 233
car 0.9897477626800537 491 201 529 230
car 0.9867781400680542 1 400 52 437
car 0.5548179745674133 708 203 742 230
car 0.9735631942749023 1 477 64 566
traffic_light 0.47567182779312134 1141 313 1159 337
traffic_light 0.720270574092865 1069 239 1082 258
traffic_light 0.875383198261261 1106 274 1119 294
