person 0.23701594769954681 773 167 808 196
person 0.9161538481712341 1072 236 1085 255
car 0.9505556225776672 209 367 311 422
car 0.9894780516624451 328 256 399 301
car 0.9782602190971375 599 98 625 119
car 0.971287727355957 113 381 188 428
car 0.9589196443557739 56 398 114 435
car 0.7019068598747253 1020 267 1065 292
car 0.5324424505233765 959 355 1035 426
car 0.9937785267829895 620 135 650 158
car 0.927598774433136 81 436 157 499
car 0.976894199848175 641 159 673 183
car 0.9831240177154541 659 133 691 152
motorbike 0.40327101945877075 765 167 802 193
traffic_light 0.5140795111656189 1141 312 1159 336
traffic_light 0.4378332197666168 1105 278 1127 305
