person 0.6467660665512085 375 290 392 320
person 0.6876896619796753 1105 281 1128 305
person 0.41797685623168945 1023 268 1062 292
car 0.9616246819496155 209 368 310 422
car 0.9758790135383606 114 380 186 428
car 0.9942309856414795 622 133 651 156
car 0.9437380433082581 830 281 901 335
car 0.9905691146850586 640 157 673 184
car 0.7073156833648682 1029 303 1073 330
traffic_light 0.5674103498458862 1143 315 1161 338
traffic_light 0.6270883083343506 827 217 865 246
traffic_light 0.9754869341850281 410 301 433 349
traffic_light 0.5099359154701233 510 178 531 226
traffic_light 0.9418551921844482 413 329 436 358
