person 0.9384651780128479 422 210 444 245
person 0.8783324360847473 274 256 300 290
person 0.9461180567741394 1073 237 1085 256
person 0.8876478672027588 912 212 929 241
person 0.5729829668998718 1105 281 1128 305
person 0.8938220739364624 1086 241 1102 260
person 0.2738853394985199 812 254 847 283
car 0.9714742302894592 245 320 332 368
car 0.9525642991065979 86 311 140 344
car 0.9820114374160767 557 178 589 207
car 0.9139743447303772 729 163 759 185
car 0.9443918466567993 209 370 308 423
car 0.9190049171447754 583 113 616 144
car 0.9932141304016113 512 186 541 209
car 0.9891974329948425 640 156 672 181
car 0.6574202179908752 11 372 48 409
car 0.902591347694397 112 380 190 427
car 0.9730502963066101 557 166 585 195
car 0.591673731803894 998 475 1090 608
car 0.9902717471122742 597 154 627 180
car 0.5165043473243713 1021 268 1066 293
car 0.4550354778766632 642 91 659 108
car 0.9798317551612854 591 138 621 163
car 0.41309309005737305 825 257 857 286
car 0.8954217433929443 622 135 646 162
car 0.6463795900344849 1029 303 1073 330
car 0.9738898277282715 683 159 718 182
traffic_light 0.4216718375682831 1143 315 1161 337
