person 0.8758325576782227 1071 238 1084 260
person 0.8716339468955994 924 193 933 217
person 0.9351393580436707 439 211 454 236
person 0.893997073173523 297 230 316 260
car 0.9944273233413696 564 180 592 206
car 0.9874458312988281 601 156 636 185
car 0.9929882884025574 556 135 584 158
car 0.9936157464981079 637 156 667 179
car 0.9322537183761597 1021 288 1122 327
car 0.9750657677650452 657 137 690 163
car 0.9819473028182983 563 169 588 193
car 0.9860753417015076 676 157 713 180
traffic_light 0.7426592707633972 872 196 885 218
