person 0.6601924896240234 1104 278 1128 307
person 0.38162702322006226 1023 267 1063 295
person 0.959250807762146 1071 236 1085 255
car 0.993988037109375 202 367 312 421
car 0.9502833485603333 190 497 307 578
car 0.9728571772575378 176 430 283 499
car 0.9338213801383972 1005 327 1076 362
car 0.9833242297172546 111 379 189 428
car 0.9705489873886108 621 108 647 127
car 0.9538334012031555 578 70 593 80
traffic_light 0.35333818197250366 1140 313 1159 335
traffic_light 0.7750688195228577 860 186 875 208
