person 0.5394524931907654 1106 279 1128 302
person 0.8554866909980774 272 256 298 287
person 0.9557056427001953 1071 238 1084 256
car 0.9506086707115173 595 355 677 510
car 0.9560638070106506 190 498 308 578
car 0.9913386106491089 203 367 312 423
car 0.9146817922592163 1070 353 1124 390
car 0.9781976342201233 175 430 283 498
car 0.7465888261795044 1018 268 1064 292
car 0.9719517230987549 597 96 625 118
car 0.9794952869415283 111 380 190 427
car 0.9367920160293579 1029 303 1073 329
car 0.9383717179298401 716 195 785 244
traffic_light 0.508256196975708 1141 313 1159 336
