person 0.9255073666572571 365 237 380 262
person 0.7509296536445618 1105 278 1125 304
car 0.9883444309234619 330 270 413 320
car 0.9053074717521667 210 368 310 421
car 0.9477376341819763 113 380 186 427
car 0.8040895462036133 838 292 919 360
car 0.9942530989646912 596 86 623 102
car 0.9925645589828491 622 133 649 155
car 0.9826761484146118 639 158 675 183
car 0.4768606424331665 1021 267 1061 293
car 0.9536933898925781 491 203 529 227
car 0.8212195038795471 661 99 689 116
traffic_light 0.8667645454406738 1143 312 1160 337
