person 0.519102156162262 1105 281 1128 305
person 0.6652606129646301 1058 237 1080 255
car 0.9103425145149231 207 367 311 422
car 0.9776061773300171 114 379 186 428
car 0.9858995079994202 135 323 202 361
car 0.9612924456596375 824 242 884 291
car 0.8095069527626038 1020 267 1064 291
car 0.8901901245117188 405 228 475 281
car 0.9886964559555054 640 157 675 181
car 0.8529362678527832 727 172 758 192
car 0.40516769886016846 1048 482 1131 564
car 0.991576611995697 621 134 651 157
traffic_light 0.5495636463165283 394 438 422 469
traffic_light 0.4297906458377838 1143 315 1161 338
