person 0.47113966941833496 1140 312 1158 335
person 0.5032316446304321 1106 279 1126 303
person 0.8263317942619324 273 257 298 288
person 0.9441971182823181 1070 238 1084 258
car 0.995527446269989 814 251 902 303
car 0.990946888923645 202 368 313 421
car 0.9249725937843323 190 499 308 577
car 0.9603947997093201 176 431 283 499
car 0.9695237278938293 571 96 590 114
car 0.9812658429145813 112 381 189 427
car 0.995647132396698 590 145 622 170
car 0.8893699645996094 610 108 632 129
car 0.9907545447349548 624 141 664 167
car 0.9128822088241577 60 397 112 435
car 0.39972373843193054 1022 268 1063 293
car 0.9474445581436157 658 182 693 209
car 0.9786282777786255 673 155 718 182
