person 0.9734166860580444 1072 237 1085 255
person 0.4745766818523407 1105 278 1126 306
car 0.9438353776931763 1069 325 1126 361
car 0.9932911396026611 203 367 312 420
car 0.9152137041091919 189 497 309 576
car 0.8974369764328003 701 234 772 293
car 0.9554586410522461 176 431 283 499
car 0.9772061109542847 112 380 189 427
car 0.8005995750427246 1018 267 1066 294
car 0.9786132574081421 642 130 673 152
car 0.9480989575386047 1029 302 1075 330
traffic_light 0.7624622583389282 1144 313 1159 335
traffic_light 0.672892689704895 860 188 876 209
