person 0.9473066926002502 298 230 315 259
car 0.8665493726730347 397 337 522 394
car 0.9107537865638733 885 380 946 455
car 0.8743011951446533 163 377 252 432
car 0.958935558795929 190 498 307 575
car 0.9231218099594116 171 430 282 500
car 0.9620590209960938 561 153 584 180
car 0.8639559745788574 821 204 882 232
car 0.8859401941299438 1020 265 1066 293
car 0.8259591460227966 659 234 709 273
car 0.7366857528686523 1067 287 1111 317
car 0.970577597618103 506 186 535 213
car 0.9581611752510071 982 300 1048 335
motorbike 0.7792614698410034 66 435 143 493
traffic_light 0.6410406827926636 1143 313 1159 337
