person 0.5589907765388489 1105 280 1127 304
person 0.6466695666313171 1153 425 1179 468
car 0.8730340600013733 634 243 706 323
car 0.9355130791664124 208 368 310 421
car 0.9528947472572327 113 381 186 426
car 0.9766163229942322 962 439 1033 516
car 0.8124288320541382 591 366 655 469
car 0.9974430799484253 586 117 616 142
car 0.9470173716545105 663 95 691 120
car 0.9910604357719421 601 162 635 195
car 0.9954902529716492 621 131 653 159
car 0.7441356778144836 1018 267 1066 293
car 0.8700008392333984 790 223 849 274
car 0.994306743144989 642 157 673 183
traffic_light 0.4874553978443146 1142 314 1161 336
