person 0.423448771238327 1104 281 1129 304
person 0.9677428603172302 1070 239 1084 257
car 0.6508163809776306 906 373 984 467
car 0.9604319930076599 208 368 312 421
car 0.969567060470581 113 379 187 427
car 0.9946491122245789 589 85 614 102
car 0.7414629459381104 1018 267 1063 293
car 0.9965059757232666 620 133 652 157
car 0.9745711088180542 929 229 969 250
car 0.9884240031242371 640 157 675 183
car 0.49935781955718994 1151 350 1178 374
car 0.8039920926094055 1031 304 1070 329
car 0.9720678329467773 659 133 692 154
car 0.8732331991195679 659 85 682 101
truck 0.6708002090454102 259 497 392 579
traffic_light 0.5319914817810059 1140 312 1160 333
