person 0.9725787043571472 932 238 950 266
person 0.6645692586898804 1106 280 1127 305
person 0.5829697847366333 274 257 300 287
person 0.7502349615097046 296 228 319 256
car 0.9926987290382385 652 421 804 544
car 0.9803370833396912 296 319 396 375
car 0.9664153456687927 378 259 475 304
car 0.9817823767662048 209 368 310 423
car 0.9941831231117249 118 301 169 336
car 0.9853019118309021 557 177 589 207
car 0.8980776071548462 900 355 984 433
car 0.9781137704849243 114 378 188 427
car 0.963074266910553 582 113 616 145
car 0.9889253973960876 640 158 673 183
car 0.9869226813316345 512 185 540 210
car 0.9861365556716919 600 154 637 183
motorbike 0.9457064270973206 39 374 69 406
traffic_light 0.5363075733184814 1143 314 1160 337
traffic_light 0.960999608039856 423 209 440 238
