person 0.6062589883804321 1143 311 1159 338
car 0.9511640667915344 411 325 511 384
car 0.9680292010307312 1017 264 1068 296
car 0.8638085126876831 189 496 310 577
car 0.8824121356010437 174 432 283 497
car 0.9898669719696045 784 470 870 576
car 0.9718976616859436 563 164 589 199
car 0.9522104859352112 515 118 542 147
car 0.8288818001747131 822 207 880 232
car 0.992967963218689 215 288 281 337
car 0.966312050819397 511 177 539 202
car 0.739482581615448 68 435 140 491
traffic_light 0.7887654900550842 719 211 743 241
traffic_light 0.7856492400169373 1106 272 1120 294
