person 0.41618412733078003 1153 243 1175 261
person 0.5088520050048828 1141 313 1159 336
person 0.48392826318740845 1105 279 1127 304
person 0.8025836944580078 273 257 299 287
person 0.9748708605766296 1071 237 1085 257
person 0.8253782987594604 859 187 876 210
car 0.9934852719306946 203 367 312 421
car 0.995890200138092 618 128 653 157
car 0.9682421684265137 187 497 310 576
car 0.9651130437850952 1038 374 1100 413
car 0.9780088663101196 176 430 283 499
car 0.6423448324203491 1021 268 1065 293
car 0.9819489121437073 111 380 190 428
car 0.8311351537704468 772 222 842 269
car 0.996462881565094 585 127 615 152
