person 0.9210302233695984 274 256 298 288
person 0.9041776061058044 423 211 442 248
person 0.9478498697280884 300 230 319 259
person 0.7505125999450684 1070 239 1082 259
person 0.8946574330329895 1057 354 1076 387
person 0.6560476422309875 1106 280 1127 305
person 0.6743546724319458 1032 308 1055 338
person 0.9267446398735046 241 596 275 642
car 0.9977165460586548 683 408 817 518
car 0.9503609538078308 205 368 313 424
car 0.9936339855194092 583 115 614 145
car 0.9843133687973022 62 391 128 433
car 0.9632115960121155 550 107 570 127
car 0.9687267541885376 511 175 538 204
car 0.9961715340614319 593 150 631 182
car 0.9623185992240906 620 134 649 168
traffic_light 0.4496883153915405 1143 313 1160 338
