person 0.6327763795852661 857 187 877 211
person 0.9732868075370789 1071 237 1085 256
person 0.4791980981826782 1105 280 1128 304
person 0.7362578511238098 1140 311 1159 335
person 0.7881640195846558 274 257 298 286
car 0.9765236973762512 800 237 877 296
car 0.9924195408821106 203 367 311 422
car 0.9513169527053833 189 498 308 577
car 0.9266266226768494 1122 345 1160 386
car 0.9913002848625183 613 118 639 144
car 0.9719299674034119 175 430 283 499
car 0.9829673767089844 112 380 189 427
car 0.5645508766174316 1021 267 1063 293
car 0.8696680068969727 1030 303 1071 329
