person 0.5434241890907288 1143 314 1162 335
person 0.5241517424583435 1105 281 1131 305
person 0.588973879814148 388 473 416 509
person 0.9577217102050781 1071 236 1086 256
person 0.7267149090766907 365 526 393 554
person 0.8626992702484131 297 229 316 257
car 0.9357022643089294 209 368 311 422
car 0.6901378631591797 72 337 116 372
car 0.9666578769683838 113 381 187 427
car 0.967246949672699 327 257 395 306
car 0.841538667678833 931 331 1010 402
car 0.9224053621292114 1096 341 1138 383
car 0.5958192944526672 1019 267 1063 292
car 0.9774872660636902 639 112 667 132
car 0.9334716796875 1028 300 1077 331
car 0.994821310043335 620 135 651 159
car 0.9125909209251404 996 233 1034 251
car 0.975904107093811 640 157 674 183
