person 0.7985947132110596 272 257 298 286
person 0.9486436247825623 1070 237 1086 256
car 0.9935530424118042 204 367 312 421
car 0.9797979593276978 686 215 753 272
car 0.9320728182792664 189 498 310 576
car 0.9298908114433289 996 366 1064 416
car 0.9944762587547302 618 89 642 106
car 0.972179114818573 176 430 283 500
car 0.7492468953132629 1019 267 1064 292
car 0.5463618040084839 1133 310 1162 334
car 0.984956681728363 111 381 191 427
car 0.9435386657714844 1028 302 1073 330
car 0.9738620519638062 548 86 565 104
car 0.5469770431518555 1149 351 1181 377
traffic_light 0.3802662193775177 1102 279 1131 306
