person 0.8978276252746582 423 208 440 242
person 0.8822832703590393 957 261 973 286
person 0.47147130966186523 1106 282 1126 305
person 0.9333122968673706 297 228 317 258
car 0.9552385807037354 593 403 754 505
car 0.9970717430114746 312 261 389 302
car 0.9275645613670349 666 313 797 398
car 0.9602717161178589 209 367 311 423
car 0.9935271739959717 512 186 540 210
car 0.9545104503631592 581 112 617 146
car 0.9770466685295105 558 166 586 194
car 0.8968538641929626 17 372 54 404
car 0.9401936531066895 112 379 190 427
car 0.6682052612304688 793 233 842 271
car 0.988280177116394 601 154 639 183
car 0.9661515355110168 222 330 297 360
car 0.9872676730155945 639 158 671 182
motorbike 0.7206103801727295 146 311 189 344
traffic_light 0.672419011592865 1144 313 1161 337
