person 0.8247489333152771 860 187 876 210
person 0.4507512152194977 1103 278 1128 305
person 0.6000164747238159 1141 313 1157 333
person 0.7955551743507385 272 259 298 287
car 0.8679061532020569 790 276 896 356
car 0.993459939956665 205 368 311 422
car 0.9324303865432739 188 497 309 577
car 0.7474837303161621 1073 329 1121 360
car 0.9722056984901428 176 430 284 499
car 0.9860048890113831 510 159 540 188
car 0.7653098106384277 1017 266 1064 291
car 0.9834930896759033 111 380 189 427
car 0.8486735820770264 1053 238 1085 257
car 0.6659271121025085 1030 303 1068 330
