person 0.5513131618499756 1143 312 1156 336
car 0.9745891094207764 197 497 325 577
car 0.9915447235107422 204 284 264 317
car 0.9506504535675049 1019 266 1065 296
car 0.9553174376487732 179 429 290 497
car 0.9703327417373657 949 245 1001 268
car 0.9624796509742737 569 74 586 86
car 0.9853609204292297 563 165 589 196
car 0.418227881193161 756 171 786 189
car 0.9328930377960205 657 132 684 151
car 0.9323146343231201 68 434 142 489
car 0.972854495048523 500 177 537 215
car 0.4675273597240448 1064 244 1087 263
