person 0.8981693387031555 421 210 442 248
person 0.8463117480278015 274 256 298 287
person 0.9288884997367859 299 230 319 259
car 0.9559708833694458 202 368 315 426
car 0.9890987873077393 582 114 613 146
car 0.9333550930023193 6 402 52 438
car 0.9839053750038147 516 158 539 179
car 0.9962276220321655 594 151 630 181
car 0.9168065190315247 549 96 564 113
car 0.9451857805252075 621 133 649 166
traffic_light 0.9546409845352173 1143 314 1160 338
traffic_light 0.9567962884902954 890 214 901 236
traffic_light 0.7875016927719116 1070 239 1082 260
