person 0.6429759860038757 1106 281 1126 304
person 0.9798754453659058 1071 237 1085 258
car 0.9798451066017151 208 367 310 423
car 0.9748464226722717 113 380 186 427
car 0.6182363629341125 249 492 380 567
car 0.7220863103866577 1017 267 1063 293
car 0.968063473701477 661 116 692 139
car 0.979913592338562 920 220 981 246
car 0.5045152306556702 795 231 836 265
car 0.9923431277275085 622 133 650 156
car 0.9865005612373352 640 158 674 183
car 0.9042971730232239 1030 303 1073 329
car 0.32813185453414917 1085 382 1118 419
truck 0.6077767610549927 249 492 380 582
traffic_light 0.46677330136299133 1140 314 1159 335
traffic_light 0.40603557229042053 785 226 830 260
