person 0.6811392903327942 1142 312 1160 336
person 0.5206446051597595 1105 280 1129 304
person 0.9258525371551514 1070 239 1084 258
person 0.8649770617485046 273 257 298 287
car 0.9900426864624023 229 367 335 423
car 0.9366146326065063 188 498 309 576
car 0.9447103142738342 948 225 993 253
car 0.9779962301254272 1042 357 1098 395
car 0.7204602360725403 1018 265 1065 292
car 0.9536942839622498 175 431 284 500
car 0.9845101237297058 113 380 191 427
car 0.9628047943115234 551 98 571 118
car 0.965247631072998 504 174 539 206
car 0.9384765028953552 1029 301 1076 328
