person 0.9365344047546387 1071 238 1085 258
person 0.5934849381446838 1105 279 1127 306
car 0.9746956825256348 209 367 312 423
car 0.9800525903701782 113 380 187 428
car 0.8186496496200562 732 172 766 194
car 0.6304067373275757 1116 359 1154 395
car 0.9924795627593994 622 133 650 156
car 0.9899006485939026 640 158 674 183
car 0.9925519227981567 590 85 616 101
car 0.9887857437133789 658 133 691 153
car 0.6608993411064148 1020 267 1064 292
car 0.96026611328125 930 227 978 249
truck 0.6207222938537598 257 499 394 578
traffic_light 0.9186352491378784 1141 312 1158 335
