person 0.42560696601867676 1022 267 1061 292
person 0.6683534979820251 1105 278 1126 305
person 0.971546471118927 1069 238 1083 258
car 0.9820329546928406 202 368 313 419
car 0.8803711533546448 169 499 285 571
car 0.9393677711486816 169 433 266 499
car 0.9796391725540161 112 381 188 427
car 0.9758828282356262 607 110 632 131
car 0.9667325615882874 57 397 114 435
car 0.5394583940505981 659 108 679 129
car 0.991635799407959 640 157 673 183
car 0.9757956862449646 4 348 35 381
car 0.9784286618232727 658 135 691 156
car 0.98862224817276 623 138 648 160
car 0.9787698984146118 678 158 718 183
traffic_light 0.5450802445411682 1140 312 1159 336
