person 0.8416941165924072 439 212 454 237
person 0.9076036810874939 935 189 946 218
person 0.8311606049537659 420 213 440 239
person 0.9020832180976868 297 229 318 260
car 0.9938955903053284 564 181 592 206
car 0.99146968126297 602 156 636 184
car 0.9936075210571289 555 140 584 164
car 0.9450594186782837 1021 288 1122 327
car 0.9930179119110107 638 156 667 178
car 0.969363808631897 656 136 688 164
car 0.9806717038154602 563 166 589 188
traffic_light 0.6934946775436401 1072 238 1084 261
traffic_light 0.9593694806098938 1140 316 1157 338
