person 0.5690362453460693 423 211 442 242
car 0.9533653259277344 519 273 633 329
car 0.9630856513977051 442 334 571 409
car 0.9979288578033447 196 282 269 320
car 0.9649074077606201 208 367 311 423
car 0.9922624826431274 558 177 590 205
car 0.833798885345459 805 541 943 684
car 0.9945479035377502 512 184 539 208
car 0.9753677248954773 585 112 617 146
car 0.9610207676887512 113 379 190 428
car 0.9940008521080017 641 156 673 181
car 0.9018987417221069 108 353 161 381
car 0.9924485683441162 600 155 636 184
car 0.6962414383888245 272 259 300 289
car 0.8120390772819519 736 179 775 201
motorbike 0.6096816658973694 75 328 112 354
traffic_light 0.720314085483551 1143 314 1161 338
traffic_light 0.5973266959190369 1106 280 1126 304
