person 0.8352540135383606 423 213 442 247
person 0.8632762432098389 274 256 297 288
person 0.925800621509552 299 230 318 259
car 0.9516234993934631 207 368 313 425
car 0.940727174282074 832 527 959 672
car 0.8272762894630432 38 398 88 435
car 0.9909653663635254 583 113 613 146
car 0.9842945337295532 512 164 538 193
car 0.8991661667823792 549 97 569 121
car 0.9955337047576904 594 150 630 182
car 0.9183562994003296 621 132 649 166
traffic_light 0.8643850684165955 1143 313 1161 339
traffic_light 0.8836560845375061 1070 239 1082 259
