person 0.38164615631103516 512 188 534 217
person 0.4984910786151886 1105 280 1129 306
car 0.9368216395378113 207 367 311 422
car 0.9622467160224915 113 380 187 427
car 0.9889196753501892 702 393 768 489
car 0.8422026038169861 911 315 981 376
car 0.994440495967865 896 349 941 386
car 0.9760687351226807 623 130 651 156
car 0.9722780585289001 639 157 674 182
car 0.759852945804596 1020 266 1063 293
car 0.9228668808937073 619 69 643 85
car 0.7357801795005798 671 111 701 133
motorbike 0.6477755308151245 1102 326 1138 354
