person 0.6265980005264282 1070 240 1084 258
person 0.8039485216140747 1109 268 1125 293
person 0.9573326110839844 297 228 315 260
car 0.9726899862289429 1018 265 1068 295
car 0.9834924340248108 360 243 439 295
car 0.9839766025543213 949 244 1004 267
car 0.9131422638893127 176 498 305 575
car 0.8998500108718872 174 431 282 499
car 0.9899236559867859 509 166 541 195
car 0.9897167086601257 563 165 589 197
car 0.9490017294883728 637 107 661 125
car 0.9307820200920105 791 193 858 220
car 0.6434502601623535 66 434 141 491
car 0.9491115808486938 727 160 755 183
car 0.7216789126396179 646 97 664 116
motorbike 0.5400617718696594 66 428 138 482
