person 0.5248759388923645 1142 312 1159 337
person 0.5965328216552734 1106 273 1120 294
car 0.9075999855995178 190 498 308 575
car 0.9149734973907471 175 432 281 497
car 0.9664189219474792 1015 261 1065 294
car 0.9755929708480835 62 333 104 368
car 0.9713539481163025 515 139 541 168
car 0.949769139289856 615 85 634 100
car 0.8752270936965942 819 205 882 232
car 0.9180745482444763 68 436 141 489
car 0.9809969663619995 563 176 591 207
car 0.9604413509368896 670 231 729 271
car 0.44460758566856384 491 207 519 236
car 0.7114821076393127 1004 246 1036 266
