person 0.4200899302959442 1141 312 1159 334
person 0.8416677713394165 274 257 299 287
person 0.9756180644035339 1070 240 1084 258
person 0.6013653874397278 1104 279 1128 306
car 0.9908760786056519 694 426 788 565
car 0.9901053309440613 203 368 313 419
car 0.9868944883346558 613 115 639 140
car 0.9604359269142151 188 497 310 576
car 0.9277321696281433 709 250 780 302
car 0.9653559327125549 1042 326 1112 360
car 0.9912819862365723 595 161 627 190
car 0.9836598634719849 176 431 283 499
car 0.986348032951355 112 381 189 428
car 0.4949195981025696 1018 267 1063 293
car 0.985421359539032 56 396 115 431
car 0.9740532636642456 48 437 111 485
