person 0.9917986392974854 366 562 390 591
person 0.6248350739479065 1105 280 1126 304
person 0.817193865776062 371 504 397 538
person 0.9178539514541626 387 500 410 541
car 0.9414209127426147 209 367 311 422
car 0.9606665968894958 236 282 312 317
car 0.9401473999023438 113 379 189 428
car 0.6749918460845947 1021 267 1064 292
car 0.8850278258323669 953 229 992 250
car 0.9948605895042419 621 133 650 157
motorbike 0.8434193134307861 21 352 49 382
motorbike 0.7728710770606995 1134 327 1167 358
traffic_light 0.8606023788452148 846 237 887 271
traffic_light 0.938398003578186 838 231 872 263
