person 0.8904463052749634 375 252 388 281
person 0.6505630016326904 1106 280 1130 305
person 0.9555405378341675 1070 239 1085 257
person 0.7239760756492615 273 257 299 287
car 0.9103865027427673 210 368 310 423
car 0.922867476940155 113 380 187 427
car 0.9950321912765503 621 132 651 156
car 0.8515177369117737 790 238 863 290
car 0.3855915069580078 1020 268 1063 293
car 0.9906876683235168 640 156 676 183
car 0.9898185133934021 679 158 721 182
car 0.958855390548706 573 73 589 85
car 0.979159951210022 616 70 636 83
car 0.8380006551742554 475 222 517 260
motorbike 0.6952121257781982 1030 303 1072 330
traffic_light 0.5154173374176025 1142 315 1160 337
