person 0.6627938151359558 1141 316 1155 337
person 0.9514365792274475 299 229 317 259
car 0.9970884919166565 832 407 952 484
car 0.9719193577766418 378 293 493 354
car 0.9938135147094727 891 273 961 306
car 0.9859259724617004 794 239 868 277
car 0.9936373233795166 563 180 594 204
car 0.9904324412345886 984 245 1038 273
car 0.9543311595916748 1064 377 1114 414
car 0.9933748841285706 598 155 627 180
car 0.9138172268867493 1024 295 1103 345
car 0.9751546382904053 618 136 646 160
car 0.9611695408821106 670 158 714 182
car 0.7971151471138 1067 325 1110 358
car 0.9020976424217224 500 177 537 213
car 0.8924303650856018 1074 257 1123 289
car 0.9842532277107239 1022 290 1084 321
