person 0.9480983018875122 865 188 883 215
person 0.5400875806808472 1080 266 1107 290
person 0.9226574897766113 1073 235 1085 253
car 0.9947803020477295 837 407 951 483
car 0.995890736579895 687 366 831 440
car 0.9870316386222839 587 112 616 139
car 0.7662912607192993 85 487 176 551
car 0.9551559090614319 248 416 373 482
car 0.9901418089866638 950 246 1001 268
car 0.9918509125709534 564 177 591 204
car 0.9775593876838684 993 260 1051 293
car 0.9645591378211975 1035 291 1089 323
car 0.9637383818626404 596 94 621 115
