person 0.36374837160110474 1105 280 1130 305
car 0.7786219120025635 679 326 779 476
car 0.9499245285987854 208 367 311 422
car 0.9605238437652588 634 560 728 692
car 0.9715017676353455 113 380 186 427
car 0.9861742258071899 864 311 926 370
car 0.9919264316558838 590 134 616 157
car 0.990206778049469 641 156 676 182
car 0.984085202217102 623 132 648 158
car 0.780947744846344 1017 267 1064 292
car 0.8877034783363342 649 87 673 108
car 0.8188462257385254 742 178 775 200
traffic_light 0.9854723811149597 1031 377 1058 420
traffic_light 0.7537850141525269 618 203 648 234
traffic_light 0.5149988532066345 1142 314 1160 336
