person 0.8131029009819031 274 256 298 287
person 0.6583929061889648 1142 312 1159 337
car 0.9924635887145996 528 293 641 357
car 0.9904627203941345 267 365 366 418
car 0.9787625670433044 176 430 281 501
car 0.9728145599365234 925 318 986 375
car 0.9794716835021973 561 161 588 191
car 0.9688506126403809 190 496 308 576
car 0.803893506526947 851 472 930 611
car 0.9819775223731995 67 434 142 490
car 0.9834088087081909 2 400 38 439
car 0.9883520007133484 491 201 529 230
traffic_light 0.8544893860816956 1105 272 1119 295
