person 0.4112837016582489 1105 279 1132 307
person 0.9666677117347717 1071 237 1084 255
car 0.9854060411453247 205 364 312 426
car 0.9908849596977234 113 379 187 428
car 0.8653954863548279 592 362 658 469
car 0.8723694086074829 638 242 707 324
car 0.9525222182273865 964 439 1033 513
car 0.9360593557357788 626 552 710 642
car 0.9878938794136047 643 157 673 183
car 0.9875275492668152 622 134 650 159
car 0.8501806259155273 797 230 842 264
car 0.9786769151687622 585 115 615 144
car 0.8969163298606873 1018 265 1065 294
