car 0.8927717804908752 152 488 260 561
car 0.8610290288925171 864 340 966 408
car 0.9515652060508728 951 387 1034 445
car 0.735086977481842 527 454 713 551
car 0.9921497106552124 592 114 621 143
car 0.9033024907112122 401 395 540 461
car 0.9926241636276245 1019 248 1058 269
car 0.9932398796081543 564 167 589 194
car 0.9917198419570923 590 130 617 155
car 0.9937726855278015 1031 287 1093 326
car 0.97377610206604 950 257 1002 289
car 0.9670503735542297 495 183 533 225
truck 0.6296583414077759 531 471 686 549
