person 0.8887268304824829 273 256 297 286
person 0.9490249156951904 421 208 440 243
person 0.9744722843170166 299 229 319 260
person 0.7071720957756042 478 354 494 391
person 0.5004388689994812 1145 311 1161 336
car 0.9739382266998291 207 366 309 425
car 0.9913246631622314 478 258 567 307
car 0.9878464341163635 322 321 410 368
car 0.9894770383834839 115 378 187 428
car 0.9950624108314514 81 350 138 387
car 0.951522171497345 862 312 929 370
car 0.7861124277114868 683 297 787 377
car 0.9951828122138977 509 181 540 210
car 0.8764583468437195 679 438 768 519
car 0.9675741791725159 583 112 615 146
car 0.9904062151908875 595 152 628 182
car 0.9814349412918091 641 429 705 481
car 0.9934318661689758 641 158 671 183
car 0.98965984582901 554 151 585 180
car 0.9560828804969788 620 135 648 165
car 0.9799898266792297 592 139 622 167
