person 0.8836642503738403 1073 236 1086 256
person 0.946500837802887 296 227 316 259
car 0.9881519675254822 825 411 939 487
car 0.9868981838226318 601 155 636 185
car 0.9918742775917053 943 219 985 247
car 0.9961829781532288 564 179 591 206
car 0.9950656294822693 565 167 588 194
car 0.9884061813354492 636 154 669 180
car 0.9919765591621399 528 462 682 531
car 0.9876151084899902 677 157 713 181
car 0.9667829275131226 1025 288 1119 327
car 0.9808711409568787 600 73 619 86
car 0.966963529586792 502 180 537 217
