person 0.925914466381073 423 209 442 244
person 0.8202604651451111 274 256 298 288
person 0.9626758098602295 297 227 316 259
person 0.9642437100410461 1073 234 1085 256
car 0.9916097521781921 247 318 330 368
car 0.9860398769378662 115 379 188 429
car 0.9925623536109924 208 368 308 423
car 0.986659049987793 558 180 590 206
car 0.9950670003890991 86 311 142 342
car 0.9907566905021667 512 185 540 208
car 0.884141743183136 583 113 613 144
car 0.9790371656417847 596 154 627 181
car 0.9099254012107849 13 371 47 407
car 0.9850737452507019 640 159 672 182
car 0.964495062828064 557 166 585 193
car 0.7192307710647583 999 493 1086 592
