person 0.930622935295105 296 230 318 259
car 0.9949902892112732 744 245 824 282
car 0.9679557085037231 857 266 927 310
car 0.9947718977928162 601 155 636 185
car 0.9952496290206909 565 179 592 206
car 0.7986442446708679 255 324 338 372
car 0.9932368397712708 565 167 588 194
car 0.9653698205947876 1103 358 1147 395
car 0.9960727691650391 636 144 667 174
car 0.9476119875907898 502 179 535 214
car 0.972497284412384 1021 288 1085 324
car 0.9860825538635254 674 158 712 181
traffic_light 0.9119395017623901 1072 235 1084 256
