person 0.9927464127540588 423 206 441 247
person 0.9710152745246887 272 256 298 288
person 0.9791060090065002 299 229 319 261
car 0.9909006357192993 512 334 636 407
car 0.9868755340576172 200 364 313 427
car 0.9417355060577393 842 403 937 491
car 0.9729289412498474 930 405 1006 482
car 0.993956446647644 86 381 154 430
car 0.6894005537033081 810 550 941 682
car 0.9948733448982239 594 151 630 184
car 0.9923363327980042 510 176 540 208
car 0.9894019961357117 584 114 610 146
car 0.990025520324707 551 116 574 139
car 0.9800993800163269 619 134 648 166
car 0.9943113327026367 591 136 625 168
car 0.9934148788452148 639 157 669 182
