person 0.5610181093215942 1105 277 1127 306
car 0.9891826510429382 134 492 237 560
car 0.989520788192749 152 434 253 499
car 0.9943734407424927 203 367 311 421
car 0.9952093958854675 96 380 189 429
car 0.991108775138855 59 329 100 362
car 0.9867348670959473 606 110 633 134
car 0.9966807961463928 56 396 114 436
car 0.9885410666465759 620 136 649 161
car 0.9837738275527954 640 158 673 183
car 0.5499566197395325 1023 265 1065 293
car 0.9766806960105896 0 455 43 544
car 0.9793025851249695 667 124 697 144
traffic_light 0.5016399621963501 1142 311 1160 336
