person 0.4233090877532959 1105 280 1129 304
person 0.7224071621894836 1142 314 1159 336
person 0.7605509757995605 1106 269 1123 293
car 0.9927574396133423 203 364 312 425
car 0.9924829602241516 114 379 187 428
car 0.8699292540550232 250 491 379 567
car 0.7607989311218262 792 229 838 264
car 0.9917871356010437 922 219 982 248
car 0.9953976273536682 622 135 650 157
car 0.765728771686554 1018 266 1064 293
car 0.9714141488075256 662 119 691 141
car 0.7673462629318237 1095 379 1127 414
car 0.9815213084220886 660 133 691 156
car 0.9868978261947632 639 159 673 183
truck 0.6466286778450012 252 491 377 582
