person 0.9513970017433167 297 228 317 260
person 0.8577213883399963 378 303 392 336
car 0.9815447330474854 206 365 312 426
car 0.9477752447128296 685 364 757 465
car 0.988842248916626 113 379 186 428
car 0.997357189655304 640 158 675 184
car 0.5450130701065063 922 384 1007 475
car 0.7510364055633545 898 283 966 346
car 0.9959557056427002 622 133 651 158
car 0.9937174320220947 678 159 716 184
car 0.9861860275268555 670 113 701 136
car 0.6635662913322449 1104 280 1135 306
truck 0.5745147466659546 925 392 1009 480
