person 0.8740580677986145 422 211 441 243
person 0.8514994978904724 274 257 298 288
person 0.9483960866928101 297 227 316 259
person 0.7283525466918945 1107 278 1127 305
person 0.982833206653595 1072 234 1084 255
car 0.9938865303993225 205 364 312 424
car 0.9906517267227173 558 180 591 206
car 0.9908936023712158 115 373 192 428
car 0.9906964302062988 641 158 671 181
car 0.9412310719490051 585 114 613 144
car 0.9350917339324951 900 355 980 432
car 0.9887670874595642 597 154 627 181
car 0.9688100218772888 558 166 585 192
car 0.955620288848877 621 135 648 162
car 0.9965612292289734 135 336 202 377
car 0.9912812113761902 33 328 73 355
car 0.9819194078445435 590 137 622 164
