person 0.9621000289916992 297 226 316 263
person 0.7715818285942078 422 214 437 242
car 0.9888098835945129 198 496 324 577
car 0.9888604283332825 181 428 291 498
car 0.9853506088256836 204 283 268 316
car 0.9753143787384033 1020 265 1065 294
car 0.9353957176208496 755 171 788 188
car 0.9828096628189087 948 245 1001 268
car 0.9910278916358948 563 165 588 195
car 0.953462541103363 657 132 685 151
car 0.9896718263626099 68 434 143 489
car 0.9682039618492126 569 74 588 87
car 0.9742717146873474 499 176 538 214
