person 0.9474186897277832 296 227 317 259
car 0.9685247540473938 520 272 636 328
car 0.9967601895332336 443 335 571 406
car 0.983909547328949 207 362 311 424
car 0.6164716482162476 807 540 943 683
car 0.9988871216773987 197 281 266 320
car 0.9906676411628723 114 374 190 428
car 0.9973624348640442 511 184 540 208
car 0.9940934777259827 555 178 589 204
car 0.9958139061927795 600 154 639 183
car 0.9728754758834839 582 113 614 147
car 0.996965229511261 640 158 672 182
car 0.9828075170516968 663 314 801 384
car 0.6269426345825195 1022 498 1078 577
car 0.7677819728851318 272 256 300 288
