person 0.9367929697036743 298 227 318 260
car 0.9201217293739319 835 407 950 485
car 0.9856430888175964 380 297 492 354
car 0.9794492721557617 795 238 868 276
car 0.9958122372627258 564 181 595 206
car 0.9944334626197815 985 245 1039 272
car 0.9945342540740967 893 274 957 306
car 0.9945852160453796 1019 289 1088 323
car 0.9935047626495361 565 168 589 195
car 0.9694058299064636 501 178 537 215
car 0.965699315071106 618 137 644 160
car 0.9289809465408325 1069 378 1109 410
car 0.9936302304267883 598 155 626 180
car 0.980922520160675 671 158 713 182
car 0.8998253345489502 1076 257 1120 286
car 0.9937771558761597 597 144 625 169
