person 0.9248729944229126 298 226 318 260
car 0.7180055379867554 610 367 747 440
car 0.802560031414032 263 487 407 568
car 0.9940481185913086 592 134 623 164
car 0.9836071729660034 731 436 876 515
car 0.9916792511940002 952 244 1000 267
car 0.9930638670921326 563 177 592 205
car 0.9792889952659607 1033 287 1092 320
car 0.9548745155334473 877 269 955 309
car 0.9779086709022522 492 181 534 222
car 0.9819807410240173 1018 249 1059 268
car 0.9781313538551331 611 115 637 137
car 0.9891446232795715 997 331 1058 370
