person 0.7149513959884644 421 209 443 244
person 0.9762334227561951 266 259 298 293
person 0.9322425127029419 297 228 319 260
car 0.9720637798309326 207 365 311 425
car 0.9982744455337524 442 247 528 290
car 0.9943727254867554 351 317 431 369
car 0.9803957343101501 115 377 187 428
car 0.9583433270454407 831 416 950 522
car 0.9705867171287537 855 310 933 376
car 0.9879022836685181 555 163 586 193
car 0.9862072467803955 760 506 896 639
car 0.9972272515296936 512 185 540 209
car 0.9655206203460693 583 113 613 147
car 0.9676709771156311 85 352 148 387
car 0.9947691559791565 640 158 671 182
car 0.9856703877449036 752 492 836 565
car 0.9163305163383484 241 278 313 331
car 0.9930465817451477 597 153 627 181
car 0.9909346699714661 591 136 623 164
traffic_light 0.5258179903030396 1145 313 1160 337
