person 0.9674836993217468 423 207 441 244
car 0.9667413234710693 593 401 755 504
car 0.9987084865570068 313 260 388 301
car 0.977313220500946 208 365 310 423
car 0.9879321455955505 115 379 189 428
car 0.6851611733436584 673 317 797 408
car 0.9976156949996948 512 185 540 208
car 0.9858856201171875 556 165 586 195
car 0.9826951622962952 220 324 293 371
car 0.951678991317749 17 371 55 404
car 0.9946909546852112 601 154 639 184
car 0.9415671229362488 580 112 615 146
car 0.8269950747489929 792 233 843 270
car 0.9953529834747314 639 158 672 183
motorbike 0.6317898631095886 146 308 187 346
truck 0.5688414573669434 664 306 800 406
