person 0.9123498797416687 273 255 298 286
person 0.9028950929641724 1145 312 1159 336
person 0.9616900682449341 298 228 320 261
person 0.8185116052627563 421 209 439 241
person 0.8991014957427979 978 278 999 308
car 0.9785766005516052 208 367 312 426
car 0.9940893650054932 357 264 433 313
car 0.9516527652740479 487 357 588 420
car 0.9489736557006836 566 258 658 309
car 0.9834395051002502 114 380 186 428
car 0.9903298616409302 190 332 264 374
car 0.9897071123123169 556 158 586 187
car 0.9965747594833374 511 184 541 209
car 0.5988843441009521 962 425 1027 515
car 0.9767307639122009 582 112 612 146
car 0.9390894174575806 619 136 648 167
car 0.9675900340080261 15 364 50 399
car 0.9867092967033386 604 153 638 183
car 0.9906761646270752 642 158 672 182
car 0.9514606595039368 805 246 852 281
truck 0.44775116443634033 954 424 1032 515
