person 0.9323571920394897 298 227 317 258
car 0.9940232634544373 648 245 737 285
car 0.9886515140533447 207 327 291 376
car 0.9802139401435852 729 275 827 318
car 0.9789566397666931 1105 360 1151 396
car 0.9932082295417786 565 180 592 207
car 0.9899047017097473 942 245 996 269
car 0.9860967993736267 674 159 714 183
car 0.9742591381072998 494 183 533 219
car 0.9943245053291321 605 161 636 184
car 0.9936235547065735 564 167 589 195
car 0.9902233481407166 629 140 660 165
car 0.9803726077079773 617 138 644 164
car 0.9727281332015991 1017 288 1090 325
truck 0.4741562306880951 967 387 1042 443
