person 0.8285846710205078 1072 238 1084 256
person 0.9511834979057312 297 229 317 261
car 0.9939600229263306 569 253 656 293
car 0.9789981245994568 644 275 744 332
car 0.9956856966018677 600 156 638 186
car 0.9969266057014465 564 179 592 205
car 0.9951674938201904 565 167 588 194
car 0.9953359961509705 971 267 1031 295
car 0.9711832404136658 493 183 533 218
car 0.869560718536377 112 329 169 360
car 0.9847554564476013 676 159 711 179
car 0.9744279980659485 1133 348 1174 381
car 0.9628329277038574 1026 286 1111 328
motorbike 0.875698983669281 112 354 158 393
traffic_light 0.7517916560173035 865 191 882 212
