37275,7.272079944610596,1.828980803489685,1.828980803489685,5.878101825714111,1.1414756774902344
36659,6.788038730621338,1.4307444095611572,1.4307444095611572,7.303908348083496,1.150688886642456
39059,6.454458236694336,1.4451303482055664,1.4451303482055664,5.933808326721191,1.1293920278549194
37051,6.389667749404907,1.4964877367019653,1.4964877367019653,5.989230632781982,1.1859878301620483
37228,6.384736061096191,1.8462700843811035,1.8462700843811035,5.775373458862305,1.1837000846862793
38541,6.36452579498291,1.8237406015396118,1.8237406015396118,5.191737174987793,1.1135270595550537
38570,6.553289890289307,1.8305752277374268,1.8305752277374268,5.65933084487915,1.1273963451385498
37639,6.770236253738403,1.6656782627105713,1.6656782627105713,4.880014419555664,1.1342626810073853
38208,6.236253499984741,1.5045772790908813,1.5045772790908813,7.240721225738525,1.1373217105865479
27887,4.8866119384765625,1.5251606702804565,1.5251606702804565,6.644954681396484,1.1441923379898071
