92797,0.1956193447113037,0.19320030510425568,0.19320030510425568,13.062641143798828,0.8006721138954163
91718,0.1932992935180664,0.17821064591407776,0.17821064591407776,13.173785209655762,0.7710685729980469
97060,0.19247221946716309,0.18553592264652252,0.18553592264652252,13.641578674316406,0.7969644069671631
94744,0.18611907958984375,0.19316911697387695,0.19316911697387695,13.529036521911621,0.792984664440155
92463,0.18617725372314453,0.1996496468782425,0.1996496468782425,10.91591739654541,0.7862538695335388
93665,0.18816924095153809,0.18052610754966736,0.18052610754966736,9.190118789672852,0.7792677879333496
92776,0.19047284126281738,0.18225932121276855,0.18225932121276855,19.614099502563477,0.7854611277580261
92685,0.18687844276428223,0.1951497346162796,0.1951497346162796,12.671356201171875,0.7894311547279358
91336,0.19382643699645996,0.1962539106607437,0.1962539106607437,11.999040603637695,0.8143659830093384
76030,0.14747977256774902,0.1897897571325302,0.1897897571325302,14.095382690429688,0.7927631139755249
