116887,1.5568888187408447,0.1174415722489357,0.1174415722489357,6.2569899559021,0.8974347710609436
112634,1.5561490058898926,0.11304488778114319,0.11304488778114319,8.185027122497559,0.8842740058898926
120889,1.3801555633544922,0.11565175652503967,0.11565175652503967,6.65256404876709,0.8919007182121277
105878,1.4799778461456299,0.12123223394155502,0.12123223394155502,11.416275024414062,0.9167150259017944
117517,1.3306679725646973,0.11555653810501099,0.11555653810501099,8.559419631958008,0.8920714259147644
116559,1.2501513957977295,0.1142147108912468,0.1142147108912468,7.41491174697876,0.8931503891944885
108346,1.241349697113037,0.11550460010766983,0.11550460010766983,6.941404819488525,0.8996284008026123
110125,1.2997939586639404,0.11466475576162338,0.11466475576162338,7.480045318603516,0.8917146325111389
104582,1.28580904006958,0.11921658366918564,0.11921658366918564,7.115635871887207,0.9152082800865173
88479,1.019515037536621,0.11649541556835175,0.11649541556835175,7.310284614562988,0.9049372673034668
