75892,0.3307366371154785,0.17540627717971802,0.17540627717971802,12.973986625671387,0.8910895586013794
74213,0.31424903869628906,0.16692321002483368,0.16692321002483368,11.584936141967773,0.870108425617218
80443,0.3129866123199463,0.1662537306547165,0.1662537306547165,12.725776672363281,0.8759472966194153
75834,0.3125648498535156,0.1730557531118393,0.1730557531118393,9.97108268737793,0.8820570707321167
75336,0.3142886161804199,0.16915380954742432,0.16915380954742432,10.521026611328125,0.874852180480957
75805,0.3368828296661377,0.1650306135416031,0.1650306135416031,49.51824188232422,0.8713657855987549
75889,0.32596898078918457,0.16816648840904236,0.16816648840904236,19.13039779663086,0.8766093254089355
75715,0.309307336807251,0.16931164264678955,0.16931164264678955,12.712400436401367,0.8742191791534424
76392,0.33553075790405273,0.1707845777273178,0.1707845777273178,15.696433067321777,0.8767680525779724
58587,0.25130558013916016,0.17146891355514526,0.17146891355514526,10.072114944458008,0.8766142725944519
