74772,0.8124206066131592,0.13100486993789673,0.13100486993789673,10.44149112701416,0.8978371620178223
71420,0.766136646270752,0.1298161894083023,0.1298161894083023,11.033395767211914,0.8964862823486328
77480,0.695404052734375,0.12858764827251434,0.12858764827251434,9.125511169433594,0.8757925629615784
79884,0.6677262783050537,0.13121280074119568,0.13121280074119568,10.41069221496582,0.8929321765899658
74918,0.6918191909790039,0.1296071857213974,0.1296071857213974,24.01816177368164,0.881791889667511
75584,0.6703963279724121,0.12928946316242218,0.12928946316242218,9.653586387634277,0.8798638582229614
74966,0.6991736888885498,0.12896277010440826,0.12896277010440826,9.740760803222656,0.8799113631248474
74857,0.6487324237823486,0.12841619551181793,0.12841619551181793,10.186582565307617,0.8803553581237793
76205,0.7195823192596436,0.12891575694084167,0.12891575694084167,10.449060440063477,0.8825697898864746
54637,0.5168402194976807,0.12829872965812683,0.12829872965812683,12.120476722717285,0.8814048767089844
