48323,2.965693235397339,3.0281596183776855,3.0281596183776855,11.34196949005127,1.0747861862182617
56277,2.7733025550842285,inf,inf,14.337101936340332,1.0560405254364014
61102,2.798100233078003,3.9010002613067627,3.9010002613067627,11.459638595581055,1.0497158765792847
51238,2.693798065185547,3.010930299758911,3.010930299758911,18.11255645751953,1.0714319944381714
50550,2.795865535736084,3.156184673309326,3.156184673309326,9.38588809967041,1.0700690746307373
55701,2.920592784881592,2.785670518875122,2.785670518875122,9.297638893127441,1.0533030033111572
51248,2.83762788772583,3.0596771240234375,3.0596771240234375,10.975062370300293,1.0752921104431152
52517,2.6676435470581055,3.3797528743743896,3.3797528743743896,10.86465072631836,1.0612138509750366
46907,2.968714952468872,2.9255504608154297,2.9255504608154297,12.172771453857422,1.0777318477630615
36973,2.154405355453491,inf,inf,13.289493560791016,1.0771613121032715
