110171,1.8035614490509033,0.13654953241348267,0.13654953241348267,5.667000770568848,0.8736544251441956
91596,1.2523553371429443,0.14138177037239075,0.14138177037239075,5.857645511627197,0.8938772082328796
125027,1.3911640644073486,0.13542906939983368,0.13542906939983368,7.956531524658203,0.8666530847549438
120407,1.6390562057495117,0.13279595971107483,0.13279595971107483,7.059415817260742,0.8440874814987183
117858,1.2524292469024658,0.13242502510547638,0.13242502510547638,6.650184631347656,0.8390852212905884
130291,1.2275090217590332,0.1302541196346283,0.1302541196346283,6.639995098114014,0.8449541926383972
127808,1.1728765964508057,0.1290275603532791,0.1290275603532791,6.4376444816589355,0.8508049845695496
121544,1.2336437702178955,0.13222219049930573,0.13222219049930573,8.698121070861816,0.8508660197257996
116095,1.31864595413208,0.1302105039358139,0.1302105039358139,16.235395431518555,0.8440792560577393
94635,0.9483709335327148,0.13156695663928986,0.13156695663928986,6.003934860229492,0.8581790924072266
