75546,1.7278773784637451,3.6313812732696533,3.6313812732696533,6.771949768066406,0.9851903319358826
80629,1.557682752609253,inf,inf,5.7380781173706055,0.9756391048431396
86990,1.6818797588348389,3.0248115062713623,3.0248115062713623,5.088653564453125,0.9743323922157288
82981,1.4150211811065674,3.6330859661102295,3.6330859661102295,5.478700160980225,0.9780224561691284
76804,1.376708745956421,3.408116340637207,3.408116340637207,5.162861347198486,0.9788104295730591
79250,1.3443307876586914,3.2722442150115967,3.2722442150115967,5.086816787719727,0.9740091562271118
79481,1.4485573768615723,3.4954068660736084,3.4954068660736084,6.428295612335205,0.9753451347351074
77532,1.4916532039642334,inf,inf,5.091078758239746,0.9734135866165161
77679,1.4350178241729736,inf,inf,4.694042682647705,0.9817453622817993
59096,0.963578462600708,inf,inf,6.33459997177124,0.9853652119636536
