64746,1.6604995727539062,0.6615897417068481,0.6615897417068481,1.5559532642364502,0.24045099318027496
75506,1.5577831268310547,0.7112055420875549,0.7112055420875549,1.1975605487823486,0.23264586925506592
77634,1.569326400756836,0.6211521029472351,0.6211521029472351,1.0657633543014526,0.2336709350347519
73182,1.517179012298584,0.6415629386901855,0.6415629386901855,1.8363219499588013,0.23891811072826385
68234,1.5946202278137207,0.6944911479949951,0.6944911479949951,1.2523423433303833,0.2388189435005188
74619,1.5390582084655762,0.6041001677513123,0.6041001677513123,1.5476502180099487,0.23290134966373444
73299,1.5400047302246094,0.6000232696533203,0.6000232696533203,1.1817113161087036,0.23581348359584808
73432,1.5072572231292725,0.5996654629707336,0.5996654629707336,1.3352947235107422,0.23614399135112762
67278,1.5409951210021973,0.673398494720459,0.673398494720459,1.2111985683441162,0.24524030089378357
59683,1.248781442642212,0.652838408946991,0.652838408946991,1.2505499124526978,0.2407253086566925
