114970,0.1904153823852539,0.16855460405349731,0.16855460405349731,13.346732139587402,0.9740830063819885
112557,0.18172502517700195,0.14955131709575653,0.14955131709575653,18.120332717895508,0.9216712117195129
116188,0.19251418113708496,0.15402768552303314,0.15402768552303314,24.41168785095215,0.9192078709602356
113850,0.1932053565979004,0.1593392789363861,0.1593392789363861,16.116291046142578,0.9241482615470886
114335,0.19181537628173828,0.1750168800354004,0.1750168800354004,14.255553245544434,0.9317657947540283
113741,0.18941402435302734,0.15886954963207245,0.15886954963207245,11.099932670593262,0.9163063764572144
116076,0.19359135627746582,0.15529358386993408,0.15529358386993408,18.502918243408203,0.9206883311271667
114127,0.1782701015472412,0.1634441614151001,0.1634441614151001,16.029794692993164,0.9385523200035095
113953,0.1892390251159668,0.1625695526599884,0.1625695526599884,18.001022338867188,0.9733735918998718
101588,0.149611234664917,0.153300940990448,0.153300940990448,15.034103393554688,0.9095563888549805
