77217,0.3349418640136719,0.16984063386917114,0.16984063386917114,12.787898063659668,0.9249836206436157
76039,0.30716562271118164,0.17023074626922607,0.17023074626922607,11.817658424377441,0.9263718128204346
84991,0.34099841117858887,0.17662476003170013,0.17662476003170013,9.219008445739746,0.9297854900360107
79404,0.30588865280151367,0.1789984107017517,0.1789984107017517,12.096002578735352,0.9251702427864075
77327,0.336956262588501,0.17904560267925262,0.17904560267925262,15.661856651306152,0.9218866229057312
80817,0.3122556209564209,0.258881539106369,0.258881539106369,10.755887985229492,0.9257188439369202
78338,0.30849480628967285,0.17171573638916016,0.17171573638916016,13.04073715209961,0.9205685257911682
74791,0.3249211311340332,0.16842691600322723,0.16842691600322723,10.807600021362305,0.9174423813819885
77099,0.32151269912719727,0.17047709226608276,0.17047709226608276,11.476292610168457,0.9225362539291382
61751,0.3090074062347412,0.18729868531227112,0.18729868531227112,8.785111427307129,0.9194372296333313
