77990,0.34590697288513184,0.19647786021232605,0.19647786021232605,22.379976272583008,1.0556719303131104
77443,0.35202932357788086,0.17293420433998108,0.17293420433998108,15.849929809570312,1.0488250255584717
81586,0.3189406394958496,0.17644484341144562,0.17644484341144562,16.212486267089844,1.0643692016601562
80415,0.31368017196655273,0.16867093741893768,0.16867093741893768,18.442493438720703,1.046886682510376
76635,0.3366410732269287,0.17468073964118958,0.17468073964118958,13.129712104797363,1.0457884073257446
77699,0.30873608589172363,0.1922673135995865,0.1922673135995865,18.304855346679688,1.0538243055343628
78680,0.3164396286010742,0.20489192008972168,0.20489192008972168,14.919063568115234,1.0830790996551514
76704,0.3088703155517578,0.18260052800178528,0.18260052800178528,24.122175216674805,1.0717830657958984
76816,0.31504058837890625,0.188294917345047,0.188294917345047,18.011964797973633,1.0841692686080933
61215,0.253920316696167,0.18664593994617462,0.18664593994617462,15.795695304870605,1.0614722967147827
