152107,0.7975559234619141,0.16177962720394135,0.16177962720394135,10.717554092407227,1.0164774656295776
162416,0.7461824417114258,0.148076593875885,0.148076593875885,14.145471572875977,0.9904351830482483
176656,0.787750244140625,0.15509407222270966,0.15509407222270966,11.739730834960938,0.9855108261108398
155923,0.6516509056091309,0.15917231142520905,0.15917231142520905,13.14903450012207,1.0079991817474365
146477,0.7411594390869141,0.16205891966819763,0.16205891966819763,17.744043350219727,1.0229625701904297
160148,0.7110648155212402,0.1559138298034668,0.1559138298034668,14.214577674865723,1.008183240890503
152063,0.7253661155700684,0.15851372480392456,0.15851372480392456,11.964632987976074,1.005135178565979
138578,0.6566121578216553,0.16060979664325714,0.16060979664325714,10.104938507080078,1.010543942451477
139109,0.6334328651428223,0.16409993171691895,0.16409993171691895,18.160079956054688,1.0271334648132324
138089,0.5091078281402588,0.15712785720825195,0.15712785720825195,14.198224067687988,1.0128592252731323
