86334,0.3665165901184082,0.12201067805290222,0.12201067805290222,7.6978278160095215,0.9087752103805542
85583,0.31125521659851074,0.11875590682029724,0.11875590682029724,8.219583511352539,0.8951970338821411
90334,0.31234049797058105,0.12348194420337677,0.12348194420337677,7.734884738922119,0.9082726240158081
85624,0.31539034843444824,0.1215188205242157,0.1215188205242157,13.183902740478516,0.9026286005973816
84986,0.30991268157958984,0.12124776840209961,0.12124776840209961,12.30064868927002,0.8998380303382874
90136,0.30847859382629395,0.12077174335718155,0.12077174335718155,8.35972785949707,0.8930755257606506
88013,0.308976411819458,0.12291823327541351,0.12291823327541351,15.46331787109375,0.8979001045227051
83169,0.3056926727294922,0.12769456207752228,0.12769456207752228,22.63429832458496,0.9135618209838867
84342,0.30945277214050293,0.12992919981479645,0.12992919981479645,7.924046993255615,0.9225438833236694
69208,0.34296727180480957,0.12740322947502136,0.12740322947502136,8.118167877197266,0.9132638573646545
