38110,7.4004528522491455,0.42933499813079834,0.42933499813079834,37.47467803955078,1.2773023843765259
39084,6.732643127441406,0.3810415267944336,0.3810415267944336,35.36016845703125,1.2745356559753418
38993,6.684842109680176,0.5754071474075317,0.5754071474075317,36.980159759521484,1.279407262802124
38148,6.931144952774048,0.39667826890945435,0.39667826890945435,46.23554229736328,1.2778440713882446
38674,6.344862461090088,0.39261460304260254,0.39261460304260254,43.823974609375,1.2795110940933228
38572,6.62076735496521,0.4588232636451721,0.4588232636451721,49.65549850463867,1.2944177389144897
38698,6.2037131786346436,0.43675196170806885,0.43675196170806885,61.224483489990234,1.2953883409500122
37845,6.498625993728638,0.41686731576919556,0.41686731576919556,39.81145477294922,1.3071355819702148
38117,6.32569432258606,0.40663182735443115,0.40663182735443115,41.76399230957031,1.3303664922714233
27998,4.922032117843628,0.3907761573791504,0.3907761573791504,43.398677825927734,1.299532413482666
