90824,0.1838393211364746,0.13105441629886627,0.13105441629886627,13.33074951171875,0.9097101092338562
91479,0.19074082374572754,0.12120850384235382,0.12120850384235382,16.413297653198242,0.8875005841255188
95812,0.18755793571472168,0.11871280521154404,0.11871280521154404,25.106491088867188,0.879027247428894
92041,0.1907796859741211,0.13073565065860748,0.13073565065860748,14.735088348388672,0.8983069658279419
90765,0.18915009498596191,0.11999046802520752,0.11999046802520752,22.7764949798584,0.8983789682388306
93167,0.19101977348327637,0.11734730750322342,0.11734730750322342,13.542603492736816,0.8871451616287231
90529,0.19054722785949707,0.12298019975423813,0.12298019975423813,18.875764846801758,0.9084421992301941
93384,0.18389630317687988,0.12210254371166229,0.12210254371166229,10.391209602355957,0.8898367881774902
90976,0.19453048706054688,0.123714379966259,0.123714379966259,12.16585636138916,0.9046992063522339
74375,0.14598417282104492,0.12174946069717407,0.12174946069717407,11.141071319580078,0.8893386125564575
