48731,3.708038568496704,0.14334316551685333,0.14334316551685333,9.378398895263672,0.9257016777992249
53344,3.367645502090454,0.14501594007015228,0.14501594007015228,7.695779800415039,0.9476521611213684
55525,3.7867422103881836,0.1454644650220871,0.1454644650220871,8.471109390258789,0.9527824521064758
52054,3.397855758666992,0.1427450180053711,0.1427450180053711,9.16749382019043,0.935397744178772
49945,3.2209830284118652,0.14344510436058044,0.14344510436058044,7.843142509460449,0.9367335438728333
54142,3.2329599857330322,0.14408546686172485,0.14408546686172485,7.375078201293945,0.9421314597129822
50680,2.976302146911621,0.14006951451301575,0.14006951451301575,7.7182393074035645,0.9224569201469421
52774,3.5140833854675293,0.14306285977363586,0.14306285977363586,12.514272689819336,0.9340744614601135
52648,3.382115602493286,0.14227594435214996,0.14227594435214996,8.90856647491455,0.9150464534759521
37135,2.3821632862091064,0.1406334638595581,0.1406334638595581,7.841402530670166,0.9355470538139343
