84093,0.33385324478149414,0.2581975758075714,0.2581975758075714,4.783707618713379,0.8563137650489807
86527,0.3340613842010498,0.24480128288269043,0.24480128288269043,4.234649658203125,0.8314098715782166
94324,0.3135640621185303,0.24727366864681244,0.24727366864681244,4.551844596862793,0.8322778940200806
88570,0.31351375579833984,0.25332123041152954,0.25332123041152954,3.9106528759002686,0.8430496454238892
86866,0.32183337211608887,0.2487720549106598,0.2487720549106598,4.785171031951904,0.8392375707626343
94292,0.30774974822998047,0.25600743293762207,0.25600743293762207,4.4619574546813965,0.8240789771080017
90719,0.31478118896484375,0.27509748935699463,0.27509748935699463,5.6662983894348145,0.8424391150474548
82931,0.29469895362854004,0.2565157413482666,0.2565157413482666,4.235932350158691,0.8564167618751526
86255,0.29645323753356934,0.25138142704963684,0.25138142704963684,4.277226448059082,0.8640215396881104
73645,0.25246334075927734,0.24917258322238922,0.24917258322238922,30.581418991088867,0.8543201088905334
