74579,0.33359503746032715,0.1088026687502861,0.1088026687502861,13.574766159057617,0.9653836488723755
71492,0.3148536682128906,0.10929662734270096,0.10929662734270096,23.50415802001953,0.9676274657249451
80324,0.32650208473205566,0.1101168766617775,0.1101168766617775,18.58220100402832,0.9742282629013062
76166,0.2946350574493408,0.11210691928863525,0.11210691928863525,21.794984817504883,0.9735316038131714
74250,0.3515143394470215,0.11031374335289001,0.11031374335289001,24.373092651367188,0.9706037044525146
77458,0.31560826301574707,0.10977229475975037,0.10977229475975037,12.816644668579102,0.9654632210731506
75555,0.30854225158691406,0.11190487444400787,0.11190487444400787,10.640292167663574,0.9694405198097229
72777,0.2923460006713867,0.10858189314603806,0.10858189314603806,10.124347686767578,0.982543408870697
73061,0.2990915775299072,0.11259295791387558,0.11259295791387558,12.52505111694336,0.9759147763252258
58655,0.24773502349853516,0.11183477193117142,0.11183477193117142,21.59663200378418,0.9737259745597839
