139524,0.6935722827911377,0.10308221727609634,0.10308221727609634,6.858022689819336,0.8184772729873657
128369,0.637157678604126,0.09811853617429733,0.09811853617429733,8.352542877197266,0.8022404909133911
153599,0.632145881652832,0.10013018548488617,0.10013018548488617,7.637516021728516,0.8107326626777649
131963,0.6282110214233398,0.10128068923950195,0.10128068923950195,8.88798999786377,0.8116925358772278
139322,0.7055542469024658,0.09969737380743027,0.09969737380743027,7.0083136558532715,0.8162659406661987
136111,0.635974645614624,0.09913475066423416,0.09913475066423416,7.733795166015625,0.8187164664268494
132879,0.8342931270599365,0.09767314791679382,0.09767314791679382,8.247590065002441,0.8062188029289246
117616,0.6945066452026367,0.09887072443962097,0.09887072443962097,6.558665752410889,0.8163399696350098
127129,0.7843434810638428,0.09668856859207153,0.09668856859207153,8.597750663757324,0.80911785364151
115285,0.5032942295074463,0.09472668170928955,0.09472668170928955,8.623671531677246,0.8032298684120178
