133164,0.7973446846008301,0.2576393485069275,0.2576393485069275,3.47971248626709,0.8449121117591858
140909,0.7441892623901367,0.2348296046257019,0.2348296046257019,5.837973117828369,0.7917122840881348
158830,0.7326095104217529,0.24144351482391357,0.24144351482391357,18.880653381347656,0.809374213218689
140481,0.6528415679931641,0.2521401047706604,0.2521401047706604,4.131130695343018,0.8279387950897217
135768,0.6615209579467773,0.24454288184642792,0.24454288184642792,3.0484023094177246,0.8201422095298767
144875,0.6548397541046143,0.2380046248435974,0.2380046248435974,4.642327308654785,0.7994474172592163
143868,0.7966010570526123,0.24046005308628082,0.24046005308628082,2.897223711013794,0.8112431764602661
124358,0.7165548801422119,0.24993352591991425,0.24993352591991425,3.5542383193969727,0.8317848443984985
135276,0.677379846572876,0.25626879930496216,0.25626879930496216,4.4144744873046875,0.8438889384269714
126298,0.5253851413726807,0.23962818086147308,0.23962818086147308,5.076955795288086,0.8117144107818604
