88634,0.8895547389984131,inf,inf,8.227103233337402,1.079017996788025
80343,0.773881196975708,inf,inf,5.1383867263793945,1.048974633216858
76138,0.721564769744873,4.6110148429870605,4.6110148429870605,7.677542209625244,1.07673180103302
99212,0.681359052658081,4.011993408203125,4.011993408203125,7.1357622146606445,1.0671969652175903
89645,0.7347557544708252,inf,inf,6.545831203460693,1.0683733224868774
85052,0.7030632495880127,3.155039072036743,3.155039072036743,7.024258613586426,1.0646591186523438
89062,0.6804497241973877,5.334959983825684,5.334959983825684,14.516481399536133,1.0647727251052856
88908,0.6505212783813477,4.9279890060424805,4.9279890060424805,5.468046188354492,1.0628941059112549
98095,0.6602687835693359,3.1216073036193848,3.1216073036193848,5.000154972076416,1.062254548072815
44957,0.5173416137695312,3.037487506866455,3.037487506866455,5.953985691070557,1.0915658473968506
