97702,1.6094067096710205,0.056604672223329544,0.056604672223329544,3.9119887351989746,0.6547237634658813
91132,1.305525541305542,0.05395498126745224,0.05395498126745224,18.174779891967773,0.6398472785949707
105162,1.2571749687194824,0.053338587284088135,0.053338587284088135,5.221660137176514,0.6299718618392944
98507,1.2292160987854004,0.055440474301576614,0.055440474301576614,4.190439224243164,0.645989716053009
83576,1.3491506576538086,0.06038488447666168,0.06038488447666168,4.558613300323486,0.6881887316703796
96195,1.2803056240081787,0.054062604904174805,0.054062604904174805,3.4492101669311523,0.6414439082145691
91046,1.2097079753875732,0.05347141996026039,0.05347141996026039,4.052326202392578,0.6369088292121887
89624,1.2967321872711182,0.05229637399315834,0.05229637399315834,4.1825761795043945,0.6290283799171448
81366,1.335204839706421,0.058231014758348465,0.058231014758348465,3.8836731910705566,0.676591694355011
68245,0.9647121429443359,0.055284012109041214,0.055284012109041214,3.535649061203003,0.6561877727508545
