96486,1.542773962020874,0.08588843047618866,0.08588843047618866,15.917174339294434,0.8357664942741394
93507,1.4638686180114746,0.08303272724151611,0.08303272724151611,16.556419372558594,0.8384695649147034
107575,1.3840339183807373,0.083754763007164,0.083754763007164,13.328465461730957,0.8327356576919556
107084,1.2868003845214844,0.08248641341924667,0.08248641341924667,14.580137252807617,0.8225770592689514
107200,1.302171230316162,0.08174622803926468,0.08174622803926468,13.86239242553711,0.8239241242408752
104783,1.3746120929718018,0.08087722957134247,0.08087722957134247,14.537324905395508,0.8156895637512207
102777,1.1797027587890625,0.08163736760616302,0.08163736760616302,17.19719123840332,0.8134486675262451
99265,1.3068044185638428,0.0818631500005722,0.0818631500005722,13.626672744750977,0.8290690779685974
105249,1.2323768138885498,0.08081227540969849,0.08081227540969849,17.778427124023438,0.824561595916748
82276,0.9559774398803711,0.07999183982610703,0.07999183982610703,14.870221138000488,0.808183491230011
