103361,0.3292384147644043,1.6586928367614746,1.6586928367614746,5.0651679039001465,0.9037443995475769
102648,0.3092033863067627,0.8773896098136902,0.8773896098136902,5.046233654022217,0.8566563129425049
111720,0.32129454612731934,1.0392470359802246,1.0392470359802246,5.919607162475586,0.8587732315063477
106133,0.3159778118133545,0.9851590394973755,0.9851590394973755,5.413308620452881,0.8665661215782166
108095,0.3149416446685791,1.1387394666671753,1.1387394666671753,5.628720283508301,0.86733478307724
111707,0.3167424201965332,0.8835083842277527,0.8835083842277527,4.61638879776001,0.8589661717414856
108670,0.30945324897766113,1.0051186084747314,1.0051186084747314,8.123900413513184,0.8639568090438843
105277,0.3093287944793701,0.9606847167015076,0.9606847167015076,4.4860148429870605,0.8576585054397583
105806,0.31141185760498047,0.934722900390625,0.934722900390625,4.808126926422119,0.8822194933891296
95490,0.25145745277404785,0.8714208602905273,0.8714208602905273,4.815239429473877,0.8433380126953125
