137628,0.8120665550231934,0.15201984345912933,0.15201984345912933,11.02222728729248,0.9827377200126648
140484,0.6760976314544678,0.14275282621383667,0.14275282621383667,10.57330322265625,0.9544879794120789
155911,0.6570446491241455,0.1494532823562622,0.1494532823562622,11.581938743591309,0.968379020690918
143464,0.6514561176300049,0.14893412590026855,0.14893412590026855,14.755570411682129,0.974242627620697
140620,0.662999153137207,0.1491512805223465,0.1491512805223465,11.607810020446777,0.9871496558189392
147462,0.7408039569854736,0.14612533152103424,0.14612533152103424,10.958888053894043,0.9634374380111694
150457,0.6774022579193115,0.14697974920272827,0.14697974920272827,11.661358833312988,0.9854031801223755
135708,0.7072579860687256,0.14702393114566803,0.14702393114566803,9.446623802185059,0.9879168272018433
128718,0.7400643825531006,0.15244880318641663,0.15244880318641663,9.355609893798828,1.0131351947784424
140092,0.5239653587341309,0.14309167861938477,0.14309167861938477,15.793320655822754,0.9587199091911316
