136731,0.32938551902770996,0.15639856457710266,0.15639856457710266,11.934211730957031,0.8459570407867432
140386,0.3225724697113037,0.1412157416343689,0.1412157416343689,17.843116760253906,0.8070098161697388
140613,0.31246113777160645,0.14781273901462555,0.14781273901462555,67.739990234375,0.8192175030708313
134685,0.3142571449279785,0.15325334668159485,0.15325334668159485,15.809200286865234,0.8317378759384155
130367,0.31397271156311035,0.15401218831539154,0.15401218831539154,14.668656349182129,0.8441708087921143
138541,0.3191845417022705,0.14326556026935577,0.14326556026935577,14.983160018920898,0.8220471143722534
136563,0.3573415279388428,0.14786331355571747,0.14786331355571747,17.0672550201416,0.8297850489616394
139557,0.309645414352417,0.1457587629556656,0.1457587629556656,17.329843521118164,0.8145718574523926
135266,0.3216257095336914,0.15179865062236786,0.15179865062236786,13.918068885803223,0.8393042683601379
126247,0.25546693801879883,0.13969792425632477,0.13969792425632477,23.8515625,0.7977681756019592
