42344,3.930678129196167,0.5267333984375,0.5267333984375,12.185866355895996,1.183154821395874
49405,3.4324874877929688,0.4838140308856964,0.4838140308856964,12.469532012939453,1.2086704969406128
52532,3.4442708492279053,0.45243018865585327,0.45243018865585327,8.514145851135254,1.185300350189209
47486,3.333814859390259,0.4739466905593872,0.4739466905593872,11.148996353149414,1.19563627243042
47176,3.4664480686187744,0.46999391913414,0.46999391913414,8.0432767868042,1.2054532766342163
47935,3.39286470413208,0.4359058141708374,0.4359058141708374,7.522222518920898,1.18596613407135
46268,3.456420660018921,0.4266066253185272,0.4266066253185272,8.48835277557373,1.1886390447616577
47996,3.5759470462799072,0.4258244037628174,0.4258244037628174,7.746984481811523,1.17472505569458
46530,3.5320241451263428,0.44224870204925537,0.44224870204925537,9.008355140686035,1.1945668458938599
36436,2.5646586418151855,0.4359949827194214,0.4359949827194214,9.142149925231934,1.1747839450836182
