74770,0.8746306896209717,0.20112846791744232,0.20112846791744232,32.609500885009766,0.9849836230278015
74801,0.7921783924102783,0.19764600694179535,0.19764600694179535,19.688568115234375,0.9714857339859009
87430,0.784595251083374,0.19479584693908691,0.19479584693908691,18.059593200683594,0.9892404675483704
80464,0.7363355159759521,0.1974501758813858,0.1974501758813858,36.425376892089844,0.9835807085037231
77547,0.8370535373687744,0.19950301945209503,0.19950301945209503,17.217988967895508,0.9857593774795532
79427,0.7426722049713135,0.19558307528495789,0.19558307528495789,115.48095703125,0.9840905070304871
80488,0.7894020080566406,0.1962464451789856,0.1962464451789856,21.405269622802734,0.9834508299827576
79136,0.8602008819580078,0.20379222929477692,0.20379222929477692,28.374555587768555,0.9794098734855652
78463,0.8355855941772461,0.2043498158454895,0.2043498158454895,57.2880973815918,0.9986481070518494
61709,0.5999715328216553,0.20164112746715546,0.20164112746715546,20.218172073364258,0.986167848110199
