85682,0.8474113941192627,0.21892373263835907,0.21892373263835907,16.783496856689453,1.0138882398605347
89439,0.7839226722717285,0.209531769156456,0.209531769156456,20.676809310913086,0.9860578179359436
101567,0.793372392654419,0.22692672908306122,0.22692672908306122,58.05461883544922,0.984953761100769
86365,0.76011061668396,0.21781328320503235,0.21781328320503235,18.474040985107422,1.0086473226547241
86357,0.7559106349945068,0.21487605571746826,0.21487605571746826,19.67375946044922,1.0149418115615845
93811,0.768113374710083,0.2101493626832962,0.2101493626832962,22.590505599975586,1.00729238986969
86080,1.1309566497802734,0.21595245599746704,0.21595245599746704,33.76905822753906,1.0291129350662231
86191,0.7136452198028564,0.21488609910011292,0.21488609910011292,19.40422248840332,1.0170751810073853
84389,0.7883567810058594,0.2223319113254547,0.2223319113254547,23.345985412597656,1.0356754064559937
75428,0.6463370323181152,0.2148405760526657,0.2148405760526657,17.856849670410156,1.0224510431289673
