84941,0.9283921718597412,4.551754474639893,4.551754474639893,9.715723991394043,1.0973496437072754
72718,0.7388944625854492,4.157251358032227,4.157251358032227,5.791555881500244,1.0793510675430298
78824,0.8710765838623047,5.684655666351318,5.684655666351318,5.5268659591674805,1.0811623334884644
82586,0.7059295177459717,4.231756687164307,4.231756687164307,5.256875038146973,1.0896426439285278
79896,0.7164959907531738,inf,inf,6.16753625869751,1.0853086709976196
74540,0.7385401725769043,inf,inf,5.887557506561279,1.0779448747634888
77321,0.7253749370574951,5.708083152770996,5.708083152770996,30.798812866210938,1.0837757587432861
74783,0.713726282119751,4.3139967918396,4.3139967918396,5.289093494415283,1.085949182510376
81608,0.7052998542785645,4.915874004364014,4.915874004364014,5.406291961669922,1.0917580127716064
50397,0.5170149803161621,5.157792091369629,5.157792091369629,5.383528709411621,1.1024330854415894
