82591,0.33719658851623535,0.13269616663455963,0.13269616663455963,28.833057403564453,0.8738327622413635
79329,0.298309326171875,0.12491292506456375,0.12491292506456375,10.105232238769531,0.8563927412033081
87545,0.3303656578063965,0.12798336148262024,0.12798336148262024,8.315815925598145,0.8593783378601074
83840,0.295987606048584,0.12859800457954407,0.12859800457954407,8.484376907348633,0.8589272499084473
80413,0.34719061851501465,0.13064289093017578,0.13064289093017578,10.251805305480957,0.867509663105011
85339,0.31662893295288086,0.12622129917144775,0.12622129917144775,11.653168678283691,0.8553383946418762
84572,0.3160395622253418,0.1262960433959961,0.1262960433959961,8.250227928161621,0.8595393300056458
81970,0.31720948219299316,0.12643735110759735,0.12643735110759735,9.48587417602539,0.8621252179145813
81629,0.3210742473602295,0.13093015551567078,0.13093015551567078,21.20650863647461,0.8801048398017883
71407,0.3218729496002197,0.12848705053329468,0.12848705053329468,11.271086692810059,0.8676244020462036
