68706,0.3808162212371826,0.17620863020420074,0.17620863020420074,37.64594268798828,1.000436782836914
69281,0.3416740894317627,0.17222054302692413,0.17222054302692413,12.564543724060059,1.0071699619293213
77361,0.30315184593200684,0.18700823187828064,0.18700823187828064,21.69923973083496,1.0010483264923096
73783,0.31618356704711914,0.15126556158065796,0.15126556158065796,12.723304748535156,1.00780189037323
72919,0.31452417373657227,0.1480247527360916,0.1480247527360916,16.639219284057617,1.0025277137756348
73441,0.30744147300720215,0.14933815598487854,0.14933815598487854,16.65180015563965,0.9992129802703857
73847,0.3076000213623047,0.14869262278079987,0.14869262278079987,14.4020414352417,0.9961405992507935
69686,0.28860926628112793,0.1518881916999817,0.1518881916999817,12.45855712890625,1.0072674751281738
71860,0.30605483055114746,0.15256376564502716,0.15256376564502716,15.30379867553711,1.0091304779052734
54119,0.25157856941223145,0.1538994461297989,0.1538994461297989,26.168376922607422,1.0125961303710938
