80482,0.328660249710083,0.23387999832630157,0.23387999832630157,22.415834426879883,0.946610689163208
83338,0.3819246292114258,0.16839052736759186,0.16839052736759186,28.77318572998047,0.9334604740142822
87608,0.31946825981140137,0.16595378518104553,0.16595378518104553,16.570899963378906,0.9812660217285156
85452,0.30942821502685547,0.16314290463924408,0.16314290463924408,50.80800247192383,0.9727720022201538
82197,0.33446288108825684,0.15408837795257568,0.15408837795257568,15.832779884338379,0.9660161733627319
87735,0.31118154525756836,0.15135450661182404,0.15135450661182404,60.29804229736328,0.9527385830879211
83817,0.37018513679504395,0.1604563295841217,0.1604563295841217,30.29196548461914,0.951582133769989
80998,0.3450319766998291,0.174046128988266,0.174046128988266,14.6654691696167,0.965663731098175
79396,0.3139834403991699,0.16757842898368835,0.16757842898368835,13.260388374328613,0.9968997836112976
66575,0.2516298294067383,0.20404265820980072,0.20404265820980072,23.624326705932617,0.9791726469993591
