91904,1.5610241889953613,0.24974051117897034,0.24974051117897034,3.734375476837158,0.8683890700340271
108444,1.418433427810669,0.23745529353618622,0.23745529353618622,3.3528428077697754,0.8323979377746582
126725,1.664482593536377,0.24294981360435486,0.24294981360435486,3.7104592323303223,0.8460897207260132
107452,1.649179220199585,0.24387426674365997,0.24387426674365997,3.4304373264312744,0.8548927903175354
107865,1.4900281429290771,0.24250377714633942,0.24250377714633942,3.3579208850860596,0.8434479236602783
107992,1.4715116024017334,0.2417835295200348,0.2417835295200348,3.7850944995880127,0.841577410697937
98606,1.250659704208374,0.24642032384872437,0.24642032384872437,3.0512428283691406,0.8517737984657288
91399,1.462989091873169,0.24628277122974396,0.24628277122974396,3.469606637954712,0.8634781837463379
86108,1.2556324005126953,0.24353238940238953,0.24353238940238953,3.3490965366363525,0.8588336110115051
84001,0.9552707672119141,0.24283982813358307,0.24283982813358307,3.2012641429901123,0.8560060262680054
