63303,1.9732489585876465,inf,inf,4.287126541137695,0.9645455479621887
69902,1.4641239643096924,2.2335081100463867,2.2335081100463867,38.416053771972656,0.9514896273612976
83217,1.4585223197937012,2.018751859664917,2.018751859664917,4.307732105255127,0.9461968541145325
69266,1.3920514583587646,2.7341158390045166,2.7341158390045166,6.113736152648926,0.9593945741653442
68252,1.3460299968719482,2.5804283618927,2.5804283618927,4.0340094566345215,0.9552808403968811
82229,1.4556806087493896,2.18949818611145,2.18949818611145,4.1356706619262695,0.944426953792572
67642,1.2739481925964355,2.375481605529785,2.375481605529785,4.370306015014648,0.9541980028152466
69756,1.3660664558410645,2.0191359519958496,2.0191359519958496,4.356450080871582,0.9533889293670654
70431,1.3473351001739502,2.184044361114502,2.184044361114502,4.398015022277832,0.9588748812675476
61337,0.9519181251525879,2.785933017730713,2.785933017730713,4.385143756866455,0.955530047416687
