91347,0.3319993019104004,0.3427153527736664,0.3427153527736664,4.707833290100098,0.8604329228401184
94148,0.3057253360748291,0.3217322528362274,0.3217322528362274,4.979865074157715,0.8269497156143188
103116,0.31076788902282715,0.349412202835083,0.349412202835083,4.630488872528076,0.8341507911682129
95529,0.31389689445495605,0.36120250821113586,0.36120250821113586,4.359097003936768,0.8429772257804871
93158,0.3065969944000244,0.4903709888458252,0.4903709888458252,7.902322769165039,0.8465291857719421
98651,0.31172823905944824,0.3562139868736267,0.3562139868736267,4.358675479888916,0.82277911901474
92202,0.3081400394439697,0.3455089330673218,0.3455089330673218,4.898500919342041,0.849966287612915
92467,0.3071138858795166,0.598568320274353,0.598568320274353,4.283131122589111,0.8457620739936829
88172,0.3118624687194824,0.43365514278411865,0.43365514278411865,5.833118438720703,0.8661330342292786
82317,0.2502763271331787,0.38351500034332275,0.38351500034332275,5.118355751037598,0.8330203890800476
