133399,0.7548332214355469,0.16147281229496002,0.16147281229496002,9.396200180053711,1.0284602642059326
129221,0.7752799987792969,0.15282006561756134,0.15282006561756134,9.445481300354004,0.9960832595825195
150709,0.676039457321167,0.15858148038387299,0.15858148038387299,74.59776306152344,0.9916648268699646
132651,0.6375119686126709,0.15925729274749756,0.15925729274749756,10.809919357299805,1.0009095668792725
140735,0.6236424446105957,0.1549936980009079,0.1549936980009079,10.379904747009277,0.9892576932907104
141728,0.627962589263916,0.1665530651807785,0.1665530651807785,10.420084953308105,0.9869562387466431
143736,0.8912267684936523,0.1522662341594696,0.1522662341594696,9.898554801940918,0.9847220778465271
138330,0.6250600814819336,0.15309256315231323,0.15309256315231323,20.903301239013672,0.9986363649368286
137253,0.845444917678833,0.15474459528923035,0.15474459528923035,35.366981506347656,1.0105068683624268
124416,0.49489665031433105,0.1543392837047577,0.1543392837047577,8.486479759216309,1.011569857597351
