169437,0.8033633232116699,0.16147218644618988,0.16147218644618988,13.245711326599121,1.0643417835235596
163343,0.661811113357544,0.15013934671878815,0.15013934671878815,12.31205940246582,1.0326777696609497
189207,0.6786682605743408,0.15356512367725372,0.15356512367725372,13.148432731628418,1.0188440084457397
166273,0.703697681427002,0.15663397312164307,0.15663397312164307,14.992632865905762,1.0294339656829834
172154,0.681286096572876,0.155416339635849,0.155416339635849,13.576539039611816,1.0344055891036987
177899,0.7629098892211914,0.15093159675598145,0.15093159675598145,22.263755798339844,1.0129367113113403
172575,0.9176216125488281,0.15413306653499603,0.15413306653499603,12.39071273803711,1.0336310863494873
160265,0.7000222206115723,0.1553950309753418,0.1553950309753418,13.165782928466797,1.0349206924438477
172288,0.6721723079681396,0.1562986820936203,0.1562986820936203,12.393902778625488,1.045973777770996
168425,0.5177171230316162,0.14838066697120667,0.14838066697120667,21.443387985229492,1.0124189853668213
