147018,0.8204340934753418,0.1762492060661316,0.1762492060661316,15.747580528259277,0.9766660332679749
138182,0.6805298328399658,0.1698630303144455,0.1698630303144455,12.87833309173584,0.9634773135185242
150373,0.7235288619995117,0.17829863727092743,0.17829863727092743,10.571894645690918,0.9829719066619873
138875,0.6986920833587646,0.1781480759382248,0.1781480759382248,13.03247356414795,0.9789649248123169
148068,0.7365741729736328,0.1730341762304306,0.1730341762304306,31.168460845947266,0.9642206430435181
146865,0.8210587501525879,0.17106617987155914,0.17106617987155914,12.880005836486816,0.9682709574699402
139764,0.6738145351409912,0.17590263485908508,0.17590263485908508,14.235753059387207,0.975193440914154
125697,0.6824049949645996,0.17800067365169525,0.17800067365169525,17.181970596313477,1.0017683506011963
144842,0.6698846817016602,0.17444688081741333,0.17444688081741333,16.52312469482422,0.9759355187416077
133550,0.544689416885376,0.17133167386054993,0.17133167386054993,11.046101570129395,0.9654722213745117
