78711,0.8586442470550537,0.20776647329330444,0.20776647329330444,20.068458557128906,1.040183186531067
78725,0.7853484153747559,0.20908446609973907,0.20908446609973907,18.41533851623535,1.0223177671432495
88995,0.7979738712310791,0.21104343235492706,0.21104343235492706,21.947031021118164,1.0293549299240112
81973,0.7460770606994629,0.2137637436389923,0.2137637436389923,24.56294822692871,1.0617547035217285
81028,0.773263692855835,0.2121204137802124,0.2121204137802124,15.945734024047852,1.0366671085357666
82985,0.7386059761047363,0.2320268601179123,0.2320268601179123,21.3882999420166,1.0191372632980347
82515,0.7977097034454346,0.20823107659816742,0.20823107659816742,14.953957557678223,1.0381923913955688
82154,0.7460851669311523,0.20763319730758667,0.20763319730758667,23.817028045654297,1.0410137176513672
81833,0.8477694988250732,0.2171858549118042,0.2171858549118042,16.661623001098633,1.039725422859192
64896,0.6016101837158203,0.20932039618492126,0.20932039618492126,22.22463035583496,1.0409330129623413
