person 0.49269381165504456 1104 280 1128 305
car 0.9845461845397949 685 365 759 469
car 0.9474567770957947 212 369 310 421
car 0.8463082909584045 922 384 1009 475
car 0.8748884201049805 899 284 966 344
car 0.9431864619255066 113 380 189 427
car 0.9839593768119812 640 158 675 182
car 0.7164198160171509 1018 267 1063 293
car 0.4604355990886688 790 189 824 213
car 0.9653109312057495 611 64 636 78
car 0.98725825548172 623 133 649 154
car 0.8966366648674011 1028 300 1078 330
car 0.9679976105690002 503 202 536 225
car 0.9210290312767029 642 89 667 106
car 0.9564138054847717 671 114 700 134
traffic_light 0.6436126232147217 1143 315 1160 336
traffic_light 0.9560686945915222 417 307 438 338
