person 0.5692703723907471 1105 280 1127 305
person 0.961299479007721 1071 237 1084 256
person 0.7201405763626099 273 257 298 287
car 0.9292144775390625 208 368 311 422
car 0.9938336610794067 610 176 649 207
car 0.9615680575370789 584 113 611 145
car 0.9392349720001221 113 381 188 427
car 0.9767540693283081 959 446 1051 540
car 0.978156328201294 623 131 650 158
car 0.9865638017654419 589 130 617 156
car 0.9014067053794861 645 89 665 103
car 0.9891147613525391 682 162 719 184
car 0.9801273345947266 645 157 673 180
car 0.6274510622024536 1019 267 1064 293
car 0.7382692098617554 515 185 536 214
car 0.9383857250213623 562 228 607 269
traffic_light 0.7985976338386536 426 211 443 246
traffic_light 0.5351438522338867 1142 314 1160 337
