person 0.9164139628410339 423 211 444 249
person 0.8750976920127869 273 257 298 287
person 0.9163426160812378 300 232 319 259
person 0.5364341735839844 1099 406 1124 436
person 0.47041618824005127 1104 281 1127 305
car 0.9732400178909302 206 369 315 425
car 0.9899701476097107 584 116 615 145
car 0.9928427934646606 594 152 630 182
car 0.9876415729522705 591 134 623 160
traffic_light 0.9486784934997559 1143 314 1160 338
traffic_light 0.7663208246231079 1072 236 1084 256
traffic_light 0.8610638380050659 874 206 888 230
