person 0.6011565923690796 1105 281 1127 305
car 0.9326393604278564 209 368 310 421
car 0.8474646210670471 616 198 670 251
car 0.994290828704834 592 142 620 170
car 0.9464985132217407 113 380 187 427
car 0.9096693992614746 570 263 625 334
car 0.8203179836273193 859 308 945 381
car 0.9956858158111572 641 156 675 181
car 0.9814242720603943 585 110 611 131
car 0.6817722916603088 1017 268 1063 294
car 0.799839198589325 641 90 661 106
car 0.9868115782737732 622 133 650 159
traffic_light 0.6402568221092224 1143 315 1160 336
