person 0.7626387476921082 423 208 440 241
person 0.47105756402015686 1106 282 1126 304
person 0.8563787341117859 957 261 973 285
person 0.8633704781532288 297 229 317 257
car 0.9538195133209229 594 404 753 505
car 0.9960081577301025 312 261 390 302
car 0.9173030257225037 664 313 797 397
car 0.9511919021606445 211 369 311 423
car 0.9914360642433167 512 187 540 210
car 0.9486381411552429 582 113 616 145
car 0.9756007194519043 560 179 590 204
car 0.6993252635002136 792 234 842 270
car 0.8439721465110779 18 373 54 403
car 0.9674794673919678 558 167 586 193
car 0.8902214169502258 113 380 191 426
car 0.9264097809791565 222 330 297 358
car 0.9872307181358337 601 155 639 182
car 0.9861767888069153 639 159 670 181
motorbike 0.8282653093338013 147 312 189 343
traffic_light 0.6927727460861206 1144 314 1160 337
