person 0.7481524348258972 1135 314 1160 340
person 0.5071587562561035 1105 278 1127 304
person 0.9254326224327087 1070 240 1085 259
car 0.991243839263916 203 367 314 421
car 0.9717332720756531 924 335 1025 396
car 0.8888824582099915 187 499 311 574
car 0.9652934670448303 997 233 1039 252
car 0.8604966998100281 1016 266 1066 291
car 0.9457788467407227 174 431 285 498
car 0.976029098033905 111 382 190 427
car 0.9239814877510071 1029 301 1073 329
car 0.9844895601272583 508 167 538 197
motorbike 0.8509511351585388 1134 327 1160 349
