person 0.4764636158943176 1139 316 1155 337
car 0.9967074394226074 831 407 954 484
car 0.9850141406059265 892 277 959 306
car 0.9692234992980957 378 296 495 354
car 0.9867469072341919 984 246 1038 272
car 0.9923047423362732 563 180 594 205
car 0.9779104590415955 792 240 868 276
car 0.8858659267425537 1064 378 1112 413
car 0.8779615163803101 1024 295 1104 344
car 0.9729952812194824 617 136 646 161
car 0.9886799454689026 564 168 589 195
car 0.9911313652992249 598 156 627 179
car 0.6925275325775146 1066 326 1110 358
car 0.8340665102005005 1074 258 1122 289
car 0.9118056893348694 500 178 537 213
car 0.9562562704086304 670 158 714 182
