person 0.5569005012512207 1142 312 1159 338
car 0.8526434302330017 188 498 310 576
car 0.9589995741844177 1016 266 1069 296
car 0.9397311806678772 412 326 509 383
car 0.9066629409790039 174 432 282 497
car 0.9956799745559692 790 449 876 574
car 0.9831475615501404 564 177 591 205
car 0.7330932021141052 824 208 878 232
car 0.9486557245254517 515 120 541 144
car 0.5886492729187012 68 435 141 490
car 0.9933940768241882 207 293 289 333
car 0.9469099640846252 511 177 538 202
traffic_light 0.8586989641189575 718 211 743 242
traffic_light 0.7069157958030701 1106 273 1120 294
