person 0.9463486075401306 1070 239 1083 257
car 0.9133340716362 189 498 309 576
car 0.9606049060821533 1015 263 1065 294
car 0.9424927830696106 173 431 282 498
car 0.8550938367843628 64 335 103 366
car 0.8108541965484619 821 207 880 231
car 0.9581544995307922 514 139 541 168
car 0.9440615177154541 617 86 635 99
car 0.8186507821083069 68 436 142 489
car 0.9723955988883972 563 177 591 206
car 0.9515020847320557 668 223 740 274
motorbike 0.5190610289573669 492 207 520 234
traffic_light 0.5688972473144531 1143 312 1159 337
traffic_light 0.6005520820617676 1105 274 1119 294
