person 0.43654248118400574 781 168 810 195
person 0.6317269802093506 1104 278 1127 306
person 0.7563374042510986 274 257 298 287
person 0.9569681882858276 1070 237 1084 255
car 0.9754523038864136 206 369 313 422
car 0.9872971773147583 134 309 186 342
car 0.9306343793869019 131 436 233 498
car 0.9877513647079468 112 380 190 428
car 0.9603311419487 57 398 114 435
car 0.5083076357841492 1022 267 1063 292
car 0.9910237789154053 640 159 673 183
car 0.989759087562561 621 135 649 156
car 0.9812927842140198 608 111 631 130
car 0.9892822504043579 658 135 691 154
car 0.5128965377807617 905 221 945 241
car 0.856934130191803 611 99 630 114
motorbike 0.7728641033172607 1030 303 1071 329
traffic_light 0.6081395149230957 1141 314 1158 335
