person 0.3392070531845093 775 167 808 195
car 0.9488036036491394 209 368 311 422
car 0.9886983036994934 329 257 402 300
car 0.9670305252075195 112 381 188 428
car 0.9136200547218323 55 399 113 436
car 0.7102810144424438 1019 268 1065 291
car 0.9713607430458069 599 100 625 118
car 0.45263907313346863 960 358 1035 425
car 0.9879221320152283 621 135 649 156
car 0.9679821729660034 641 160 673 183
car 0.9048108458518982 81 437 157 497
car 0.7638252973556519 1030 304 1071 328
traffic_light 0.7281423807144165 1141 314 1158 336
traffic_light 0.36131349205970764 1105 279 1128 305
