person 0.9294047355651855 896 208 908 232
person 0.6978647112846375 423 212 444 243
person 0.4241958558559418 1105 281 1127 304
person 0.8104001879692078 1072 238 1084 256
person 0.6523780226707458 274 257 298 287
car 0.8996649384498596 912 332 1000 425
car 0.9481380581855774 208 369 311 421
car 0.9829663038253784 559 180 590 208
car 0.9733130931854248 114 380 187 427
car 0.9664062261581421 585 112 616 143
car 0.9789119958877563 51 359 100 399
car 0.9389829635620117 811 253 877 308
car 0.9925752878189087 641 159 672 180
car 0.9922162294387817 602 156 636 182
car 0.7258434891700745 667 108 692 124
car 0.4699241816997528 1021 268 1062 293
car 0.9777688980102539 684 160 720 180
car 0.7893273234367371 514 186 536 212
car 0.9608297944068909 2 335 30 369
car 0.9663868546485901 619 134 645 160
traffic_light 0.7604402303695679 1143 315 1160 337
