person 0.46618202328681946 1104 278 1126 305
person 0.9716786742210388 1070 238 1084 256
car 0.9917212128639221 806 246 879 303
car 0.9933473467826843 204 368 311 421
car 0.9848802089691162 808 309 901 367
car 0.9388542175292969 189 498 309 575
car 0.9689745306968689 177 431 283 499
car 0.9876877665519714 112 381 189 428
car 0.6326112151145935 1018 266 1064 292
car 0.5868392586708069 1126 315 1159 342
car 0.9897046685218811 616 119 643 145
car 0.8854220509529114 1030 302 1072 329
motorbike 0.4664440453052521 625 239 676 298
