person 0.887106716632843 423 211 441 245
person 0.9176246523857117 960 260 981 291
person 0.9459572434425354 299 229 317 257
person 0.7560440301895142 274 256 298 287
person 0.4930233657360077 1105 281 1129 305
car 0.9795091152191162 481 266 566 311
car 0.9715585112571716 678 297 792 378
car 0.9548737406730652 320 323 412 371
car 0.9313154816627502 211 369 311 423
car 0.9721710085868835 80 353 137 388
car 0.9673510193824768 858 312 930 374
car 0.9063712954521179 116 381 187 427
car 0.9854110479354858 511 185 539 209
car 0.9899011254310608 582 115 615 145
car 0.9424316883087158 645 429 766 524
car 0.9840947985649109 554 155 585 179
car 0.9880018830299377 601 156 638 183
traffic_light 0.859846830368042 1144 313 1161 337
traffic_light 0.7107558250427246 1071 237 1083 258
traffic_light 0.9562583565711975 834 228 870 260
