person 0.46070557832717896 1104 281 1129 305
person 0.95218425989151 1071 240 1085 257
car 0.7052016258239746 906 375 987 465
car 0.9567893147468567 210 368 312 421
car 0.9668805003166199 113 380 188 427
car 0.9920701384544373 590 87 613 101
car 0.665553867816925 1017 268 1064 292
car 0.9580008387565613 930 229 971 249
car 0.9878401160240173 641 159 674 182
car 0.9931374788284302 622 135 650 156
car 0.7032362818717957 1030 304 1073 329
truck 0.72038733959198 260 499 393 578
traffic_light 0.9117008447647095 1142 313 1160 335
traffic_light 0.5073285102844238 1153 351 1178 374
