person 0.8406059741973877 915 188 929 209
person 0.6807138323783875 1105 279 1126 305
person 0.5832628011703491 274 258 299 286
car 0.9821480512619019 206 369 311 421
car 0.9510635733604431 133 492 238 561
car 0.9569101929664612 152 434 255 497
car 0.9754298329353333 60 330 100 362
car 0.9702728986740112 112 382 189 427
car 0.988434910774231 607 111 633 133
car 0.8832343220710754 58 398 113 436
car 0.9883853197097778 622 135 649 159
motorbike 0.40716227889060974 1023 267 1063 291
traffic_light 0.6319203972816467 1142 313 1160 335
