person 0.5287337303161621 1105 282 1129 305
person 0.5542348027229309 388 474 416 508
person 0.6594668030738831 366 528 393 552
car 0.9141183495521545 209 369 311 421
car 0.898029625415802 932 332 1011 401
car 0.8546720743179321 1097 344 1139 383
car 0.7321175932884216 72 339 115 370
car 0.9404476881027222 113 381 188 426
car 0.9697420597076416 328 258 396 305
car 0.748982846736908 1017 268 1064 292
car 0.972605288028717 640 114 668 132
car 0.9206550121307373 1029 301 1077 330
traffic_light 0.41878071427345276 1143 314 1163 335
