person 0.9680267572402954 1071 236 1085 256
car 0.996057391166687 647 246 740 287
car 0.9940117001533508 731 276 830 317
car 0.9813180565834045 206 327 291 376
car 0.9406983852386475 963 385 1046 446
car 0.9682862758636475 1103 361 1152 398
car 0.9806166887283325 940 245 993 268
car 0.9512739777565002 567 182 590 208
car 0.6109815239906311 1125 313 1154 343
car 0.9699723720550537 673 160 715 183
car 0.9828322529792786 563 167 588 195
car 0.977321207523346 616 140 647 165
car 0.9786890149116516 602 158 637 182
