person 0.5726852416992188 1106 281 1128 303
car 0.9753527641296387 504 355 645 439
car 0.9867210388183594 558 179 589 206
car 0.9194897413253784 251 278 332 314
car 0.8762807250022888 954 427 1034 516
car 0.9509928226470947 202 371 315 424
car 0.9937012195587158 510 187 540 210
car 0.8574202656745911 169 331 245 380
car 0.9745817184448242 584 115 615 145
car 0.9765309691429138 58 314 104 347
car 0.9927323460578918 597 155 627 181
car 0.9907678961753845 640 157 672 180
car 0.4902306795120239 826 262 885 317
car 0.9881675839424133 592 137 623 162
traffic_light 0.4254772365093231 1143 314 1161 336
traffic_light 0.6735510230064392 423 211 442 242
