person 0.6222990155220032 1105 281 1126 304
person 0.7119715213775635 1153 424 1179 469
car 0.9143186807632446 637 241 704 324
car 0.931045651435852 209 368 310 421
car 0.9860085844993591 962 440 1034 516
car 0.9487478137016296 113 381 187 427
car 0.9214584231376648 593 369 656 469
car 0.995261549949646 587 119 616 142
car 0.9575016498565674 785 220 856 275
car 0.748965859413147 1017 267 1065 293
car 0.9166013598442078 663 98 692 119
car 0.9815050959587097 601 163 635 193
car 0.9905259609222412 621 133 651 158
traffic_light 0.45141902565956116 1142 315 1160 337
