person 0.653954267501831 1105 278 1125 305
car 0.9873720407485962 203 368 313 422
car 0.8768166303634644 170 501 286 571
car 0.940531313419342 169 433 267 498
car 0.9654935002326965 112 382 188 428
car 0.9686917662620544 608 111 632 130
car 0.9099882245063782 57 397 113 435
car 0.9805495142936707 623 138 648 158
car 0.9875390529632568 640 159 674 183
motorbike 0.49913638830184937 1022 267 1061 292
traffic_light 0.7196086645126343 1141 313 1159 336
traffic_light 0.6211367845535278 660 110 679 129
