car 0.9902747869491577 441 251 532 291
car 0.9433202147483826 857 310 936 378
car 0.9618356227874756 210 370 313 423
car 0.9528063535690308 350 320 432 367
car 0.9783707857131958 559 167 586 191
car 0.9415059685707092 815 405 940 527
car 0.7205697894096375 116 380 193 426
car 0.9883806705474854 586 118 614 143
car 0.9809103608131409 760 505 898 635
car 0.8558480143547058 240 297 312 330
car 0.9868712425231934 592 134 622 158
car 0.981138288974762 605 159 639 181
car 0.9203289747238159 515 187 539 207
car 0.9791617393493652 637 160 669 181
motorbike 0.5847238302230835 92 356 143 387
traffic_light 0.7795971632003784 425 214 442 242
