car 0.8640096783638 207 369 312 423
car 0.9775631427764893 327 257 405 298
car 0.7932444214820862 112 381 193 430
car 0.4727543890476227 1022 268 1063 292
car 0.9876685738563538 660 135 692 153
car 0.9641209244728088 608 99 630 117
car 0.9902430176734924 622 137 650 156
car 0.9649568200111389 641 160 673 181
motorbike 0.4595670700073242 62 401 108 435
motorbike 0.6865531206130981 960 358 1034 424
traffic_light 0.49411359429359436 1105 281 1127 305
traffic_light 0.6462581753730774 1140 315 1159 334
