person 0.5205516219139099 1106 282 1127 305
person 0.5462622046470642 81 357 129 392
car 0.8242860436439514 203 368 312 427
car 0.918533980846405 376 323 478 377
car 0.9877883791923523 559 182 590 205
car 0.9690589904785156 514 187 540 208
car 0.9832488298416138 585 118 615 142
car 0.8428831100463867 866 318 942 381
car 0.973615825176239 559 167 586 191
car 0.9786246418952942 640 159 671 181
car 0.9889245629310608 605 157 637 181
car 0.9842644333839417 592 137 621 160
car 0.9704340100288391 158 299 217 327
car 0.5308749675750732 116 380 191 430
traffic_light 0.8364664316177368 780 214 808 240
traffic_light 0.9542539715766907 771 207 791 232
