person 0.5894902944564819 115 356 158 384
car 0.9649660587310791 521 274 634 325
car 0.9941061735153198 196 282 270 319
car 0.9381407499313354 443 340 575 401
car 0.9325171113014221 204 369 314 426
car 0.9919397234916687 560 181 590 204
car 0.9868234395980835 513 187 540 208
car 0.9403300285339355 805 538 946 685
car 0.990176260471344 586 117 614 144
car 0.9796981811523438 560 168 586 192
car 0.9920077323913574 604 159 637 182
car 0.9913908243179321 592 137 622 161
car 0.990743100643158 639 159 670 181
motorbike 0.5449712872505188 115 379 190 427
