person 0.5018613338470459 1108 282 1129 305
car 0.9869598746299744 653 421 799 540
car 0.974112868309021 294 321 387 372
car 0.9712255597114563 206 369 312 425
car 0.9846700429916382 560 182 590 205
car 0.9747700691223145 381 259 471 303
car 0.9618697166442871 514 187 540 209
car 0.9247488975524902 902 356 983 432
car 0.960904598236084 119 303 169 335
car 0.9850555658340454 585 117 616 142
car 0.7566195726394653 116 380 192 428
car 0.9655462503433228 558 168 585 192
car 0.9721205234527588 639 160 671 182
car 0.9814033508300781 604 157 637 182
motorbike 0.9203457236289978 40 376 68 405
traffic_light 0.4126310646533966 1143 314 1161 336
