person 422 211 441 244
person 961 257 981 290
person 274 256 297 287
person 298 228 316 257
person 1071 238 1084 259
person 1105 280 1130 305
car 480 264 567 312
car 319 321 412 371
car 209 368 311 424
car 680 296 790 379
car 79 352 138 388
car 858 311 929 376
car 510 185 539 210
car 116 381 186 428
car 640 422 776 532
car 582 112 615 145
car 554 151 585 180
car 596 153 627 181
car 640 158 671 182
car 620 135 649 166
traffic_light 1143 312 1161 336
traffic_light 1109 269 1126 290
traffic_light 834 225 872 261
