221303,0.5650336742401123
212978,0.562915563583374
228149,0.5805966854095459
228187,0.5595464706420898
246832,0.559197187423706
239089,0.4976630210876465
226934,0.5161943435668945
240682,0.5119278430938721
256479,0.5128672122955322
227340,0.5147378444671631
233828,0.5142822265625
229002,0.521970272064209
219601,0.5155520439147949
215836,0.5016562938690186
222572,0.5440459251403809
313284,0.5194888114929199
284092,0.5008885860443115
218226,0.5255851745605469
242453,0.5221834182739258
228215,0.5234112739562988
238603,0.5285911560058594
219872,0.5230374336242676
218596,0.5184059143066406
225212,0.5248167514801025
235155,0.5265381336212158
237011,0.5404026508331299
219618,0.5163023471832275
265788,0.5207092761993408
222582,0.5213873386383057
224084,0.5014784336090088
240265,0.5218713283538818
290178,0.52632737159729
223645,0.5310409069061279
212320,0.5058503150939941
235100,0.51552414894104
228760,0.5212726593017578
238144,0.529691219329834
153006,0.2327108383178711
