215466,0.2629985809326172
229217,0.29654526710510254
230269,0.27791929244995117
223574,0.2905876636505127
225020,0.2516186237335205
222839,0.24013423919677734
235869,0.24287772178649902
237439,0.266096830368042
214642,0.24763178825378418
229225,0.26413559913635254
233500,0.2526388168334961
223703,0.25411248207092285
220194,0.25731587409973145
214131,0.2557055950164795
215295,0.24498438835144043
201997,0.2628471851348877
215343,0.2549295425415039
223571,0.25974082946777344
227490,0.2675588130950928
228455,0.2659115791320801
228266,0.2686028480529785
212602,0.2472827434539795
234277,0.24560976028442383
212904,0.25971317291259766
223021,0.2496042251586914
215280,0.26627540588378906
212013,0.261385440826416
224483,0.26146626472473145
229996,0.2460792064666748
223055,0.2621026039123535
219968,0.24233245849609375
227152,0.2601346969604492
226737,0.2525923252105713
211531,0.2578294277191162
223938,0.24703717231750488
229927,0.26610541343688965
226504,0.2475297451019287
130485,0.1365804672241211
