226710,0.6191151142120361
220699,0.5453236103057861
238535,0.540168046951294
235804,0.5625655651092529
250482,0.5732262134552002
243153,0.5076613426208496
233366,0.49497199058532715
229755,0.5331954956054688
227853,0.5158553123474121
242235,0.5005588531494141
241320,0.49776220321655273
262455,0.4974632263183594
213273,0.5223422050476074
228650,0.5155417919158936
226351,0.5547318458557129
236285,0.519641637802124
232796,0.5180385112762451
229375,0.5249853134155273
243531,0.5261855125427246
238967,0.5484414100646973
220520,0.5212678909301758
227637,0.5217545032501221
231390,0.5167922973632812
246638,0.5356807708740234
231013,0.5225911140441895
223322,0.4986228942871094
224870,0.5194158554077148
232155,0.5199525356292725
234282,0.5352468490600586
255907,0.5214831829071045
216682,0.5201454162597656
241435,0.5171046257019043
219927,0.5529844760894775
212204,0.5242483615875244
223731,0.5155696868896484
261084,0.5248754024505615
248997,0.5263271331787109
149744,0.23686742782592773
