273230,0.6336679458618164
241410,0.5938971042633057
259952,0.573129415512085
265858,0.5809907913208008
266137,0.5908060073852539
267559,0.5144262313842773
255501,0.5168552398681641
276112,0.5179684162139893
363091,0.5157430171966553
247448,0.4992353916168213
272170,0.5158650875091553
258127,0.5365123748779297
272386,0.517634391784668
256386,0.5188412666320801
254138,0.5246753692626953
460920,0.5194177627563477
393247,0.5202219486236572
284797,0.5041258335113525
269650,0.5105092525482178
227534,0.546379804611206
321200,0.5232985019683838
295222,0.5269546508789062
253977,0.5366854667663574
303225,0.49996137619018555
221774,0.5268890857696533
326324,0.5215470790863037
250426,0.5278117656707764
362102,0.5295405387878418
298669,0.5338795185089111
266322,0.5301079750061035
347582,0.5156779289245605
390486,0.5286767482757568
313949,0.531116247177124
274491,0.5273756980895996
301541,0.5178947448730469
310537,0.5038697719573975
257231,0.5290281772613525
217850,0.23798751831054688
