817743,2.4712369441986084
707062,2.2002761363983154
802898,2.2228686809539795
1123832,2.2199959754943848
918472,2.2360312938690186
860523,2.001142978668213
826056,2.011390447616577
895346,2.0036094188690186
995245,2.0177087783813477
835305,1.9940803050994873
1052797,2.0244264602661133
837704,2.0017597675323486
864896,2.003484010696411
833180,2.023076295852661
745612,1.9941012859344482
1065955,2.0574710369110107
932884,2.122703790664673
1177790,2.0471858978271484
889620,2.0292932987213135
684455,1.99946928024292
953819,2.1137194633483887
830108,2.103384017944336
962740,2.0621821880340576
1118533,2.05790376663208
763541,2.0401508808135986
987578,2.145048141479492
753902,2.054816722869873
922979,2.0352630615234375
1191422,2.055795431137085
900860,2.0628662109375
960323,2.094517707824707
830817,1.9974555969238281
982733,2.0466811656951904
786229,2.0367913246154785
744770,2.145580291748047
1164255,2.0391602516174316
909728,2.0281460285186768
753294,1.000525712966919
