259309,0.6040124893188477
252444,0.5591225624084473
264251,0.5857748985290527
291019,0.6111404895782471
264592,0.5250070095062256
266037,0.5008864402770996
253618,0.512984037399292
252102,0.4963071346282959
255609,0.518359899520874
277038,0.5137314796447754
270527,0.5182645320892334
254630,0.5249087810516357
262644,0.5165853500366211
284712,0.5172736644744873
270815,0.510648250579834
248452,0.5168895721435547
281823,0.5172381401062012
298347,0.5218966007232666
267395,0.4991745948791504
262831,0.5166699886322021
289925,0.518286943435669
262388,0.5199251174926758
268460,0.5187346935272217
276458,0.5163655281066895
274314,0.5205459594726562
275685,0.5141947269439697
258357,0.49793052673339844
267289,0.5152678489685059
293325,0.5257856845855713
271319,0.516247034072876
284389,0.5226941108703613
266000,0.5162637233734131
253044,0.5085098743438721
265201,0.49718689918518066
312673,0.5144326686859131
271699,0.5162184238433838
288540,0.5212051868438721
262669,0.23996305465698242
