242651,0.28600096702575684
239589,0.2892322540283203
249989,0.27678442001342773
248780,0.2556588649749756
247765,0.24306797981262207
253227,0.2574739456176758
249223,0.2665672302246094
253958,0.24405956268310547
245739,0.26026415824890137
248565,0.24501371383666992
252778,0.251204252243042
243818,0.2641627788543701
239327,0.25838685035705566
250146,0.2466292381286621
247640,0.2612488269805908
243515,0.26071953773498535
253873,0.24893999099731445
254758,0.26323938369750977
252252,0.23997139930725098
250632,0.24175071716308594
249045,0.2582437992095947
243274,0.24596476554870605
244655,0.2555043697357178
240444,0.26213979721069336
235139,0.25072646141052246
258904,0.25794410705566406
244930,0.25423145294189453
246206,0.254793643951416
228571,0.26241302490234375
239235,0.25881433486938477
246258,0.2577064037322998
240835,0.2654576301574707
250991,0.26145148277282715
241148,0.24473118782043457
251825,0.24541091918945312
251394,0.24582529067993164
245903,0.2560713291168213
141176,0.14171838760375977
