250558,0.6011979579925537
241917,0.5793859958648682
252495,0.5651650428771973
274724,0.5899603366851807
254236,0.50156569480896
253775,0.49997949600219727
247044,0.5183568000793457
239891,0.5155620574951172
242377,0.5141375064849854
247129,0.4967489242553711
259951,0.5185809135437012
245871,0.5294110774993896
253981,0.5181729793548584
260299,0.5204102993011475
255569,0.5237476825714111
239869,0.5008585453033447
267826,0.4998331069946289
281042,0.5245640277862549
263600,0.5220756530761719
267749,0.4954378604888916
280650,0.5174617767333984
248458,0.5409495830535889
262927,0.5137550830841064
264232,0.520566463470459
258403,0.5144045352935791
264269,0.5142133235931396
238925,0.5267698764801025
250783,0.5188305377960205
280264,0.5273821353912354
258193,0.522878885269165
280481,0.5401935577392578
254677,0.5042374134063721
244152,0.5134246349334717
249059,0.49878644943237305
266852,0.5193064212799072
261761,0.5202441215515137
276399,0.5032882690429688
261963,0.2393627166748047
