254702,0.5791816711425781
252615,0.5835537910461426
262160,0.569831371307373
291758,0.532820463180542
267801,0.5386185646057129
294677,0.5168156623840332
281809,0.49556541442871094
245392,0.5167346000671387
255038,0.5179476737976074
257438,0.5020937919616699
274415,0.5162496566772461
245474,0.5165307521820068
263557,0.513913631439209
271164,0.5015857219696045
245178,0.515753984451294
255519,0.5239002704620361
249546,0.5212357044219971
262751,0.5170774459838867
271755,0.4968092441558838
271977,0.4946889877319336
269457,0.4981973171234131
271005,0.5146167278289795
253375,0.5188369750976562
263835,0.5229644775390625
252485,0.5274019241333008
262238,0.5185110569000244
254798,0.5274591445922852
256594,0.5181937217712402
254563,0.5198352336883545
257978,0.5176677703857422
251886,0.49112629890441895
252936,0.5227169990539551
256057,0.5155215263366699
264556,0.5152432918548584
277687,0.5217220783233643
276833,0.5155932903289795
281645,0.5032987594604492
206738,0.23656058311462402
