275664,0.5980632305145264
256079,0.5621533393859863
274056,0.5917434692382812
327399,0.5843489170074463
276470,0.5215764045715332
272121,0.5134975910186768
277018,0.49846458435058594
260471,0.5075263977050781
271422,0.5473935604095459
274294,0.5196213722229004
263564,0.5205032825469971
265178,0.5218040943145752
272683,0.5199868679046631
277791,0.5139086246490479
286367,0.5288975238800049
262991,0.5187230110168457
312295,0.519059419631958
308539,0.5199918746948242
285835,0.49785399436950684
278898,0.5146946907043457
301941,0.4980621337890625
266505,0.5213963985443115
278684,0.5307409763336182
274299,0.4979116916656494
289240,0.5166177749633789
293065,0.5137419700622559
258952,0.517169713973999
281418,0.5175786018371582
309009,0.5193459987640381
290334,0.5218722820281982
303700,0.5288512706756592
275743,0.5189816951751709
268519,0.505605936050415
264685,0.5190362930297852
294033,0.5158922672271729
281237,0.5192768573760986
309627,0.5197594165802002
288051,0.2381584644317627
