257662,0.5937409400939941
261796,0.5668332576751709
279723,0.5961871147155762
260422,0.5163834095001221
273120,0.5198819637298584
287892,0.4970827102661133
276924,0.4941985607147217
260864,0.5197646617889404
261949,0.5198190212249756
275211,0.516932487487793
276348,0.5133414268493652
240909,0.5131170749664307
270612,0.4975295066833496
275507,0.5191092491149902
268027,0.5398197174072266
269764,0.515305757522583
259982,0.5004348754882812
244025,0.5285360813140869
285430,0.5087611675262451
275983,0.49880433082580566
254360,0.4975595474243164
260038,0.549633264541626
257775,0.5161573886871338
272848,0.514655590057373
235964,0.5162739753723145
258345,0.5185136795043945
258170,0.5182602405548096
256367,0.5219345092773438
248627,0.5219922065734863
262765,0.5214331150054932
260109,0.5192937850952148
247351,0.5173108577728271
249252,0.49127674102783203
260873,0.5207040309906006
239012,0.5166659355163574
285361,0.5143563747406006
285927,0.5007939338684082
165240,0.23946690559387207
