251603,0.5693979263305664
238305,0.5303139686584473
254786,0.5626735687255859
293764,0.5688512325286865
259431,0.523200273513794
259704,0.5135440826416016
255324,0.4954369068145752
251898,0.4956357479095459
252334,0.5276148319244385
268226,0.5251548290252686
258700,0.5173869132995605
250583,0.5202281475067139
249787,0.5149803161621094
246120,0.5184135437011719
272125,0.5187058448791504
243514,0.4997127056121826
298615,0.5194778442382812
293000,0.5183196067810059
254330,0.5184764862060547
264550,0.5162584781646729
295207,0.5161337852478027
258050,0.5192394256591797
276020,0.5200104713439941
260656,0.5340850353240967
281914,0.5177032947540283
281320,0.5199875831604004
244118,0.5362968444824219
270076,0.5362815856933594
298313,0.5155737400054932
278628,0.5044968128204346
295565,0.5246772766113281
272220,0.5156941413879395
249734,0.5178608894348145
248638,0.5141363143920898
281743,0.5154855251312256
260069,0.5102882385253906
294882,0.5213837623596191
292123,0.24052643775939941
