280299,0.6174018383026123
244692,0.5871448516845703
257132,0.5542857646942139
327651,0.565880537033081
273073,0.5142374038696289
280601,0.5178384780883789
247893,0.5141007900238037
262320,0.5129532814025879
268997,0.5184686183929443
274153,0.5236618518829346
256243,0.518681526184082
273397,0.52384352684021
270248,0.5189003944396973
281281,0.5185909271240234
299708,0.5206108093261719
254834,0.5220520496368408
297754,0.5216867923736572
326223,0.5081741809844971
282253,0.5052809715270996
297886,0.5168194770812988
311834,0.5304570198059082
257438,0.5190732479095459
298331,0.5211424827575684
284809,0.5202538967132568
312078,0.5278639793395996
308656,0.5216879844665527
258367,0.5166826248168945
286073,0.5280964374542236
328954,0.5226495265960693
308959,0.5210146903991699
319770,0.5216174125671387
274176,0.5144717693328857
265170,0.5133655071258545
257720,0.5198647975921631
305753,0.5145227909088135
278911,0.5193021297454834
315140,0.5190889835357666
354998,0.24485158920288086
