421836,1.633512020111084
336855,1.1427922248840332
314486,1.1776080131530762
432677,1.1631507873535156
364282,1.044050931930542
352819,1.0471220016479492
319404,1.0570738315582275
390187,1.0243110656738281
394746,1.0616919994354248
352354,1.048354148864746
323967,1.0581529140472412
421272,1.0613017082214355
301937,1.0504703521728516
398934,1.0516138076782227
392332,1.08028244972229
360599,1.0184273719787598
431148,1.0545134544372559
476520,1.040053129196167
373977,1.0532927513122559
355281,1.0266635417938232
391359,1.0683221817016602
331903,1.0577809810638428
424413,1.0487947463989258
328835,1.0642547607421875
439455,1.0581939220428467
470252,1.05245041847229
345648,1.0458319187164307
378409,1.0501701831817627
443227,1.047539234161377
311293,1.0637686252593994
425215,1.068711280822754
357719,1.0384521484375
344148,1.05397367477417
310275,1.0470423698425293
415425,1.0280239582061768
352361,1.0466151237487793
409981,1.0605499744415283
437893,0.5465686321258545
