440486,0.5225508213043213
445293,1.1904995441436768
350941,1.145155906677246
336180,1.1548924446105957
470324,1.1693260669708252
385164,1.0247900485992432
364583,1.042856216430664
331875,1.0359416007995605
431075,1.0500586032867432
411637,1.0441393852233887
373630,1.0447430610656738
347413,1.0224194526672363
463860,1.063227891921997
330394,1.0594124794006348
435639,1.0533766746520996
443267,1.053314447402954
394641,1.027906894683838
480070,1.066197156906128
531522,1.037477970123291
394096,1.0251009464263916
373755,1.0266225337982178
461647,1.051398754119873
353959,1.0271499156951904
450523,1.033487319946289
357273,1.0544350147247314
485678,1.0616366863250732
493931,1.0646007061004639
365578,1.055548906326294
410476,1.0470776557922363
497465,1.0648632049560547
390144,1.028085708618164
474870,1.0703330039978027
384284,1.0482666492462158
363924,1.065479040145874
338392,1.0352885723114014
450616,1.0551261901855469
377204,1.028555154800415
463039,1.025298833847046
536215,0.5366036891937256
