0.751183032989502,0.751183032989502
0.43082594871520996,0.43082594871520996
0.43626952171325684,0.43626952171325684
0.42940330505371094,0.42940330505371094
0.42850208282470703,0.42850208282470703
0.4305417537689209,0.4305417537689209
0.14458513259887695,0.14458513259887695
0.43994879722595215,0.43994879722595215
0.4385030269622803,0.4385030269622803
0.44045495986938477,0.44045495986938477
0.43881940841674805,0.43881940841674805
0.440093994140625,0.440093994140625
0.44017648696899414,0.44017648696899414
0.44901013374328613,0.44901013374328613
0.4380326271057129,0.4380326271057129
0.43418383598327637,0.43418383598327637
0.19021391868591309,0.19021391868591309
