0.6580088138580322,0.6580088138580322
0.9434406757354736,0.9434406757354736
0.6298034191131592,0.6298034191131592
0.6423923969268799,0.6423923969268799
0.6392412185668945,0.6392412185668945
0.5796916484832764,0.5796916484832764
0.17880511283874512,0.17880511283874512
0.6627757549285889,0.6627757549285889
0.6502571105957031,0.6502571105957031
0.6502280235290527,0.6502280235290527
0.6767046451568604,0.6767046451568604
0.6258029937744141,0.6258029937744141
0.6566641330718994,0.6566641330718994
0.6362626552581787,0.6362626552581787
0.6297731399536133,0.6297731399536133
0.6660254001617432,0.6660254001617432
0.5784554481506348,0.5784554481506348
0.23224258422851562,0.23224258422851562
