0.5801651477813721,0.5801651477813721
0.3623497486114502,0.3623497486114502
0.36331677436828613,0.36331677436828613
0.36791038513183594,0.36791038513183594
0.36533141136169434,0.36533141136169434
0.36394810676574707,0.36394810676574707
0.11874961853027344,0.11874961853027344
0.3695087432861328,0.3695087432861328
0.36899471282958984,0.36899471282958984
0.35936951637268066,0.35936951637268066
0.3641645908355713,0.3641645908355713
0.3654766082763672,0.3654766082763672
0.3660712242126465,0.3660712242126465
0.366987943649292,0.366987943649292
0.36853981018066406,0.36853981018066406
0.36084580421447754,0.36084580421447754
0.15346503257751465,0.15346503257751465
