0.5119926929473877,0.5119926929473877
0.37048792839050293,0.37048792839050293
0.3813340663909912,0.3813340663909912
0.3798677921295166,0.3798677921295166
0.38126373291015625,0.38126373291015625
0.370347261428833,0.370347261428833
0.11529135704040527,0.11529135704040527
0.3694734573364258,0.3694734573364258
0.3806591033935547,0.3806591033935547
0.3741140365600586,0.3741140365600586
0.3804309368133545,0.3804309368133545
0.3759303092956543,0.3759303092956543
0.3729283809661865,0.3729283809661865
0.3764059543609619,0.3764059543609619
0.3803884983062744,0.3803884983062744
0.36896443367004395,0.36896443367004395
0.15662503242492676,0.15662503242492676
