0.5086030960083008,0.5086030960083008
0.3641810417175293,0.3641810417175293
0.37015271186828613,0.37015271186828613
0.37355542182922363,0.37355542182922363
0.3615140914916992,0.3615140914916992
0.36922287940979004,0.36922287940979004
0.1329202651977539,0.1329202651977539
0.3676164150238037,0.3676164150238037
0.3680422306060791,0.3680422306060791
0.36278843879699707,0.36278843879699707
0.36064958572387695,0.36064958572387695
0.3704965114593506,0.3704965114593506
0.3705332279205322,0.3705332279205322
0.36310529708862305,0.36310529708862305
0.3675260543823242,0.3675260543823242
0.3613615036010742,0.3613615036010742
0.1458578109741211,0.1458578109741211
