0.4889187812805176,0.4889187812805176
0.38413476943969727,0.38413476943969727
0.3772118091583252,0.3772118091583252
0.3742384910583496,0.3742384910583496
0.44766902923583984,0.44766902923583984
0.3781909942626953,0.3781909942626953
0.12518906593322754,0.12518906593322754
0.374056339263916,0.374056339263916
0.37551403045654297,0.37551403045654297
0.38160276412963867,0.38160276412963867
0.3822007179260254,0.3822007179260254
0.3822028636932373,0.3822028636932373
0.37276411056518555,0.37276411056518555
0.3830738067626953,0.3830738067626953
0.3781392574310303,0.3781392574310303
0.37293386459350586,0.37293386459350586
0.14909887313842773,0.14909887313842773
