0.5071406364440918,0.5071406364440918
0.3772153854370117,0.3772153854370117
0.3650197982788086,0.3650197982788086
0.37352848052978516,0.37352848052978516
0.3810920715332031,0.3810920715332031
0.372098445892334,0.372098445892334
0.11814212799072266,0.11814212799072266
0.36657166481018066,0.36657166481018066
0.3693830966949463,0.3693830966949463
0.37606143951416016,0.37606143951416016
0.364778995513916,0.364778995513916
0.3724329471588135,0.3724329471588135
0.3704042434692383,0.3704042434692383
0.3675196170806885,0.3675196170806885
0.3732588291168213,0.3732588291168213
0.3854684829711914,0.3854684829711914
0.15029478073120117,0.15029478073120117
