0.5216610431671143,0.5216610431671143
0.36862683296203613,0.36862683296203613
0.36834049224853516,0.36834049224853516
0.37119507789611816,0.37119507789611816
0.36265087127685547,0.36265087127685547
0.38023900985717773,0.38023900985717773
0.12105965614318848,0.12105965614318848
0.37489867210388184,0.37489867210388184
0.37197208404541016,0.37197208404541016
0.3778045177459717,0.3778045177459717
0.3699977397918701,0.3699977397918701
0.3709678649902344,0.3709678649902344
0.3684408664703369,0.3684408664703369
0.3693056106567383,0.3693056106567383
0.3698604106903076,0.3698604106903076
0.3806416988372803,0.3806416988372803
0.16546177864074707,0.16546177864074707
