88640,0.3902585506439209,57934.6796875
95562,0.39565134048461914,53332.31640625
82128,0.3887197971343994,59143.95703125
79832,0.3887782096862793,58319.0078125
95035,0.40394139289855957,49933.97265625
97124,0.3932187557220459,45596.0703125
96644,0.38428378105163574,53560.94140625
91609,0.39890193939208984,59188.0703125
110058,0.3954813480377197,51469.171875
82836,0.3992612361907959,60180.67578125
98438,0.38697290420532227,44075.10546875
99623,0.4022367000579834,54409.54296875
79208,0.3881802558898926,53164.11328125
121963,0.3909447193145752,51541.53125
106328,0.3922736644744873,48054.73828125
85989,0.4019322395324707,56411.30078125
103228,0.38854289054870605,54208.078125
101613,0.4032094478607178,46606.69140625
100572,0.28137707710266113,30701.4375
