226919,1.9622409343719482,49660.734375
213270,1.8449912071228027,46539.09765625
215167,1.8075320720672607,51089.0
226979,1.8274550437927246,44388.2265625
206560,1.8142828941345215,43381.8046875
190645,1.8270471096038818,43186.421875
227372,1.7910807132720947,47408.6015625
259343,1.7908165454864502,46358.390625
229729,1.7999451160430908,45914.26171875
237269,1.839003086090088,52170.0859375
190673,1.805586814880371,43064.890625
222824,1.8141162395477295,50070.0078125
219736,1.8586311340332031,45469.75
252505,1.8429956436157227,50753.046875
213761,1.7995069026947021,46905.5078125
242353,1.8141670227050781,45842.19921875
253676,1.7561142444610596,48631.171875
207334,1.7339892387390137,43614.4921875
203968,1.2767918109893799,28586.283203125
