126774,0.3966073989868164,65056.5390625
126645,0.37195730209350586,60487.26953125
126633,0.3893158435821533,63046.50390625
121687,0.39293527603149414,63603.9921875
87479,0.39208030700683594,66878.5390625
110820,0.3924245834350586,54069.01171875
127795,0.3632216453552246,61976.40234375
141692,0.39494872093200684,62987.875
136164,0.38850951194763184,59679.17578125
133368,0.3914518356323242,63906.73828125
111239,0.388561487197876,51206.9140625
90882,0.3946237564086914,72880.6953125
105316,0.3874025344848633,59943.359375
134127,0.3925802707672119,63326.640625
105175,0.39936399459838867,62478.625
67338,0.3919081687927246,82825.6953125
83608,0.37429237365722656,78026.8515625
102630,0.40310144424438477,59383.44921875
99677,0.28162336349487305,40150.78125
