54296,0.1897270679473877,253634.28125
51009,0.16825580596923828,249326.234375
58770,0.18662548065185547,245605.265625
59016,0.18056797981262207,236100.234375
51381,0.161423921585083,238927.140625
53251,0.16649699211120605,215953.46875
62144,0.16532683372497559,236875.328125
51619,0.19104409217834473,267403.625
47084,0.17012643814086914,281343.34375
54764,0.18806195259094238,253283.109375
46083,0.1588594913482666,221899.078125
57086,0.17720937728881836,249866.578125
45028,0.1794905662536621,244705.140625
58167,0.18605351448059082,254356.296875
45785,0.1802206039428711,271764.875
56402,0.20330333709716797,252937.296875
61333,0.18366718292236328,253962.359375
45219,0.17929291725158691,236244.28125
52385,0.11965346336364746,152441.171875
