88407,0.40007686614990234,64201.94140625
111628,0.38753271102905273,55732.52734375
90359,0.36641573905944824,61617.625
114834,0.38916993141174316,56122.46484375
108078,0.39618706703186035,53002.8203125
108232,0.3636298179626465,47693.61328125
131207,0.3700675964355469,52480.7421875
110965,0.4008803367614746,60750.1953125
126702,0.3900794982910156,52864.3046875
102004,0.38752222061157227,60959.15234375
107922,0.3873114585876465,45644.3046875
103808,0.39550280570983887,58942.1640625
94215,0.3926239013671875,54078.2734375
102368,0.40059614181518555,61178.94921875
89027,0.3946106433868408,57236.03125
100163,0.37341737747192383,58820.90625
114455,0.38890957832336426,57637.71875
107822,0.39112377166748047,49907.4296875
121349,0.28109025955200195,31194.2265625
