187363,1.7257578372955322,74317.5625
170894,1.7113535404205322,69941.5078125
174074,1.6692423820495605,73731.5859375
183921,1.683765172958374,69449.8984375
168506,1.6653215885162354,65729.03125
150815,1.72153902053833,66903.453125
184507,1.671863317489624,70015.0
207963,1.6886217594146729,69165.578125
178389,1.7860939502716064,69668.25
191729,1.695519208908081,75666.109375
154618,1.6633050441741943,65637.5625
182017,1.7036798000335693,72780.203125
162294,1.6780486106872559,71231.4609375
192494,1.7105348110198975,76209.53125
170198,1.7141811847686768,69815.5
181873,1.7083244323730469,71519.25
188037,1.7241449356079102,74227.703125
163734,1.6898384094238281,66763.390625
152890,1.2517635822296143,45844.6015625
