84381,0.4068913459777832,63358.8984375
105949,0.3910090923309326,54846.5546875
88224,0.40281128883361816,60263.31640625
110976,0.3927345275878906,55161.703125
102704,0.3990590572357178,52121.67578125
106940,0.37715864181518555,46240.66796875
122785,0.38987159729003906,52152.65234375
105085,0.4079599380493164,60301.7890625
123204,0.3902587890625,51945.90625
100589,0.3871479034423828,59189.54296875
105478,0.38985681533813477,45038.13671875
98329,0.39716219902038574,58523.7890625
89724,0.37015342712402344,53710.859375
97821,0.39438939094543457,60548.78125
86265,0.397719144821167,56281.20703125
97290,0.38933324813842773,57254.50390625
110362,0.3917887210845947,56451.0390625
105723,0.3947584629058838,48852.62109375
119329,0.2767956256866455,30561.73828125
