127024,0.4081709384918213,65729.03125
124991,0.36989259719848633,61503.234375
127081,0.3951883316040039,63412.7734375
124418,0.3961789608001709,63635.31640625
87732,0.38805365562438965,67270.40625
117307,0.3958699703216553,52486.6328125
126172,0.36853981018066406,63019.37890625
148516,0.38891029357910156,61932.8515625
140696,0.39023518562316895,59489.23046875
137621,0.38933610916137695,63967.3984375
115613,0.38992905616760254,50221.8984375
91725,0.384934663772583,74249.71875
116403,0.3886382579803467,57839.5078125
132771,0.39089012145996094,64705.94921875
106070,0.3882143497467041,62977.48046875
68519,0.37450075149536133,83515.171875
85653,0.3857431411743164,79018.515625
102906,0.4003465175628662,59723.2890625
101825,0.2780797481536865,40008.203125
