129650,0.38939714431762695,64028.546875
124241,0.3980104923248291,58963.4375
133114,0.39177751541137695,61710.3828125
129040,0.39009761810302734,62132.62890625
84195,0.39507055282592773,67828.328125
110871,0.3902759552001953,53759.58203125
135292,0.39159607887268066,60380.859375
155625,0.3922443389892578,59147.52734375
135710,0.3991432189941406,59755.42578125
142190,0.3889479637145996,61976.1640625
108513,0.40335845947265625,51555.2890625
92990,0.37018513679504395,73190.6640625
118281,0.37057995796203613,56727.0
130132,0.39397311210632324,65137.0703125
106234,0.39576005935668945,63399.03125
71067,0.37364649772644043,82582.234375
85649,0.3872830867767334,79330.2734375
105554,0.39440345764160156,58861.09765625
100879,0.27774930000305176,40572.16796875
