84305,0.395169734954834,57722.4765625
91277,0.38849377632141113,53037.06640625
78774,0.3924870491027832,58343.33203125
80203,0.3962836265563965,57335.61328125
96978,0.396345853805542,48615.5625
94505,0.38837289810180664,45211.2578125
92097,0.37058067321777344,53063.265625
90942,0.3915672302246094,57652.76953125
105277,0.3904387950897217,50772.14453125
81427,0.3900153636932373,58850.23828125
93758,0.39293384552001953,44229.3671875
106473,0.39102840423583984,51998.72265625
88966,0.38842248916625977,49162.46484375
123884,0.3934018611907959,49862.55078125
100667,0.39428210258483887,48286.51953125
88535,0.38847994804382324,54093.81640625
97917,0.39437389373779297,53860.5625
100134,0.39351391792297363,45730.27734375
96961,0.28032803535461426,30829.564453125
