417118,1.6414763927459717
374078,1.6625385284423828
412521,1.5092852115631104
401399,1.5261573791503906
398874,1.4533309936523438
399860,1.5042221546173096
401735,1.4550423622131348
423447,1.4882378578186035
396172,1.4219980239868164
365631,1.425074577331543
366487,1.4786806106567383
439779,1.4981794357299805
459193,1.4819614887237549
452335,1.4829742908477783
499334,1.536689043045044
395324,1.4904530048370361
411393,1.532733678817749
466868,1.5086073875427246
405080,1.5967981815338135
407285,1.3833491802215576
