273621,0.8049671649932861
273817,0.6829628944396973
263054,0.7159826755523682
261686,0.7043812274932861
273744,0.6568393707275391
273698,0.6730337142944336
264132,0.7251741886138916
277408,0.658491849899292
271147,0.691227912902832
263234,0.7009508609771729
271380,0.6936187744140625
271890,0.7116305828094482
264906,0.7057876586914062
260968,0.7812004089355469
271562,0.7299337387084961
263340,0.720674991607666
262745,0.7887818813323975
263488,0.7278449535369873
264221,0.7112901210784912
223243,0.656667947769165
