276216,0.737572193145752
267931,0.7741992473602295
265598,0.6991374492645264
258864,0.7143309116363525
264746,0.6674079895019531
267915,0.6872150897979736
271787,0.6924796104431152
285235,0.6546626091003418
267385,0.6955575942993164
258138,0.6865131855010986
256202,0.7571372985839844
262268,0.7025718688964844
271761,0.7336130142211914
266134,0.6740367412567139
285305,0.7205638885498047
248533,0.6846694946289062
271348,0.7445917129516602
285874,0.6649501323699951
260022,0.7150754928588867
240170,0.657545804977417
