273090,0.7711262702941895
285477,0.8373751640319824
288633,0.6811058521270752
302487,0.6912920475006104
298377,0.780364990234375
285900,0.7465231418609619
287440,0.7113337516784668
304110,0.6992630958557129
286312,0.6715242862701416
275683,0.7111701965332031
271773,0.7031865119934082
282215,0.6730444431304932
286366,0.72613525390625
288540,0.7074432373046875
307082,0.7375404834747314
275531,0.7177891731262207
297840,0.903254508972168
307953,0.6945676803588867
271649,0.7357583045959473
266205,0.6736042499542236
