285753,0.7670016288757324
293606,0.7800476551055908
256492,0.6797630786895752
240137,0.7460272312164307
274026,0.7775290012359619
251712,0.6717879772186279
246302,0.7089636325836182
245784,0.6999223232269287
262386,0.6427438259124756
267676,0.7082819938659668
253044,0.6907107830047607
257544,0.6973254680633545
234237,0.7032535076141357
241572,0.7542426586151123
239800,0.721092939376831
252684,0.7000412940979004
270150,0.7148339748382568
236922,0.7148282527923584
264048,0.6989758014678955
208475,0.7194201946258545
