599910,3.406062126159668
524407,3.2252845764160156
584170,2.9230966567993164
571731,2.9296860694885254
552930,2.993974447250366
556175,2.8686840534210205
551088,2.8145809173583984
589025,2.8819994926452637
558035,2.8937079906463623
518957,2.8130173683166504
523032,3.0923385620117188
638870,2.953033924102783
672238,2.9386537075042725
654059,2.9337589740753174
699169,2.9334723949432373
558941,2.885697841644287
586301,2.9299323558807373
662265,2.902064561843872
578010,2.863240957260132
576382,2.666360378265381
