619794,3.336648464202881
538613,3.2965452671051025
605325,2.972630500793457
609791,2.911808729171753
579429,3.18045973777771
574627,2.8693206310272217
597325,2.8532276153564453
596110,2.8136324882507324
577677,2.8294763565063477
539308,2.781799554824829
527586,3.329596519470215
648568,3.0276927947998047
691952,2.93536639213562
676616,2.921273708343506
700213,2.9090218544006348
597893,3.159123420715332
608004,2.890775442123413
699120,2.9216456413269043
601663,2.933518409729004
643226,2.7927000522613525
