426561,1.6220192909240723
374439,1.592026948928833
432159,1.5201096534729004
421877,1.5112028121948242
410326,1.4363420009613037
412883,1.5494487285614014
420908,1.4485411643981934
439991,1.4812884330749512
401529,1.479635238647461
380739,1.44856858253479
376684,1.5054152011871338
452821,1.512282133102417
472449,1.4999420642852783
466882,1.523707389831543
517409,1.488534688949585
405847,1.5554614067077637
408888,1.522608995437622
480581,1.4700286388397217
396015,1.7782390117645264
400841,1.3814880847930908
