228830,0.7781105041503906
242367,0.7051296234130859
240848,0.7071595191955566
231129,0.6926071643829346
228429,0.6872742176055908
231242,0.715721607208252
240770,0.666459321975708
229720,0.6612198352813721
227644,0.6802690029144287
235918,0.6776564121246338
228084,0.7275700569152832
237936,0.6700565814971924
240119,0.7008152008056641
236346,0.7229483127593994
238320,0.7476985454559326
229998,0.6948437690734863
237940,0.7244601249694824
227384,0.6865541934967041
229778,0.7035646438598633
192602,0.6448831558227539
