245275,0.7713549137115479
258089,0.7504415512084961
245121,0.6905031204223633
252547,0.7193331718444824
257144,0.6782958507537842
242825,0.6648643016815186
253267,0.7499516010284424
253763,0.6972002983093262
257079,0.689180850982666
252427,0.6673974990844727
258284,0.6838114261627197
252646,0.6905057430267334
253121,0.7100303173065186
254688,0.6814253330230713
266962,0.7061262130737305
244729,0.7089114189147949
259169,0.7128729820251465
259695,0.7210550308227539
245007,0.7112870216369629
202082,0.6277942657470703
