247111,0.7744786739349365
266391,0.7026844024658203
262102,0.6797399520874023
249279,0.7084436416625977
250408,0.6604797840118408
248206,0.6771805286407471
262545,0.6933085918426514
264044,0.6562192440032959
250885,0.688079833984375
249709,0.6706552505493164
248341,0.7230732440948486
255714,0.7027711868286133
264118,0.7052462100982666
258595,0.7087862491607666
263331,0.6890890598297119
248307,0.6880528926849365
263335,0.7189576625823975
249743,0.6742603778839111
247412,0.7289566993713379
208511,0.6815431118011475
