234681,0.7661120891571045
234309,0.6846580505371094
237777,0.7155861854553223
236050,0.8300979137420654
233426,0.6973226070404053
236886,0.6583893299102783
237847,0.6649096012115479
239827,0.6869752407073975
234034,0.6914224624633789
237481,0.6585257053375244
234390,0.7028017044067383
242089,0.7161786556243896
243396,0.6883349418640137
234775,0.7103714942932129
237417,0.7009012699127197
235262,0.6917684078216553
237045,0.7219228744506836
237755,0.7453951835632324
238268,0.7504606246948242
189244,0.6505026817321777
