18902,0.06580924987792969
19761,0.07294416427612305
19318,0.06737780570983887
17863,0.07157444953918457
20266,0.06909394264221191
18994,0.06778883934020996
18232,0.06937360763549805
18034,0.06746268272399902
18174,0.06839609146118164
17847,0.06983661651611328
17806,0.06998348236083984
17815,0.06905937194824219
17299,0.06801128387451172
18649,0.07121562957763672
18549,0.06911611557006836
18140,0.06967449188232422
17938,0.07224178314208984
18716,0.06782746315002441
18391,0.06788301467895508
19585,0.0693058967590332
19267,0.07245945930480957
18334,0.06792473793029785
18065,0.06660270690917969
18241,0.0697641372680664
18569,0.06956887245178223
17872,0.06781339645385742
18103,0.06877875328063965
18819,0.0737917423248291
19150,0.06728029251098633
18263,0.06655049324035645
19035,0.06679630279541016
17827,0.0674276351928711
17957,0.06774425506591797
18638,0.06720662117004395
18004,0.0699002742767334
19011,0.06587100028991699
17909,0.06823253631591797
18520,0.06665444374084473
17964,0.06734275817871094
17873,0.06783008575439453
18061,0.06839156150817871
17872,0.07047128677368164
17835,0.06825399398803711
17760,0.0662999153137207
18788,0.06781744956970215
17784,0.06877636909484863
18839,0.06673526763916016
18009,0.06647014617919922
18117,0.0673532485961914
18094,0.06926727294921875
17991,0.06690502166748047
17915,0.06989145278930664
17898,0.06715106964111328
18081,0.06925201416015625
17762,0.06933379173278809
18306,0.06818628311157227
18056,0.06980586051940918
17930,0.06896281242370605
18417,0.06811714172363281
18148,0.06266474723815918
17997,0.06716704368591309
17577,0.06957817077636719
17965,0.07383203506469727
18816,0.06849503517150879
17896,0.06717729568481445
17581,0.07056069374084473
18362,0.0665583610534668
17881,0.0699911117553711
17882,0.06756758689880371
17816,0.07098102569580078
17200,0.06764507293701172
20496,0.06943106651306152
19551,0.06962323188781738
18560,0.06841754913330078
18077,0.0666508674621582
17924,0.07151317596435547
18652,0.06762456893920898
18042,0.06650710105895996
17959,0.06616854667663574
18958,0.06119871139526367
17424,0.06673407554626465
17082,0.06912541389465332
18145,0.07570934295654297
18899,0.06974244117736816
18186,0.06699848175048828
18149,0.06909990310668945
18169,0.06721258163452148
17391,0.06354403495788574
17739,0.07496500015258789
17993,0.06651592254638672
19390,0.06784582138061523
18451,0.06540298461914062
18042,0.06355762481689453
18277,0.06941080093383789
18320,0.06748008728027344
17655,0.07302427291870117
17733,0.07473063468933105
18167,0.06737828254699707
18228,0.06589055061340332
16619,0.06841921806335449
18033,0.06669759750366211
18113,0.06874299049377441
17791,0.06904721260070801
18328,0.06686520576477051
18821,0.06516504287719727
17712,0.06653451919555664
18489,0.07351994514465332
17651,0.06831550598144531
17978,0.06720757484436035
18872,0.0677793025970459
18350,0.06630539894104004
17672,0.06264209747314453
17979,0.06824851036071777
17641,0.06987857818603516
17148,0.06647777557373047
17659,0.06792759895324707
17790,0.0702826976776123
18636,0.06834888458251953
17997,0.06657886505126953
17766,0.06302118301391602
17446,0.06832003593444824
17849,0.0675663948059082
17930,0.07091784477233887
15445,0.06577491760253906
18026,0.06919193267822266
17371,0.06708884239196777
17937,0.0685572624206543
18358,0.06753206253051758
18007,0.07214665412902832
18422,0.06850814819335938
17717,0.06662821769714355
18214,0.06737184524536133
17647,0.06843137741088867
17328,0.06632208824157715
18732,0.06657242774963379
18701,0.07006382942199707
18545,0.0688011646270752
18293,0.07344198226928711
18771,0.05793333053588867
18280,0.06859230995178223
18141,0.0697028636932373
17647,0.07359766960144043
18526,0.06562376022338867
18363,0.06620025634765625
18352,0.06739950180053711
17924,0.06834602355957031
18020,0.0674583911895752
18179,0.0652625560760498
17892,0.06647014617919922
18074,0.06936454772949219
17704,0.06995892524719238
18060,0.06673288345336914
18489,0.06850886344909668
18025,0.0681314468383789
17808,0.06708049774169922
17891,0.06679868698120117
18407,0.06698226928710938
18316,0.07085800170898438
17412,0.07128500938415527
17739,0.07644009590148926
17619,0.06676483154296875
18292,0.07294583320617676
18471,0.06636643409729004
18757,0.07043170928955078
17764,0.06677532196044922
18329,0.06941056251525879
18862,0.06700682640075684
18220,0.06917428970336914
17860,0.06797003746032715
17755,0.06713175773620605
17831,0.07006144523620605
17690,0.0709996223449707
19035,0.06805872917175293
18049,0.06829428672790527
17371,0.07067704200744629
17444,0.07175731658935547
18038,0.06682801246643066
17376,0.06803631782531738
17509,0.06720876693725586
18791,0.06996488571166992
17615,0.06942319869995117
18570,0.06890988349914551
17746,0.07279658317565918
17682,0.06622076034545898
17818,0.06998777389526367
18455,0.06880974769592285
17605,0.07003021240234375
18238,0.06793451309204102
17376,0.0692446231842041
18907,0.0645756721496582
18215,0.06633949279785156
17138,0.06830739974975586
17967,0.06821370124816895
18162,0.06584477424621582
17587,0.06800580024719238
17440,0.06705617904663086
18074,0.06905794143676758
17338,0.07084107398986816
18157,0.06637358665466309
18333,0.06669878959655762
17927,0.06653285026550293
18238,0.06808209419250488
17803,0.0683901309967041
18468,0.07426857948303223
17865,0.06513381004333496
18865,0.07313990592956543
17433,0.07030582427978516
18122,0.07022595405578613
17980,0.07356810569763184
17924,0.06872391700744629
18067,0.06856322288513184
18298,0.06800985336303711
17369,0.06476664543151855
18665,0.06867599487304688
17774,0.06883120536804199
17457,0.06912684440612793
18062,0.06733846664428711
17566,0.06867313385009766
17864,0.0686028003692627
18179,0.06850743293762207
18167,0.06805610656738281
17802,0.0696713924407959
18589,0.0653080940246582
17051,0.06824421882629395
18285,0.06614995002746582
17639,0.0687870979309082
19604,0.06699776649475098
19233,0.06898736953735352
17638,0.06859183311462402
17633,0.0672459602355957
17966,0.06709098815917969
18153,0.0680851936340332
18568,0.0679025650024414
18523,0.07200336456298828
18025,0.06350159645080566
19155,0.0665426254272461
17685,0.06720662117004395
18311,0.06912708282470703
19359,0.06737351417541504
18143,0.07311153411865234
18188,0.06804585456848145
18972,0.06946277618408203
18559,0.06862068176269531
18385,0.0667428970336914
17856,0.07286572456359863
17846,0.06944656372070312
18511,0.07274913787841797
18208,0.06664276123046875
18673,0.06717348098754883
18346,0.06524133682250977
18026,0.06842660903930664
18661,0.07600951194763184
18496,0.06913447380065918
18318,0.0659639835357666
18006,0.06612849235534668
18095,0.06863903999328613
18649,0.07072305679321289
18554,0.0676264762878418
18135,0.06711935997009277
18199,0.0670766830444336
17537,0.0670630931854248
17544,0.06461143493652344
18256,0.07254242897033691
18944,0.07283926010131836
17955,0.06790709495544434
17668,0.05898094177246094
18156,0.06852316856384277
18056,0.06798624992370605
18154,0.06656765937805176
18295,0.06738495826721191
18025,0.0690305233001709
18404,0.06915402412414551
17741,0.06921172142028809
18630,0.07016110420227051
18801,0.06930255889892578
19728,0.06725215911865234
18387,0.06696462631225586
18438,0.07254314422607422
18579,0.06638956069946289
17746,0.06557631492614746
17824,0.07306790351867676
17928,0.06959366798400879
18286,0.07337570190429688
18407,0.0690298080444336
17531,0.06641125679016113
18860,0.06879711151123047
18915,0.06759476661682129
18427,0.06709790229797363
18978,0.06978416442871094
17688,0.06936883926391602
18963,0.06661605834960938
18305,0.06732392311096191
18012,0.06623721122741699
18002,0.06883358955383301
18162,0.06724739074707031
17468,0.07061195373535156
18017,0.06950879096984863
18040,0.06657886505126953
18115,0.07195067405700684
18446,0.07442784309387207
17880,0.06694507598876953
18646,0.0715177059173584
19004,0.06617450714111328
18883,0.06932330131530762
18692,0.06910133361816406
17891,0.07941579818725586
18386,0.06599664688110352
18822,0.06878829002380371
18679,0.07221198081970215
17898,0.0708625316619873
18516,0.06845808029174805
17921,0.06932973861694336
18581,0.0676274299621582
17946,0.06964659690856934
18636,0.06889200210571289
18922,0.06750202178955078
18267,0.06622743606567383
17912,0.06769680976867676
17985,0.06918978691101074
18740,0.06656670570373535
18504,0.06910490989685059
18351,0.06645035743713379
18130,0.06822943687438965
18614,0.06927323341369629
18763,0.06659650802612305
18479,0.06733250617980957
17601,0.0655367374420166
18058,0.0661463737487793
17243,0.07365036010742188
17869,0.0722663402557373
17892,0.06817412376403809
17510,0.06972360610961914
17461,0.06641101837158203
17790,0.06821465492248535
18034,0.07049775123596191
18288,0.0668172836303711
18010,0.06716752052307129
17420,0.06944823265075684
17374,0.07088375091552734
17889,0.06698274612426758
17875,0.07335996627807617
17537,0.06700849533081055
18537,0.06704187393188477
17749,0.06740951538085938
18430,0.06749176979064941
17927,0.0676729679107666
17874,0.07709431648254395
17342,0.06846499443054199
17550,0.06591176986694336
18188,0.07068562507629395
18143,0.06780600547790527
17744,0.06485581398010254
17676,0.06980443000793457
17494,0.0697023868560791
18266,0.06855010986328125
18604,0.06981778144836426
17845,0.06665825843811035
17954,0.06698322296142578
18318,0.06897878646850586
17336,0.06792759895324707
18523,0.06794977188110352
18117,0.06934618949890137
18480,0.06747007369995117
17812,0.07056665420532227
17684,0.06525945663452148
17118,0.06515693664550781
17659,0.060025930404663086
17611,0.06893324851989746
18994,0.06571507453918457
17846,0.07142138481140137
17659,0.0693352222442627
18181,0.06920838356018066
17751,0.06994867324829102
18392,0.07350540161132812
18114,0.06671380996704102
18242,0.06708288192749023
18753,0.06517910957336426
17014,0.07416248321533203
17975,0.06873273849487305
18954,0.06684255599975586
18095,0.07381200790405273
17735,0.06577825546264648
17594,0.06655406951904297
17769,0.06441259384155273
17909,0.06822347640991211
19287,0.06993436813354492
18469,0.06884646415710449
17745,0.06640291213989258
17775,0.066680908203125
17918,0.06599593162536621
18133,0.06707525253295898
18046,0.06593132019042969
18392,0.06808638572692871
19452,0.06828045845031738
18288,0.0661015510559082
18865,0.0700690746307373
17796,0.07486677169799805
17722,0.0673525333404541
17384,0.0659329891204834
18048,0.0682218074798584
18730,0.06692957878112793
19076,0.06931138038635254
17639,0.06659269332885742
18241,0.06689238548278809
17081,0.06548213958740234
17946,0.06726861000061035
18346,0.06699895858764648
17713,0.06961703300476074
17575,0.06895756721496582
17830,0.06868648529052734
17744,0.06642794609069824
18004,0.06806659698486328
18673,0.07425689697265625
18046,0.06662750244140625
17985,0.06708192825317383
17815,0.0714883804321289
18544,0.0739138126373291
18443,0.06838035583496094
17739,0.06834530830383301
17729,0.06567502021789551
17515,0.06992626190185547
18166,0.05703425407409668
17624,0.06503105163574219
17363,0.07038664817810059
18463,0.07176661491394043
18310,0.06765890121459961
18258,0.07129502296447754
18246,0.06731414794921875
18234,0.0663144588470459
16956,0.07157087326049805
18272,0.06852841377258301
16457,0.06690192222595215
17979,0.06732916831970215
16878,0.06719708442687988
17517,0.06654810905456543
17502,0.07084989547729492
18558,0.06949615478515625
18702,0.06923151016235352
17992,0.06794023513793945
18369,0.07167959213256836
18535,0.06844234466552734
18121,0.0660545825958252
17465,0.06911540031433105
17715,0.06717920303344727
18001,0.0695648193359375
17862,0.07015824317932129
18041,0.07264828681945801
18730,0.07214188575744629
18668,0.06792283058166504
17764,0.06634235382080078
17691,0.06973910331726074
17355,0.05711770057678223
17142,0.06497740745544434
17393,0.06725454330444336
18590,0.07497334480285645
18566,0.06553125381469727
17786,0.06604361534118652
17086,0.06876277923583984
17240,0.06643795967102051
18284,0.056546688079833984
18305,0.07213282585144043
17500,0.06673789024353027
18883,0.06830215454101562
18010,0.06859731674194336
17908,0.0665738582611084
18125,0.06752705574035645
17760,0.06813478469848633
18975,0.06566643714904785
18382,0.06869649887084961
17675,0.06645345687866211
18025,0.0670003890991211
17852,0.06879329681396484
18423,0.0666341781616211
19926,0.06719803810119629
19631,0.06975960731506348
18084,0.06387853622436523
18067,0.0726020336151123
18406,0.06865215301513672
19129,0.07112622261047363
18603,0.05943155288696289
18021,0.06348943710327148
17762,0.06748652458190918
17447,0.07205843925476074
17647,0.0735013484954834
17526,0.07299137115478516
18241,0.06877613067626953
17806,0.07117795944213867
18531,0.05597662925720215
17891,0.07327628135681152
15471,0.060141801834106445
17950,0.08096837997436523
18515,0.0751185417175293
17169,0.0781698226928711
16548,0.06863164901733398
16438,0.07819008827209473
18067,0.07409000396728516
18072,0.06556153297424316
17894,0.06719660758972168
19535,0.07408475875854492
17886,0.07822442054748535
18266,0.07453680038452148
13436,0.0645897388458252
17525,0.06860852241516113
18015,0.058455705642700195
18383,0.0763089656829834
18240,0.06984782218933105
18354,0.06850004196166992
18814,0.07546234130859375
17424,0.07506346702575684
17864,0.07194995880126953
18381,0.059868574142456055
18548,0.0679769515991211
18068,0.06985116004943848
18737,0.06673765182495117
17726,0.06674695014953613
18049,0.055947303771972656
18385,0.06109952926635742
18009,0.07109260559082031
18144,0.06928324699401855
17643,0.06689095497131348
18011,0.07094478607177734
17825,0.07237792015075684
17598,0.06854891777038574
16816,0.07295823097229004
17655,0.07313847541809082
18228,0.07238459587097168
17693,0.07692766189575195
18073,0.07051730155944824
15509,0.0744774341583252
18318,0.06858396530151367
17568,0.0706017017364502
18513,0.07709908485412598
18220,0.06852126121520996
16624,0.06777834892272949
18525,0.06840729713439941
17503,0.0682833194732666
18063,0.06902503967285156
17288,0.06724739074707031
18010,0.07639575004577637
18010,0.07469058036804199
14454,0.06472444534301758
17167,0.07261085510253906
18142,0.068206787109375
18654,0.07196998596191406
18266,0.07621383666992188
18168,0.06017017364501953
19102,0.06713628768920898
18409,0.07191181182861328
18247,0.07105278968811035
17625,0.07438468933105469
18044,0.07479214668273926
17263,0.06434774398803711
17796,0.0692899227142334
17136,0.07168340682983398
17127,0.07276439666748047
17649,0.06777024269104004
19525,0.06596112251281738
18064,0.06849098205566406
17490,0.0679466724395752
16846,0.06475186347961426
17088,0.06782150268554688
17402,0.07093429565429688
18011,0.0740044116973877
17764,0.06919741630554199
17628,0.06823348999023438
17773,0.06832122802734375
18185,0.06847286224365234
18198,0.06549906730651855
18471,0.07317852973937988
18316,0.06893324851989746
17805,0.06669282913208008
17944,0.0722963809967041
17871,0.07108259201049805
17974,0.06598997116088867
17405,0.06897735595703125
17576,0.07366085052490234
17990,0.07495975494384766
17576,0.07245945930480957
18349,0.07413363456726074
17899,0.0705561637878418
17281,0.07084441184997559
17169,0.06720495223999023
17069,0.06820225715637207
18004,0.06914186477661133
17947,0.07201194763183594
18356,0.06887459754943848
17770,0.07631206512451172
18433,0.0666499137878418
17956,0.06888437271118164
18754,0.06987190246582031
18089,0.06795239448547363
18496,0.07481884956359863
18108,0.06873083114624023
17851,0.06504321098327637
17067,0.06546688079833984
16852,0.0655984878540039
16713,0.07320070266723633
17727,0.07175803184509277
18945,0.07516622543334961
18096,0.07637405395507812
