49729,0.07181191444396973
50652,0.06420516967773438
49240,0.07140207290649414
47516,0.06993651390075684
51971,0.0628657341003418
48669,0.06299972534179688
48314,0.06191754341125488
47865,0.09531021118164062
47669,0.07977890968322754
47938,0.07961750030517578
48290,0.06546521186828613
47320,0.06752634048461914
46746,0.06679487228393555
47570,0.06840324401855469
49636,0.0628812313079834
47276,0.06273865699768066
47478,0.07712888717651367
47284,0.09737992286682129
49189,0.0620114803314209
48493,0.06386566162109375
48951,0.06203794479370117
49586,0.07843208312988281
47922,0.06772685050964355
47669,0.06543231010437012
46467,0.061820268630981445
47072,0.08058047294616699
45739,0.06218910217285156
47773,0.11357235908508301
48751,0.06885862350463867
48068,0.07950687408447266
49708,0.09474611282348633
47995,0.06856465339660645
48849,0.06747746467590332
47174,0.06836771965026855
48121,0.06703400611877441
46969,0.07149720191955566
46752,0.06730127334594727
46434,0.06528186798095703
46968,0.0703737735748291
47058,0.07069706916809082
47413,0.06269955635070801
46723,0.07224845886230469
45555,0.06283235549926758
47454,0.06471109390258789
47721,0.06280851364135742
46159,0.09766077995300293
46659,0.09140181541442871
46351,0.06180572509765625
47286,0.10552859306335449
46933,0.06767892837524414
47601,0.064483642578125
47012,0.09171915054321289
47541,0.0648810863494873
46864,0.06564831733703613
47520,0.06576228141784668
47839,0.07401394844055176
46989,0.06805896759033203
47085,0.09666228294372559
46933,0.06737422943115234
46464,0.09473943710327148
45996,0.06228446960449219
46299,0.06930923461914062
45921,0.06454205513000488
45842,0.06275224685668945
46552,0.06941652297973633
47352,0.06842589378356934
45151,0.0746622085571289
46468,0.06729769706726074
45754,0.06425642967224121
46295,0.09214520454406738
47070,0.06429910659790039
46574,0.0677793025970459
47013,0.0774228572845459
45753,0.09025788307189941
46068,0.09661555290222168
47382,0.06340980529785156
47241,0.10117721557617188
46787,0.06190657615661621
46299,0.06263136863708496
46293,0.06822347640991211
46342,0.06815075874328613
47861,0.06774210929870605
47645,0.07701969146728516
45831,0.06950974464416504
45810,0.07402634620666504
53355,0.08513593673706055
46561,0.06756019592285156
46069,0.07428336143493652
47280,0.062470197677612305
47703,0.061948537826538086
45529,0.08114123344421387
45380,0.09660577774047852
46441,0.062070608139038086
48379,0.06244635581970215
46060,0.09692764282226562
46794,0.09205341339111328
46725,0.06642484664916992
48725,0.06954288482666016
45749,0.07066011428833008
45451,0.06536293029785156
48429,0.061858415603637695
48287,0.06373262405395508
46579,0.06258463859558105
45502,0.0696861743927002
46882,0.07538843154907227
45258,0.07477569580078125
45336,0.07400870323181152
45253,0.06712460517883301
44640,0.06254911422729492
45176,0.06194186210632324
46484,0.06373381614685059
46877,0.07245993614196777
46567,0.06243324279785156
46434,0.0744180679321289
45635,0.07456684112548828
46377,0.07085132598876953
45410,0.09180855751037598
46044,0.06732535362243652
47053,0.06537461280822754
46501,0.06998395919799805
48043,0.06561803817749023
47230,0.06762957572937012
45832,0.06537532806396484
46388,0.07120227813720703
48292,0.07303929328918457
46788,0.06674551963806152
47211,0.06283092498779297
45802,0.06283235549926758
45873,0.07033824920654297
47953,0.06989002227783203
47275,0.06884884834289551
47288,0.07570838928222656
44676,0.09740018844604492
46273,0.0947105884552002
47609,0.06339502334594727
46829,0.0949859619140625
45515,0.07110953330993652
45860,0.07157444953918457
46236,0.06700730323791504
45690,0.07451319694519043
46772,0.06817173957824707
47830,0.07467126846313477
46619,0.06501626968383789
47069,0.07239007949829102
46654,0.06685733795166016
48296,0.07082724571228027
46303,0.07094836235046387
46304,0.06730103492736816
45490,0.06285595893859863
46165,0.06308245658874512
47360,0.06369304656982422
46528,0.07561230659484863
46533,0.06250667572021484
46458,0.06938552856445312
45665,0.06271719932556152
45538,0.06907224655151367
45310,0.07795882225036621
45885,0.06289339065551758
45522,0.062309980392456055
44870,0.08031582832336426
45605,0.06277585029602051
45369,0.09372544288635254
46386,0.0627450942993164
44569,0.0772240161895752
46622,0.06853556632995605
46003,0.10354423522949219
45863,0.09617400169372559
46195,0.08607268333435059
45711,0.06594610214233398
46373,0.06731438636779785
45443,0.06708621978759766
45142,0.0696873664855957
46991,0.062140703201293945
46837,0.07023167610168457
45455,0.09738850593566895
45965,0.06987333297729492
45655,0.09460020065307617
47245,0.07072854042053223
47137,0.06798410415649414
44927,0.0664682388305664
44939,0.062104225158691406
46440,0.06667041778564453
48007,0.0804896354675293
47087,0.06574654579162598
44712,0.0745384693145752
45459,0.062354087829589844
47137,0.07548260688781738
46355,0.06803011894226074
45591,0.08034801483154297
47507,0.06186509132385254
44282,0.08628964424133301
46051,0.06263518333435059
45997,0.07035517692565918
46528,0.06186819076538086
47415,0.0973668098449707
45660,0.06924724578857422
48023,0.07629227638244629
46437,0.06874632835388184
48491,0.10602498054504395
48702,0.09765386581420898
47601,0.06891775131225586
46703,0.06810808181762695
47164,0.07345843315124512
47045,0.06290125846862793
47118,0.08346104621887207
46684,0.0697624683380127
46082,0.06287121772766113
46349,0.06526446342468262
45517,0.06268072128295898
46595,0.07012224197387695
46041,0.06270074844360352
45366,0.06840682029724121
44270,0.06164383888244629
46244,0.06632828712463379
46719,0.10670876502990723
46005,0.06956052780151367
46724,0.07040810585021973
45715,0.07074403762817383
45350,0.06999754905700684
46509,0.08881759643554688
46306,0.06166887283325195
45018,0.07363414764404297
46009,0.0950767993927002
46313,0.06212973594665527
48680,0.06421947479248047
47328,0.07460451126098633
47236,0.06241178512573242
47957,0.06772541999816895
46307,0.06641983985900879
45810,0.06259393692016602
45319,0.10076284408569336
47733,0.061722755432128906
46977,0.09802126884460449
46953,0.06834816932678223
46062,0.06445741653442383
46160,0.06196451187133789
46265,0.09961557388305664
46078,0.07699704170227051
47475,0.0642237663269043
47189,0.0716700553894043
45053,0.0954587459564209
46348,0.06938600540161133
45737,0.07068610191345215
46449,0.06189560890197754
45777,0.06794190406799316
46964,0.06236147880554199
46491,0.062422752380371094
48023,0.06772708892822266
45791,0.061681270599365234
47074,0.0650479793548584
47334,0.06439065933227539
47472,0.09639787673950195
47397,0.06938362121582031
47312,0.07958197593688965
46616,0.061772823333740234
46290,0.06515002250671387
48374,0.06736421585083008
46475,0.09680557250976562
46276,0.07238459587097168
47257,0.0650477409362793
47362,0.06952929496765137
46536,0.06971359252929688
46201,0.06712889671325684
47128,0.06188607215881348
46935,0.09619665145874023
46824,0.08141899108886719
47344,0.07444167137145996
47578,0.07200860977172852
46109,0.062048912048339844
46951,0.07008695602416992
47169,0.06262850761413574
46844,0.06252360343933105
47280,0.06876826286315918
46290,0.06785869598388672
47385,0.06287574768066406
47742,0.0671846866607666
47007,0.09850120544433594
47028,0.06242847442626953
47863,0.06232476234436035
46519,0.06192755699157715
47613,0.06540560722351074
46096,0.06892681121826172
46489,0.06177091598510742
48043,0.06301474571228027
47326,0.06246209144592285
49268,0.08790016174316406
47507,0.06984376907348633
48682,0.06266164779663086
47744,0.06930422782897949
47808,0.06722116470336914
45184,0.06485962867736816
47396,0.06960225105285645
47211,0.06295895576477051
47413,0.06570196151733398
48117,0.06346392631530762
47357,0.06917214393615723
46744,0.06291770935058594
47156,0.06287622451782227
46875,0.06309819221496582
48445,0.06203794479370117
49242,0.06797146797180176
49185,0.0678708553314209
49561,0.11675620079040527
48301,0.07865405082702637
49377,0.07285189628601074
48924,0.09995532035827637
48011,0.08391833305358887
48753,0.06592440605163574
49175,0.07707667350769043
48648,0.06168341636657715
48480,0.06796789169311523
48451,0.09891700744628906
49332,0.0664825439453125
49734,0.062489986419677734
49906,0.06169581413269043
47867,0.06876540184020996
47685,0.06300568580627441
48553,0.07158470153808594
47122,0.06254100799560547
46965,0.09630823135375977
49396,0.06769013404846191
47953,0.06746220588684082
46180,0.07225251197814941
47545,0.06244826316833496
47120,0.06274771690368652
48527,0.06412267684936523
47014,0.06285285949707031
47731,0.06274271011352539
48793,0.10417985916137695
47550,0.06270599365234375
47292,0.1033487319946289
46710,0.09795451164245605
47833,0.06206941604614258
47713,0.06733345985412598
47539,0.06655430793762207
47306,0.06756424903869629
46885,0.09726166725158691
48975,0.0649726390838623
46956,0.06395864486694336
48035,0.07110762596130371
48793,0.06742024421691895
47251,0.06285572052001953
48219,0.06521201133728027
47648,0.06199455261230469
47931,0.09539294242858887
48548,0.06640958786010742
48169,0.06402802467346191
49189,0.0728456974029541
47543,0.06661295890808105
50509,0.07346963882446289
50033,0.0831444263458252
48554,0.06899833679199219
47684,0.06969428062438965
47090,0.06346797943115234
48399,0.06267905235290527
49856,0.10067963600158691
48468,0.09852218627929688
50241,0.06681418418884277
48607,0.06184959411621094
46116,0.09688138961791992
47183,0.07177591323852539
48606,0.09769654273986816
48669,0.09658527374267578
49810,0.08068561553955078
48913,0.06578874588012695
46405,0.06284523010253906
48714,0.07496142387390137
50952,0.06711316108703613
51486,0.0630185604095459
51406,0.06381797790527344
49417,0.06984949111938477
50400,0.06661200523376465
51054,0.06333732604980469
48274,0.06188535690307617
49645,0.1269361972808838
47589,0.06176495552062988
46631,0.07463622093200684
47702,0.07309246063232422
46987,0.07065725326538086
48090,0.0953512191772461
49510,0.07602238655090332
47518,0.07009077072143555
49077,0.06279516220092773
48629,0.07720947265625
47786,0.06275224685668945
47868,0.0677022933959961
47665,0.10174942016601562
47602,0.06241130828857422
47009,0.0728614330291748
47838,0.06386446952819824
49242,0.0715494155883789
48610,0.06714296340942383
46869,0.06800365447998047
49038,0.0718836784362793
48691,0.0698387622833252
48738,0.0958719253540039
50420,0.06344294548034668
48575,0.06678056716918945
49022,0.07749629020690918
49338,0.09678030014038086
49314,0.07481598854064941
48248,0.0987093448638916
47629,0.0622563362121582
49912,0.0626373291015625
50546,0.07111191749572754
47108,0.06719350814819336
48994,0.06850337982177734
49074,0.09664559364318848
50784,0.09725403785705566
50565,0.06200575828552246
48912,0.06249880790710449
48591,0.062279701232910156
47349,0.06599068641662598
47614,0.08411288261413574
47938,0.06865835189819336
47595,0.06778383255004883
48614,0.10112118721008301
48219,0.08542752265930176
49225,0.06265115737915039
47558,0.0989534854888916
48213,0.062180519104003906
49296,0.07078671455383301
48711,0.06208348274230957
50118,0.07167577743530273
50731,0.0625762939453125
51315,0.06281137466430664
54678,0.07174015045166016
61092,0.06533217430114746
55879,0.06378006935119629
58081,0.10114860534667969
52508,0.0684969425201416
57371,0.06262421607971191
50297,0.068878173828125
52236,0.06463813781738281
50439,0.062713623046875
48091,0.06982588768005371
49327,0.12149357795715332
50429,0.0861968994140625
48354,0.07145261764526367
49495,0.06295895576477051
49386,0.06270194053649902
48527,0.09749674797058105
49984,0.06693816184997559
47592,0.11232233047485352
48195,0.06873250007629395
48568,0.0657815933227539
50506,0.06975769996643066
48414,0.06230282783508301
48255,0.06264185905456543
48810,0.06460738182067871
50410,0.06589412689208984
50456,0.06427931785583496
50073,0.06913065910339355
49244,0.06222653388977051
50422,0.0713968276977539
51522,0.06280827522277832
49804,0.07412052154541016
50859,0.0777285099029541
50271,0.06805658340454102
51098,0.07551765441894531
50978,0.06322288513183594
48268,0.06210732460021973
51595,0.06893682479858398
49721,0.06322550773620605
51235,0.06952118873596191
49017,0.07595944404602051
50424,0.06250905990600586
51664,0.06766605377197266
49151,0.06857538223266602
49021,0.06601953506469727
49280,0.06347537040710449
51100,0.06277918815612793
47559,0.06748557090759277
50138,0.06199955940246582
51814,0.06893038749694824
49380,0.06273913383483887
51168,0.06716561317443848
49520,0.06862640380859375
48977,0.0941164493560791
50819,0.0699460506439209
50716,0.08151555061340332
50659,0.08203530311584473
49000,0.08705425262451172
50539,0.07953429222106934
51887,0.0717005729675293
49813,0.07602071762084961
50439,0.07970643043518066
50634,0.08115816116333008
50721,0.0810542106628418
51405,0.0744943618774414
52156,0.11787176132202148
51472,0.0763089656829834
50459,0.07659220695495605
50464,0.0784904956817627
50605,0.07593202590942383
51134,0.08255887031555176
50889,0.07992219924926758
48594,0.07252359390258789
52809,0.07778716087341309
53625,0.11047935485839844
52857,0.07113099098205566
50956,0.06268978118896484
50692,0.07611250877380371
50738,0.08228850364685059
49753,0.12327933311462402
50306,0.08199906349182129
49680,0.11153888702392578
49822,0.0931236743927002
50966,0.08496570587158203
49526,0.07219862937927246
50080,0.07472395896911621
49582,0.07411551475524902
50955,0.07228493690490723
52417,0.09746384620666504
50757,0.07549190521240234
50943,0.11547088623046875
51577,0.0865473747253418
50738,0.07555603981018066
53486,0.07317399978637695
50396,0.062262535095214844
51886,0.11609101295471191
53820,0.07777047157287598
52191,0.06972265243530273
50850,0.08469319343566895
53024,0.0798485279083252
50343,0.09483838081359863
51206,0.11571049690246582
54222,0.08723258972167969
56084,0.08238434791564941
51772,0.08426260948181152
56236,0.0778200626373291
55488,0.08165192604064941
53340,0.09768295288085938
54130,0.08658218383789062
54783,0.12378883361816406
51661,0.07691407203674316
54758,0.07111763954162598
52694,0.09264183044433594
53071,0.10284113883972168
53540,0.08603739738464355
54034,0.08810901641845703
53115,0.07265782356262207
54048,0.07601380348205566
52094,0.07310199737548828
55078,0.08566737174987793
52163,0.0939629077911377
54843,0.07815837860107422
53421,0.07283878326416016
53100,0.07105135917663574
52780,0.07896614074707031
53284,0.07193708419799805
52888,0.0807030200958252
53729,0.06328582763671875
54764,0.08339667320251465
54110,0.07157421112060547
55554,0.07925558090209961
53513,0.09948015213012695
53274,0.07020854949951172
54418,0.06524443626403809
51877,0.08303213119506836
53541,0.09082508087158203
52940,0.07935810089111328
54068,0.12033724784851074
54423,0.08698892593383789
54953,0.07980632781982422
53921,0.07046008110046387
53429,0.06389594078063965
53593,0.06221437454223633
53689,0.08037638664245605
51882,0.0950319766998291
52933,0.08546090126037598
54620,0.07944369316101074
54528,0.11740493774414062
53599,0.07710385322570801
54176,0.0708913803100586
54885,0.08610200881958008
53306,0.08184647560119629
52707,0.07281494140625
54087,0.09754300117492676
51222,0.07434487342834473
53108,0.07081842422485352
55328,0.07750463485717773
52724,0.07934904098510742
50197,0.07424402236938477
55055,0.07841849327087402
50630,0.07708239555358887
55724,0.08411622047424316
53053,0.07835268974304199
53236,0.08160567283630371
54484,0.08160591125488281
53337,0.07359838485717773
55033,0.08694911003112793
54692,0.07394862174987793
54189,0.07703018188476562
55500,0.06250858306884766
53340,0.06892991065979004
53895,0.1185002326965332
56337,0.08118963241577148
55556,0.11974692344665527
53220,0.12105321884155273
