27373,0.06834650039672852
26997,0.09259963035583496
28031,0.08020925521850586
27459,0.08156108856201172
26972,0.07996153831481934
29115,0.06656527519226074
29239,0.06542658805847168
29048,0.08033442497253418
30025,0.08316206932067871
29253,0.08161282539367676
27919,0.08072781562805176
27653,0.07343387603759766
27536,0.0637199878692627
28640,0.07076787948608398
29636,0.06264615058898926
27869,0.06928777694702148
28442,0.07479333877563477
27641,0.06291484832763672
28389,0.06110358238220215
28478,0.06752657890319824
27901,0.060536861419677734
29460,0.07950758934020996
27822,0.06389760971069336
28299,0.07400798797607422
27914,0.06265068054199219
28667,0.07558226585388184
28273,0.06295347213745117
28118,0.07978391647338867
28770,0.0693047046661377
28818,0.08037972450256348
29791,0.082305908203125
28759,0.06536483764648438
29368,0.061876535415649414
28835,0.06570601463317871
28431,0.059667348861694336
27967,0.07040739059448242
29422,0.07048964500427246
28067,0.07006192207336426
27743,0.07210111618041992
28061,0.07054853439331055
27880,0.05914020538330078
28209,0.06391310691833496
27804,0.06754374504089355
28888,0.0653681755065918
28235,0.07917118072509766
28296,0.0790259838104248
27111,0.08014988899230957
27853,0.061232805252075195
29768,0.08136892318725586
29127,0.07282781600952148
29327,0.07924437522888184
28957,0.07919454574584961
29435,0.06542658805847168
29183,0.06575274467468262
29421,0.07176780700683594
27606,0.07960104942321777
27098,0.0712132453918457
28212,0.07891225814819336
28140,0.06870555877685547
27456,0.08229255676269531
29029,0.07792782783508301
28208,0.07170963287353516
28947,0.0638573169708252
28778,0.07906913757324219
29012,0.0771946907043457
28422,0.08762049674987793
28670,0.07373619079589844
28003,0.06825757026672363
27135,0.0791771411895752
27681,0.0793771743774414
27468,0.07213044166564941
28876,0.06261372566223145
28406,0.0812993049621582
29797,0.08297371864318848
28071,0.09857845306396484
29379,0.0697031021118164
27723,0.08164310455322266
29030,0.062412261962890625
28051,0.06547927856445312
27705,0.07091617584228516
29491,0.06722521781921387
29185,0.06452775001525879
30705,0.08614659309387207
28146,0.07242703437805176
28461,0.07886528968811035
28723,0.08053922653198242
28064,0.07194066047668457
28761,0.08361339569091797
28216,0.06743550300598145
28754,0.06091189384460449
28913,0.08121085166931152
28132,0.08061599731445312
28144,0.06630802154541016
29143,0.06545329093933105
28336,0.08082818984985352
30284,0.08679747581481934
29356,0.07311367988586426
29789,0.08003640174865723
28310,0.0632009506225586
28202,0.06853365898132324
29666,0.062421560287475586
30500,0.06905436515808105
28609,0.0680389404296875
28773,0.07113957405090332
29429,0.07681584358215332
29006,0.0670156478881836
28669,0.07078194618225098
29154,0.0635673999786377
28331,0.0669255256652832
28492,0.061899423599243164
28876,0.06110239028930664
28976,0.0784909725189209
28208,0.06649088859558105
28834,0.07182788848876953
28373,0.078857421875
29791,0.07227683067321777
29567,0.07821106910705566
28275,0.06377601623535156
28381,0.08088183403015137
28814,0.07723331451416016
30342,0.07450485229492188
28846,0.07257962226867676
29575,0.08714747428894043
27119,0.08061909675598145
28892,0.0788419246673584
28781,0.060619354248046875
29141,0.06274557113647461
29992,0.07926511764526367
28116,0.07481074333190918
29497,0.0797126293182373
29596,0.07856440544128418
27835,0.07118415832519531
29423,0.08902525901794434
28128,0.08549356460571289
27079,0.06540369987487793
28745,0.08048868179321289
28646,0.07245635986328125
28609,0.08484005928039551
28660,0.06232285499572754
28635,0.07932305335998535
28679,0.06338071823120117
28689,0.06510114669799805
28957,0.0688638687133789
28606,0.07622671127319336
28154,0.0767664909362793
28744,0.08792710304260254
27108,0.0793309211730957
28713,0.0635981559753418
28683,0.06332254409790039
28783,0.07845759391784668
28105,0.06913638114929199
28652,0.06788349151611328
29541,0.06267571449279785
28067,0.06977319717407227
29047,0.06337761878967285
28043,0.06900477409362793
28996,0.07868242263793945
29387,0.06622481346130371
27637,0.06714582443237305
28659,0.07711672782897949
27849,0.0775604248046875
28604,0.08192229270935059
28601,0.07609224319458008
28822,0.07515597343444824
28356,0.0793759822845459
28899,0.08028888702392578
28750,0.08059144020080566
28996,0.08908343315124512
28419,0.07098579406738281
29601,0.06309628486633301
28648,0.06591558456420898
28891,0.07004499435424805
30179,0.06574225425720215
29083,0.0789039134979248
28822,0.08029365539550781
28826,0.06230425834655762
28278,0.08125138282775879
28804,0.06656289100646973
28680,0.06423115730285645
30015,0.07953739166259766
29417,0.06147480010986328
29136,0.07700848579406738
30507,0.07779932022094727
29042,0.0729067325592041
28678,0.06975936889648438
27772,0.06217646598815918
28634,0.08693838119506836
28286,0.07197690010070801
27800,0.07407689094543457
28456,0.0820317268371582
29266,0.09011530876159668
29416,0.07041120529174805
28985,0.07697939872741699
28717,0.061720848083496094
29158,0.08775687217712402
28602,0.07076096534729004
29196,0.07381939888000488
29305,0.06755805015563965
29421,0.06120705604553223
29988,0.08458232879638672
29258,0.06831145286560059
28898,0.06763172149658203
28281,0.07746052742004395
28239,0.08024263381958008
29734,0.08164072036743164
28386,0.062447547912597656
28810,0.07717037200927734
28332,0.07961416244506836
28600,0.0729224681854248
29644,0.07143521308898926
27793,0.06480002403259277
28388,0.0686497688293457
28415,0.06071877479553223
28376,0.06826090812683105
29683,0.0807795524597168
29640,0.06649613380432129
29177,0.07432889938354492
27785,0.0767674446105957
28461,0.07179594039916992
29060,0.08202719688415527
28851,0.0791780948638916
29535,0.07964158058166504
28496,0.08017683029174805
29950,0.0610041618347168
31150,0.07771062850952148
31863,0.06872344017028809
30671,0.061553239822387695
29481,0.06440949440002441
29774,0.07933640480041504
28685,0.06395149230957031
29394,0.08763933181762695
28800,0.060341835021972656
28830,0.0813150405883789
29689,0.07880759239196777
27944,0.06742143630981445
28787,0.06564903259277344
28551,0.08121418952941895
27663,0.07878994941711426
28838,0.07094144821166992
27782,0.06714963912963867
28323,0.08541250228881836
29344,0.06719088554382324
28515,0.07970142364501953
27850,0.06132054328918457
28305,0.06354403495788574
29235,0.06468772888183594
27371,0.07832074165344238
28036,0.06341314315795898
29554,0.06243014335632324
28815,0.06415438652038574
29018,0.08235883712768555
30014,0.09012150764465332
30197,0.0719003677368164
27292,0.07669520378112793
29698,0.06143832206726074
28594,0.06992626190185547
28772,0.07310342788696289
27825,0.07964825630187988
29052,0.0799868106842041
27901,0.07080578804016113
28545,0.07616281509399414
28079,0.062213897705078125
28047,0.07825732231140137
29351,0.0671389102935791
28288,0.08644747734069824
29270,0.08548641204833984
29318,0.0757291316986084
29484,0.09722638130187988
28589,0.06803727149963379
29401,0.07750797271728516
28218,0.0644078254699707
29446,0.06835603713989258
29160,0.06696629524230957
28587,0.0628666877746582
28360,0.06696105003356934
29259,0.07997775077819824
29515,0.08158540725708008
28466,0.07815742492675781
29627,0.0800473690032959
28629,0.06786608695983887
28397,0.06975150108337402
28312,0.07024550437927246
27911,0.06126260757446289
29073,0.0662074089050293
27811,0.05875587463378906
27013,0.08007526397705078
28023,0.07706928253173828
28541,0.07175302505493164
29139,0.06897163391113281
27829,0.06791234016418457
28943,0.0792083740234375
28684,0.08690834045410156
27494,0.0661611557006836
28834,0.06307220458984375
27785,0.07840394973754883
28220,0.07518553733825684
29414,0.06656146049499512
28797,0.06230354309082031
27974,0.07967638969421387
29355,0.07301783561706543
30341,0.0641932487487793
28297,0.06407380104064941
30211,0.07853007316589355
30193,0.06993651390075684
29599,0.07933282852172852
30584,0.08901643753051758
31150,0.07913446426391602
29879,0.07947587966918945
29369,0.06938672065734863
29186,0.06017136573791504
30139,0.0795743465423584
29607,0.08003544807434082
29461,0.06329727172851562
30157,0.06218385696411133
29983,0.0690925121307373
28283,0.07540535926818848
28340,0.08050918579101562
28754,0.07715964317321777
28609,0.06582140922546387
27769,0.08093619346618652
28764,0.07165408134460449
28700,0.06936883926391602
29930,0.07625484466552734
29533,0.07315850257873535
29311,0.06153106689453125
28612,0.06844043731689453
28497,0.06754136085510254
29295,0.06302046775817871
29129,0.09237337112426758
29559,0.06735634803771973
29652,0.07829403877258301
28858,0.07989859580993652
28454,0.06099414825439453
29606,0.06559538841247559
29412,0.07076334953308105
28997,0.08438777923583984
28661,0.09132957458496094
28534,0.06761765480041504
28382,0.07012414932250977
27907,0.06676769256591797
29021,0.0844876766204834
28837,0.06309080123901367
28316,0.06154203414916992
28428,0.06099534034729004
28296,0.0841829776763916
30335,0.08017969131469727
29411,0.06209611892700195
30171,0.06878352165222168
30050,0.0651235580444336
29062,0.07967209815979004
27564,0.07560586929321289
28197,0.07394003868103027
28854,0.08266353607177734
28434,0.06830096244812012
28574,0.06219005584716797
28589,0.07885456085205078
28420,0.09267568588256836
29538,0.0634467601776123
30927,0.07305717468261719
29517,0.08276009559631348
29961,0.07956266403198242
28709,0.07889842987060547
29517,0.08024740219116211
28290,0.08409643173217773
29272,0.07484221458435059
28295,0.07780218124389648
28494,0.06768536567687988
29550,0.06238555908203125
28935,0.0637204647064209
29994,0.08482098579406738
28514,0.060921669006347656
30919,0.05909323692321777
28029,0.06351494789123535
28113,0.06113147735595703
29055,0.06427192687988281
28112,0.06124472618103027
30338,0.07709383964538574
29757,0.077789306640625
28945,0.07975101470947266
29123,0.08374309539794922
29375,0.09310078620910645
28141,0.06585288047790527
29064,0.06815648078918457
29738,0.0581049919128418
28463,0.06600284576416016
27777,0.07966351509094238
27858,0.08054137229919434
27599,0.06202125549316406
28242,0.0767815113067627
29067,0.07746744155883789
28764,0.06572842597961426
27718,0.06187915802001953
28369,0.07866191864013672
28737,0.06434750556945801
30052,0.06550312042236328
29813,0.08281755447387695
27833,0.06580352783203125
28963,0.07116270065307617
29543,0.08065152168273926
28865,0.07982563972473145
30311,0.0767982006072998
27791,0.0795447826385498
27505,0.0671079158782959
28940,0.08060264587402344
30102,0.07671666145324707
31066,0.07977294921875
30118,0.07988786697387695
28665,0.09110593795776367
28223,0.08204078674316406
29738,0.06422591209411621
28690,0.07791972160339355
30568,0.06366300582885742
29113,0.07920980453491211
28496,0.07817864418029785
28014,0.08435297012329102
29655,0.062422752380371094
29206,0.08065962791442871
29342,0.09027886390686035
29279,0.06231045722961426
28253,0.08125734329223633
29016,0.06145334243774414
28050,0.06606054306030273
27696,0.07924771308898926
28674,0.06720185279846191
28507,0.07920384407043457
30826,0.06608009338378906
32504,0.07083463668823242
33068,0.06494283676147461
32773,0.08166813850402832
32481,0.0815126895904541
30152,0.07419347763061523
29193,0.06137657165527344
27807,0.07158255577087402
27892,0.06815457344055176
28035,0.06366562843322754
27565,0.06762051582336426
27535,0.08493280410766602
28197,0.08860564231872559
28581,0.07072854042053223
27883,0.06258058547973633
28238,0.0662069320678711
28393,0.07879471778869629
28562,0.06379008293151855
27824,0.0808873176574707
27776,0.06436443328857422
28666,0.07710838317871094
29024,0.0702199935913086
28687,0.06090283393859863
28679,0.0634922981262207
28922,0.07083821296691895
29102,0.07924365997314453
29321,0.06678485870361328
28790,0.06864404678344727
29805,0.06117677688598633
28931,0.08010578155517578
28710,0.06459236145019531
27746,0.06974339485168457
27721,0.07709455490112305
27564,0.0777890682220459
29117,0.07299995422363281
29128,0.06325149536132812
28322,0.06265974044799805
29118,0.07846450805664062
27847,0.06407308578491211
28498,0.06416177749633789
28744,0.076751708984375
28573,0.08024072647094727
29222,0.06445980072021484
28006,0.07216477394104004
27921,0.07422590255737305
28128,0.0797889232635498
27726,0.06459355354309082
27613,0.06665849685668945
28101,0.06081223487854004
29162,0.08038043975830078
27649,0.06796073913574219
30427,0.07928752899169922
27811,0.06600022315979004
29854,0.0820472240447998
29744,0.0714724063873291
28688,0.07612180709838867
29344,0.07850456237792969
30734,0.06822705268859863
29820,0.06810665130615234
29076,0.08033609390258789
29769,0.06315493583679199
29580,0.07253170013427734
29409,0.0635221004486084
29250,0.08741140365600586
29445,0.07732367515563965
28576,0.08591723442077637
29721,0.06945037841796875
29239,0.07296633720397949
27551,0.06182503700256348
29125,0.08339738845825195
29511,0.08152627944946289
30251,0.07534384727478027
30170,0.07202887535095215
30101,0.07254528999328613
29315,0.08652830123901367
29928,0.07251262664794922
28935,0.06898784637451172
28011,0.07578158378601074
28329,0.06834721565246582
28413,0.08820700645446777
28449,0.07557964324951172
27804,0.06892156600952148
29142,0.08903050422668457
28274,0.07079935073852539
27571,0.07630681991577148
29436,0.07229423522949219
28897,0.07088708877563477
28066,0.06743764877319336
28845,0.08852386474609375
29230,0.07187509536743164
29043,0.0667574405670166
29838,0.08779644966125488
28701,0.09032011032104492
30285,0.07364225387573242
30020,0.07616758346557617
30668,0.0878753662109375
30576,0.06251645088195801
28727,0.07537055015563965
28289,0.07440018653869629
27586,0.07195520401000977
29934,0.08698630332946777
27878,0.07889294624328613
28961,0.08753657341003418
30333,0.07559514045715332
29506,0.07019805908203125
28990,0.07381606101989746
29302,0.07568931579589844
29483,0.08512425422668457
29292,0.06369543075561523
29540,0.07697510719299316
28759,0.06795263290405273
27460,0.09166789054870605
29401,0.07666182518005371
29239,0.0802302360534668
30742,0.08135581016540527
30389,0.08441448211669922
30037,0.07780098915100098
27910,0.05892443656921387
28645,0.06986117362976074
28650,0.09426450729370117
27304,0.07834768295288086
28692,0.06889033317565918
27848,0.06826472282409668
29896,0.07657003402709961
30171,0.07367181777954102
30208,0.07323861122131348
28109,0.06781959533691406
30187,0.07202529907226562
28813,0.06989431381225586
29007,0.07115650177001953
28576,0.062198638916015625
29978,0.07764554023742676
28870,0.06731438636779785
29604,0.08221912384033203
29011,0.06648755073547363
29438,0.06643223762512207
27990,0.07278704643249512
30161,0.08509016036987305
29438,0.09097743034362793
28856,0.07765007019042969
28924,0.07560205459594727
28995,0.08382606506347656
29382,0.07075667381286621
28292,0.0790097713470459
27361,0.08554768562316895
29054,0.06238746643066406
29098,0.08370828628540039
27889,0.07942032814025879
29453,0.0703129768371582
28380,0.0723714828491211
28083,0.08121705055236816
28569,0.07643771171569824
29437,0.07250738143920898
28928,0.07518124580383301
29428,0.09499311447143555
28604,0.06781482696533203
29266,0.07106518745422363
27462,0.07399749755859375
30126,0.07713699340820312
29631,0.06466984748840332
28984,0.06782031059265137
29566,0.08356523513793945
29497,0.07995367050170898
28500,0.08804869651794434
28724,0.07268333435058594
30056,0.07104921340942383
28937,0.0787801742553711
28965,0.06976866722106934
27516,0.0808115005493164
29121,0.06914496421813965
28723,0.061593055725097656
28972,0.08744001388549805
29357,0.07533645629882812
29146,0.08529353141784668
30759,0.08707904815673828
