out0001.jpg, car, 0.8908474445343018, 189, 365, 313, 429
out0001.jpg, car, 0.9758573174476624, 599, 155, 642, 183
out0001.jpg, car, 0.9859310388565063, 640, 164, 672, 185
out0001.jpg, car, 0.9828497767448425, 589, 134, 627, 162
out0001.jpg, car, 0.9653978943824768, 583, 115, 615, 140
out0001.jpg, car, 0.9892221689224243, 681, 166, 718, 185
out0002.jpg, car, 0.9269002676010132, 189, 364, 313, 429
out0002.jpg, car, 0.9690256714820862, 599, 154, 641, 183
out0002.jpg, car, 0.9835274815559387, 641, 164, 673, 185
out0002.jpg, car, 0.9638588428497314, 583, 115, 614, 141
out0002.jpg, car, 0.9758373498916626, 588, 134, 626, 163
out0002.jpg, car, 0.9840458631515503, 681, 166, 717, 185
out0003.jpg, car, 0.951368510723114, 188, 364, 314, 430
out0003.jpg, car, 0.976987361907959, 599, 155, 641, 183
out0003.jpg, car, 0.9847223162651062, 641, 164, 673, 185
out0003.jpg, car, 0.978339433670044, 583, 116, 615, 142
out0003.jpg, car, 0.9847562909126282, 588, 134, 626, 163
out0003.jpg, car, 0.9857504367828369, 681, 166, 717, 185
out0004.jpg, car, 0.993232011795044, 520, 339, 641, 404
out0004.jpg, car, 0.9646486639976501, 190, 365, 313, 428
out0004.jpg, car, 0.9767395257949829, 704, 436, 805, 501
out0004.jpg, car, 0.9932605624198914, 930, 411, 1016, 477
out0004.jpg, car, 0.9825509190559387, 599, 154, 641, 183
out0004.jpg, car, 0.9850489497184753, 640, 163, 673, 185
out0004.jpg, car, 0.978536069393158, 583, 115, 615, 141
out0005.jpg, car, 0.9841237664222717, 521, 343, 638, 405
out0005.jpg, car, 0.9896635413169861, 931, 409, 1010, 479
out0005.jpg, car, 0.9802857637405396, 193, 365, 312, 427
out0005.jpg, car, 0.9868614077568054, 600, 155, 640, 183
out0005.jpg, car, 0.9911012649536133, 640, 164, 672, 185
out0005.jpg, car, 0.9874595403671265, 586, 113, 618, 140
out0005.jpg, car, 0.9929184317588806, 681, 166, 718, 186
out0006.jpg, car, 0.9974223375320435, 354, 307, 441, 358
out0006.jpg, car, 0.9938649535179138, 527, 344, 633, 408
out0006.jpg, car, 0.9831279516220093, 89, 382, 180, 424
out0006.jpg, car, 0.9910026788711548, 193, 322, 273, 374
out0006.jpg, car, 0.9697063565254211, 601, 153, 640, 183
out0006.jpg, car, 0.9669540524482727, 198, 371, 310, 419
out0006.jpg, car, 0.9913075566291809, 175, 396, 302, 441
out0006.jpg, car, 0.9801979064941406, 641, 163, 672, 185
out0006.jpg, car, 0.9753586053848267, 864, 323, 937, 376
out0006.jpg, car, 0.9865341186523438, 682, 166, 718, 186
out0006.jpg, car, 0.971903383731842, 586, 112, 619, 141
out0007.jpg, car, 0.9818632006645203, 805, 374, 904, 466
out0007.jpg, car, 0.9854814410209656, 935, 402, 1016, 480
out0007.jpg, car, 0.994602620601654, 191, 321, 273, 372
out0007.jpg, car, 0.965993344783783, 802, 247, 858, 286
out0007.jpg, car, 0.9857528805732727, 111, 378, 191, 428
out0007.jpg, car, 0.9883878827095032, 601, 155, 640, 184
out0007.jpg, car, 0.9840577244758606, 486, 344, 572, 397
out0007.jpg, car, 0.9962375164031982, 171, 393, 303, 442
out0007.jpg, car, 0.9869315028190613, 198, 370, 312, 420
out0007.jpg, car, 0.9872511625289917, 585, 113, 615, 139
out0007.jpg, car, 0.9890244603157043, 640, 163, 671, 185
out0007.jpg, car, 0.9938147068023682, 787, 365, 848, 420
out0007.jpg, car, 0.9913882613182068, 680, 166, 718, 187
out0008.jpg, car, 0.995576024055481, 805, 382, 906, 456
out0008.jpg, car, 0.9805983304977417, 530, 361, 592, 417
out0008.jpg, car, 0.9846439361572266, 703, 309, 785, 369
out0008.jpg, car, 0.9979812502861023, 562, 257, 649, 307
out0008.jpg, car, 0.9862280488014221, 601, 155, 640, 184
out0008.jpg, car, 0.9900082349777222, 198, 369, 313, 420
out0008.jpg, car, 0.9824441075325012, 114, 375, 188, 425
out0008.jpg, car, 0.9737796187400818, 583, 113, 615, 140
out0008.jpg, car, 0.9943371415138245, 190, 320, 274, 371
out0008.jpg, car, 0.9940968751907349, 680, 163, 719, 185
out0008.jpg, car, 0.9910445213317871, 640, 163, 672, 186
out0008.jpg, car, 0.9961638450622559, 173, 395, 301, 442
out0008.jpg, car, 0.9681641459465027, 860, 311, 917, 365
out0008.jpg, car, 0.9870578646659851, 330, 290, 419, 360
out0009.jpg, person, 0.9935052394866943, 302, 227, 318, 260
out0009.jpg, car, 0.9743946194648743, 568, 260, 654, 304
out0009.jpg, car, 0.9834569096565247, 602, 155, 640, 183
out0009.jpg, car, 0.9893345236778259, 112, 378, 191, 427
out0009.jpg, car, 0.9830679297447205, 197, 369, 312, 420
out0009.jpg, car, 0.9695131778717041, 582, 112, 614, 141
out0009.jpg, car, 0.9913883805274963, 641, 164, 671, 185
out0009.jpg, car, 0.9936989545822144, 174, 394, 301, 441
out0009.jpg, car, 0.8857657313346863, 488, 364, 586, 420
out0009.jpg, car, 0.98292475938797, 590, 136, 625, 165
out0010.jpg, car, 0.9817491769790649, 555, 165, 585, 191
out0010.jpg, car, 0.9757711291313171, 448, 243, 523, 289
out0010.jpg, car, 0.9942670464515686, 808, 393, 884, 453
out0010.jpg, car, 0.991957426071167, 604, 155, 639, 183
out0010.jpg, car, 0.878218412399292, 202, 367, 310, 421
out0010.jpg, car, 0.9961079955101013, 641, 164, 671, 185
out0010.jpg, car, 0.9194976091384888, 751, 498, 836, 559
out0010.jpg, car, 0.9814074039459229, 583, 116, 613, 143
out0010.jpg, car, 0.9950093030929565, 682, 164, 716, 185
out0011.jpg, car, 0.9993922710418701, 314, 258, 392, 300
out0011.jpg, car, 0.9820401072502136, 616, 408, 743, 495
out0011.jpg, car, 0.9889278411865234, 205, 360, 306, 427
out0011.jpg, car, 0.9595864415168762, 685, 327, 799, 405
out0011.jpg, car, 0.9832618236541748, 116, 378, 187, 426
out0011.jpg, car, 0.9979669451713562, 508, 185, 540, 209
out0011.jpg, car, 0.992716372013092, 554, 166, 587, 195
out0011.jpg, car, 0.995425283908844, 596, 392, 670, 454
out0011.jpg, car, 0.9960987567901611, 635, 159, 668, 184
out0011.jpg, car, 0.9957975149154663, 604, 156, 642, 183
out0011.jpg, car, 0.9727621078491211, 20, 366, 55, 396
out0011.jpg, car, 0.880289614200592, 793, 237, 844, 271
out0011.jpg, car, 0.9950975775718689, 681, 160, 722, 183
out0012.jpg, car, 0.9735268354415894, 207, 362, 306, 426
out0012.jpg, car, 0.9822912216186523, 668, 315, 792, 390
out0012.jpg, car, 0.9880387187004089, 612, 413, 796, 528
out0012.jpg, car, 0.9946123361587524, 556, 179, 590, 204
out0012.jpg, car, 0.996321439743042, 598, 390, 672, 453
out0012.jpg, car, 0.9982812404632568, 318, 252, 401, 300
out0012.jpg, car, 0.9972988963127136, 508, 185, 540, 209
out0012.jpg, car, 0.9698576331138611, 116, 376, 186, 425
out0012.jpg, car, 0.994248628616333, 636, 160, 668, 184
out0012.jpg, car, 0.9796608090400696, 24, 367, 60, 392
out0012.jpg, car, 0.9921109676361084, 606, 155, 641, 183
out0012.jpg, car, 0.9929839372634888, 681, 161, 718, 183
out0012.jpg, car, 0.8666926622390747, 790, 237, 846, 271
out0012.jpg, car, 0.9925884008407593, 697, 457, 801, 532
out0012.jpg, car, 0.9548625946044922, 582, 114, 615, 145
out0012.jpg, car, 0.9732794761657715, 446, 354, 557, 400
out0013.jpg, car, 0.9667949080467224, 653, 427, 802, 536
out0013.jpg, car, 0.9983274340629578, 296, 324, 385, 367
out0013.jpg, car, 0.9846341013908386, 206, 362, 306, 427
out0013.jpg, car, 0.9915613532066345, 596, 390, 676, 453
out0013.jpg, car, 0.9939946532249451, 556, 180, 589, 205
out0013.jpg, car, 0.9865953922271729, 116, 377, 188, 425
out0013.jpg, car, 0.9758250713348389, 665, 315, 794, 383
out0013.jpg, car, 0.9971087574958801, 508, 186, 540, 209
out0013.jpg, car, 0.9924356341362, 636, 159, 669, 184
out0013.jpg, car, 0.9941328167915344, 595, 154, 628, 181
out0013.jpg, car, 0.9950873255729675, 383, 255, 466, 300
out0013.jpg, car, 0.9923931360244751, 680, 161, 719, 183
out0014.jpg, car, 0.9968833327293396, 644, 429, 800, 529
out0014.jpg, car, 0.9914679527282715, 204, 361, 309, 428
out0014.jpg, car, 0.9918376803398132, 518, 362, 639, 425
out0014.jpg, car, 0.9932001233100891, 555, 179, 589, 205
out0014.jpg, car, 0.9843716025352478, 115, 377, 189, 425
out0014.jpg, car, 0.9971049427986145, 508, 185, 540, 209
out0014.jpg, car, 0.9882122874259949, 664, 315, 798, 380
out0014.jpg, car, 0.9925375580787659, 636, 159, 670, 184
out0014.jpg, car, 0.9947072267532349, 594, 154, 629, 182
out0014.jpg, car, 0.991200864315033, 679, 159, 719, 183
out0015.jpg, car, 0.9864630103111267, 206, 361, 307, 426
out0015.jpg, car, 0.9887190461158752, 373, 319, 483, 375
out0015.jpg, car, 0.992020308971405, 556, 179, 589, 205
out0015.jpg, car, 0.9965144991874695, 508, 186, 540, 209
out0015.jpg, car, 0.9019935131072998, 118, 377, 186, 424
out0015.jpg, car, 0.9919828772544861, 636, 160, 669, 184
out0015.jpg, car, 0.9911608695983887, 679, 160, 719, 183
out0015.jpg, car, 0.9932777285575867, 595, 155, 628, 181
out0015.jpg, car, 0.9560938477516174, 152, 295, 210, 330
out0016.jpg, person, 0.9414167404174805, 422, 208, 439, 243
out0016.jpg, car, 0.9931487441062927, 205, 364, 309, 427
out0016.jpg, car, 0.9945079684257507, 242, 318, 324, 369
out0016.jpg, car, 0.9895915389060974, 557, 180, 589, 205
out0016.jpg, car, 0.9877061247825623, 678, 160, 718, 183
out0016.jpg, car, 0.973047137260437, 117, 372, 188, 425
out0016.jpg, car, 0.9909684062004089, 636, 160, 669, 183
out0016.jpg, car, 0.9922593235969543, 595, 155, 627, 181
out0016.jpg, car, 0.978232204914093, 555, 166, 586, 195
out0016.jpg, car, 0.9189730882644653, 582, 112, 615, 142
out0017.jpg, person, 0.9064391851425171, 421, 209, 441, 243
out0017.jpg, car, 0.9960079193115234, 204, 361, 310, 428
out0017.jpg, car, 0.9912129044532776, 556, 180, 589, 205
out0017.jpg, car, 0.992768406867981, 636, 160, 669, 183
out0017.jpg, car, 0.9770234227180481, 117, 372, 190, 426
out0017.jpg, car, 0.9911876916885376, 679, 160, 718, 183
out0017.jpg, car, 0.9977378845214844, 136, 335, 199, 375
out0017.jpg, car, 0.992881178855896, 595, 155, 628, 181
out0017.jpg, car, 0.9534010887145996, 582, 113, 615, 143
out0017.jpg, car, 0.8943057060241699, 613, 69, 636, 86
out0018.jpg, person, 0.9568895101547241, 422, 209, 442, 245
out0018.jpg, car, 0.9947356581687927, 204, 361, 309, 428
out0018.jpg, car, 0.9823989272117615, 118, 369, 187, 424
out0018.jpg, car, 0.9912422895431519, 560, 185, 592, 209
out0018.jpg, car, 0.9952497482299805, 131, 338, 194, 402
out0018.jpg, car, 0.9916216135025024, 637, 161, 670, 184
out0018.jpg, car, 0.9898232817649841, 680, 160, 718, 183
out0018.jpg, car, 0.988643229007721, 55, 358, 98, 392
out0018.jpg, car, 0.9878504872322083, 608, 158, 643, 183
out0018.jpg, car, 0.9848631024360657, 583, 115, 614, 142
out0019.jpg, person, 0.9592792987823486, 423, 208, 442, 247
out0019.jpg, car, 0.9865678548812866, 205, 360, 308, 428
out0019.jpg, car, 0.9919874668121338, 609, 160, 645, 187
out0019.jpg, car, 0.930211067199707, 116, 376, 187, 424
out0019.jpg, car, 0.9791347980499268, 680, 160, 718, 182
out0019.jpg, car, 0.978726863861084, 581, 113, 614, 142
out0019.jpg, car, 0.9864370226860046, 639, 160, 673, 184
out0019.jpg, car, 0.5847554206848145, 3, 377, 23, 405
out0020.jpg, car, 0.9882630705833435, 205, 361, 308, 428
out0020.jpg, car, 0.9203521013259888, 116, 377, 187, 425
out0020.jpg, car, 0.9820693731307983, 565, 236, 604, 262
out0020.jpg, car, 0.993261992931366, 680, 161, 718, 184
out0020.jpg, car, 0.9935385584831238, 608, 163, 644, 190
out0020.jpg, car, 0.9934700727462769, 609, 180, 647, 207
out0021.jpg, car, 0.9869682192802429, 590, 139, 620, 170
out0021.jpg, car, 0.5205838680267334, 204, 364, 304, 427
out0021.jpg, car, 0.8794376254081726, 573, 258, 626, 335
out0021.jpg, car, 0.8847152590751648, 618, 194, 670, 250
out0021.jpg, car, 0.9283692240715027, 113, 373, 193, 428
out0021.jpg, car, 0.974987804889679, 622, 133, 648, 162
out0021.jpg, car, 0.8872793912887573, 864, 309, 943, 380
out0021.jpg, car, 0.9954425096511841, 682, 160, 718, 183
out0021.jpg, car, 0.9932019114494324, 642, 157, 676, 183
out0021.jpg, car, 0.8951907753944397, 584, 107, 615, 138
out0021.jpg, car, 0.8595828413963318, 642, 93, 661, 107
out0022.jpg, car, 0.3778783679008484, 205, 363, 303, 426
out0022.jpg, car, 0.9717232584953308, 571, 257, 622, 334
out0022.jpg, car, 0.896024763584137, 691, 369, 776, 470
out0022.jpg, car, 0.6508241891860962, 114, 374, 191, 426
out0022.jpg, car, 0.9757952094078064, 866, 310, 942, 376
out0022.jpg, car, 0.6742269992828369, 583, 108, 620, 144
out0022.jpg, car, 0.9822737574577332, 649, 265, 709, 323
out0023.jpg, car, 0.753513514995575, 204, 364, 304, 428
out0023.jpg, car, 0.9871143102645874, 570, 254, 624, 335
out0023.jpg, car, 0.9343785047531128, 113, 373, 192, 428
out0023.jpg, car, 0.8156840205192566, 865, 307, 938, 378
out0023.jpg, car, 0.9388357400894165, 688, 351, 770, 439
out0023.jpg, car, 0.9028377532958984, 585, 109, 624, 148
out0023.jpg, car, 0.9790438413619995, 590, 129, 625, 163
out0024.jpg, car, 0.6017937660217285, 204, 364, 304, 427
out0024.jpg, car, 0.9745506048202515, 569, 254, 623, 335
out0024.jpg, car, 0.8375652432441711, 113, 373, 192, 427
out0024.jpg, car, 0.9821383953094482, 693, 379, 774, 468
out0024.jpg, car, 0.9854881167411804, 683, 342, 759, 406
out0024.jpg, car, 0.9811607003211975, 865, 314, 940, 377
out0024.jpg, car, 0.9505259394645691, 584, 110, 620, 142
out0024.jpg, car, 0.9914484024047852, 643, 159, 675, 182
out0024.jpg, car, 0.9822928309440613, 622, 136, 649, 160
out0025.jpg, car, 0.5098229646682739, 205, 364, 303, 427
out0025.jpg, car, 0.9830827713012695, 570, 257, 624, 333
out0025.jpg, car, 0.8506472706794739, 113, 373, 192, 427
out0025.jpg, car, 0.9524646997451782, 621, 135, 650, 160
out0025.jpg, car, 0.9889562726020813, 641, 159, 676, 182
out0025.jpg, car, 0.9176016449928284, 593, 52, 611, 62
out0026.jpg, car, 0.5054235458374023, 204, 364, 303, 427
out0026.jpg, car, 0.8300977945327759, 113, 373, 192, 427
out0026.jpg, car, 0.8751877546310425, 569, 256, 623, 330
out0026.jpg, car, 0.9495279788970947, 622, 134, 650, 159
out0026.jpg, car, 0.9753091931343079, 643, 159, 676, 183
out0027.jpg, car, 0.481795996427536, 205, 364, 304, 427
out0027.jpg, car, 0.7726517915725708, 113, 373, 192, 426
out0027.jpg, car, 0.9741125106811523, 621, 135, 649, 159
out0027.jpg, car, 0.9626949429512024, 689, 370, 757, 460
out0027.jpg, car, 0.9863491058349609, 643, 162, 674, 183
out0028.jpg, car, 0.5372453927993774, 204, 364, 303, 427
out0028.jpg, car, 0.8305608630180359, 113, 373, 192, 427
out0028.jpg, car, 0.957194983959198, 622, 135, 650, 158
out0029.jpg, car, 0.5358432531356812, 204, 364, 303, 427
out0029.jpg, car, 0.8449187874794006, 114, 373, 192, 427
out0029.jpg, car, 0.9540212750434875, 622, 135, 650, 158
out0029.jpg, car, 0.9744389653205872, 682, 161, 718, 183
out0030.jpg, car, 0.6063856482505798, 204, 364, 304, 427
out0030.jpg, car, 0.8373210430145264, 114, 374, 191, 427
out0030.jpg, car, 0.9659119248390198, 621, 135, 650, 158
out0030.jpg, car, 0.9873257875442505, 680, 162, 717, 184
out0030.jpg, car, 0.8457223176956177, 1085, 479, 1137, 557
out0031.jpg, car, 0.8861001133918762, 204, 363, 308, 428
out0031.jpg, car, 0.8553572297096252, 114, 376, 192, 426
out0031.jpg, car, 0.9871057271957397, 615, 72, 635, 86
out0031.jpg, car, 0.9917722344398499, 620, 134, 651, 159
out0031.jpg, car, 0.9955365657806396, 681, 161, 721, 181
out0031.jpg, car, 0.9639045596122742, 640, 95, 663, 110
out0031.jpg, car, 0.968469500541687, 571, 71, 590, 84
out0031.jpg, car, 0.9934214949607849, 638, 157, 676, 182
out0032.jpg, car, 0.8821862936019897, 203, 363, 309, 428
out0032.jpg, car, 0.9356144666671753, 113, 375, 192, 427
out0032.jpg, car, 0.9922778606414795, 620, 134, 651, 159
out0032.jpg, car, 0.9963151812553406, 681, 162, 720, 182
out0032.jpg, car, 0.9490424394607544, 509, 176, 538, 209
out0032.jpg, car, 0.9943253397941589, 638, 159, 673, 182
out0033.jpg, car, 0.9930385947227478, 205, 366, 308, 424
out0033.jpg, car, 0.9930525422096252, 336, 263, 414, 319
out0033.jpg, car, 0.9894832968711853, 682, 160, 726, 183
out0033.jpg, car, 0.9907830953598022, 639, 160, 676, 185
out0033.jpg, car, 0.9276878237724304, 603, 69, 636, 94
out0033.jpg, car, 0.9906415343284607, 597, 83, 625, 103
out0033.jpg, car, 0.9719505906105042, 621, 133, 650, 158
out0034.jpg, car, 0.9921254515647888, 204, 367, 307, 424
out0034.jpg, car, 0.9921499490737915, 639, 160, 676, 185
out0034.jpg, car, 0.9869775176048279, 682, 159, 724, 183
out0034.jpg, car, 0.9843175411224365, 612, 92, 635, 110
out0035.jpg, car, 0.9902288913726807, 203, 366, 308, 425
out0035.jpg, car, 0.9963234663009644, 831, 246, 883, 286
out0035.jpg, car, 0.9920269846916199, 639, 161, 678, 185
out0035.jpg, car, 0.9920061230659485, 682, 160, 725, 183
out0035.jpg, car, 0.9914640784263611, 105, 379, 182, 422
out0036.jpg, car, 0.989487886428833, 202, 366, 308, 425
out0036.jpg, car, 0.9949719905853271, 639, 161, 674, 185
out0036.jpg, car, 0.9933112859725952, 106, 379, 181, 422
out0036.jpg, car, 0.9937953948974609, 683, 160, 722, 184
out0037.jpg, car, 0.9912904500961304, 201, 365, 309, 426
out0037.jpg, car, 0.9841113090515137, 112, 379, 190, 426
out0037.jpg, car, 0.9883821606636047, 681, 160, 720, 184
out0038.jpg, car, 0.9863959550857544, 201, 366, 309, 427
out0038.jpg, car, 0.9860903024673462, 110, 377, 191, 425
out0038.jpg, car, 0.9962940812110901, 636, 161, 676, 186
out0039.jpg, car, 0.985062837600708, 201, 366, 310, 427
out0039.jpg, car, 0.9977021813392639, 637, 160, 679, 186
out0039.jpg, car, 0.9893397688865662, 110, 378, 191, 423
out0039.jpg, car, 0.9933162331581116, 654, 135, 692, 158
out0040.jpg, car, 0.9849364161491394, 199, 366, 313, 427
out0040.jpg, car, 0.996422290802002, 637, 160, 677, 185
out0040.jpg, car, 0.9951649904251099, 595, 87, 626, 106
out0040.jpg, car, 0.9951470494270325, 104, 379, 184, 421
out0040.jpg, car, 0.9899230599403381, 655, 135, 691, 157
out0040.jpg, car, 0.9878221154212952, 620, 134, 651, 158
out0041.jpg, car, 0.986761212348938, 200, 366, 313, 425
out0041.jpg, car, 0.9467290043830872, 195, 495, 317, 560
out0041.jpg, car, 0.9962249994277954, 637, 160, 678, 185
out0041.jpg, car, 0.994635283946991, 595, 87, 626, 106
out0041.jpg, car, 0.9928687214851379, 107, 380, 181, 421
out0042.jpg, car, 0.9859011769294739, 200, 366, 313, 426
out0042.jpg, car, 0.9972330927848816, 637, 161, 676, 185
out0042.jpg, car, 0.9921151995658875, 657, 135, 691, 157
out0042.jpg, car, 0.9830859899520874, 112, 379, 189, 424
out0042.jpg, car, 0.6171758770942688, 1104, 281, 1134, 307
out0042.jpg, car, 0.9774506092071533, 800, 229, 839, 261
out0043.jpg, car, 0.9958391189575195, 588, 83, 621, 107
out0043.jpg, car, 0.9894696474075317, 618, 134, 652, 161
out0043.jpg, car, 0.9827207922935486, 657, 134, 691, 158
out0043.jpg, car, 0.6690075397491455, 1117, 359, 1154, 391
out0043.jpg, car, 0.9953286647796631, 638, 158, 675, 183
out0043.jpg, truck, 0.7302644848823547, 261, 499, 391, 574
out0043.jpg, boat, 0.5297885537147522, 203, 363, 307, 425
out0043.jpg, boat, 0.9787302613258362, 114, 379, 188, 426
out0044.jpg, car, 0.988186776638031, 588, 84, 617, 107
out0044.jpg, car, 0.98820960521698, 619, 134, 652, 161
out0044.jpg, car, 0.9837642312049866, 657, 134, 691, 158
out0044.jpg, car, 0.9949519634246826, 638, 159, 675, 184
out0044.jpg, truck, 0.6785869598388672, 265, 498, 392, 575
out0044.jpg, boat, 0.6395503282546997, 203, 363, 307, 424
out0044.jpg, boat, 0.9845501780509949, 114, 379, 188, 426
out0045.jpg, car, 0.46585872769355774, 203, 363, 308, 425
out0045.jpg, car, 0.9829474091529846, 618, 133, 653, 162
out0045.jpg, car, 0.9834930896759033, 657, 133, 692, 159
out0045.jpg, boat, 0.9182075262069702, 114, 379, 188, 427
out0045.jpg, boat, 0.3972302973270416, 177, 365, 300, 432
out0046.jpg, car, 0.6168697476387024, 203, 363, 309, 425
out0046.jpg, car, 0.987438976764679, 593, 89, 621, 110
out0046.jpg, car, 0.9774948954582214, 657, 134, 691, 158
out0046.jpg, car, 0.9830462336540222, 618, 133, 653, 162
out0046.jpg, car, 0.9561265707015991, 541, 576, 666, 666
out0046.jpg, car, 0.993107259273529, 638, 158, 676, 184
out0046.jpg, boat, 0.8706362247467041, 113, 378, 189, 426
out0047.jpg, car, 0.989557683467865, 539, 563, 676, 691
out0047.jpg, car, 0.8995058536529541, 203, 362, 309, 428
out0047.jpg, car, 0.8293944001197815, 113, 377, 189, 428
out0047.jpg, car, 0.9874024391174316, 618, 133, 653, 162
out0047.jpg, car, 0.9661298394203186, 596, 92, 621, 113
out0047.jpg, car, 0.9799541234970093, 656, 134, 691, 159
out0047.jpg, car, 0.9926891922950745, 502, 166, 539, 199
out0047.jpg, car, 0.994234025478363, 638, 158, 676, 184
out0048.jpg, car, 0.8082372546195984, 203, 363, 308, 426
out0048.jpg, car, 0.8788121938705444, 116, 378, 189, 428
out0048.jpg, car, 0.9895078539848328, 618, 133, 653, 162
out0048.jpg, car, 0.9831722974777222, 657, 133, 692, 159
out0048.jpg, car, 0.9759182929992676, 539, 579, 673, 666
out0049.jpg, car, 0.7973833084106445, 204, 364, 309, 426
out0049.jpg, car, 0.9590391516685486, 115, 378, 189, 428
out0049.jpg, car, 0.9899159073829651, 617, 134, 652, 162
out0049.jpg, car, 0.9898746013641357, 657, 134, 692, 159
out0050.jpg, car, 0.9408695101737976, 202, 364, 311, 428
out0050.jpg, car, 0.9874881505966187, 114, 378, 191, 429
out0050.jpg, car, 0.981875479221344, 657, 134, 691, 158
out0050.jpg, car, 0.9781904220581055, 617, 133, 653, 162
out0050.jpg, car, 0.9847123622894287, 331, 258, 394, 289
out0050.jpg, car, 0.99616539478302, 220, 283, 291, 318
out0050.jpg, car, 0.9920948147773743, 638, 159, 675, 184
out0051.jpg, car, 0.9362397789955139, 203, 363, 311, 428
out0051.jpg, car, 0.9979694485664368, 222, 282, 293, 317
out0051.jpg, car, 0.9623664021492004, 110, 433, 196, 495
out0051.jpg, car, 0.9843416810035706, 111, 376, 194, 428
out0051.jpg, car, 0.9860148429870605, 617, 133, 653, 162
out0051.jpg, car, 0.9850717782974243, 657, 134, 691, 158
out0051.jpg, car, 0.9937977194786072, 638, 159, 676, 184
out0052.jpg, car, 0.962674617767334, 202, 363, 311, 427
out0052.jpg, car, 0.9921032786369324, 131, 434, 231, 498
out0052.jpg, car, 0.9887958765029907, 135, 309, 185, 342
out0052.jpg, car, 0.9873127341270447, 80, 377, 194, 431
out0052.jpg, car, 0.9945822358131409, 616, 132, 654, 161
out0052.jpg, car, 0.9927504062652588, 608, 111, 645, 138
out0052.jpg, car, 0.9888172149658203, 656, 134, 692, 159
out0052.jpg, car, 0.9965865612030029, 637, 159, 676, 184
out0053.jpg, person, 0.9369961619377136, 915, 187, 929, 208
out0053.jpg, car, 0.9913832545280457, 132, 487, 236, 558
out0053.jpg, car, 0.9901459813117981, 153, 433, 251, 500
out0053.jpg, car, 0.9863909482955933, 202, 364, 309, 427
out0053.jpg, car, 0.9884973764419556, 86, 377, 192, 431
out0053.jpg, car, 0.9863939881324768, 59, 326, 99, 358
out0053.jpg, car, 0.9508979916572571, 606, 110, 636, 137
out0053.jpg, car, 0.9792348146438599, 659, 135, 693, 157
out0053.jpg, car, 0.9808661937713623, 619, 136, 651, 161
out0054.jpg, car, 0.9837456941604614, 202, 365, 309, 428
out0054.jpg, car, 0.982703447341919, 86, 378, 192, 431
out0054.jpg, car, 0.9920627474784851, 161, 438, 260, 495
out0054.jpg, car, 0.9714202284812927, 607, 111, 637, 136
out0054.jpg, car, 0.9926039576530457, 150, 485, 261, 551
out0054.jpg, car, 0.9926126003265381, 658, 134, 692, 156
out0055.jpg, car, 0.9828693270683289, 202, 365, 308, 428
out0055.jpg, car, 0.9690501689910889, 85, 378, 191, 431
out0055.jpg, car, 0.9887731671333313, 182, 490, 288, 560
out0055.jpg, car, 0.9896801114082336, 176, 432, 278, 501
out0055.jpg, car, 0.9739708304405212, 606, 111, 636, 135
out0055.jpg, car, 0.9927051663398743, 657, 133, 692, 156
out0056.jpg, car, 0.9864761829376221, 202, 365, 309, 427
out0056.jpg, car, 0.9889792203903198, 175, 430, 279, 501
out0056.jpg, car, 0.9680548906326294, 84, 377, 192, 431
out0056.jpg, car, 0.9887944459915161, 183, 492, 291, 560
out0057.jpg, car, 0.9889425039291382, 201, 365, 309, 427
out0057.jpg, car, 0.9863883852958679, 176, 430, 279, 501
out0057.jpg, car, 0.9787140488624573, 83, 377, 192, 432
out0057.jpg, car, 0.9876092672348022, 185, 491, 292, 561
out0057.jpg, car, 0.9888968467712402, 671, 156, 721, 184
out0057.jpg, car, 0.9951353669166565, 590, 144, 621, 170
out0057.jpg, car, 0.9514997005462646, 607, 111, 633, 133
out0057.jpg, car, 0.9838660359382629, 626, 143, 666, 170
out0058.jpg, car, 0.9913197159767151, 201, 365, 309, 428
out0058.jpg, car, 0.9917267560958862, 176, 432, 278, 499
out0058.jpg, car, 0.991487979888916, 185, 491, 292, 561
out0058.jpg, car, 0.9839381575584412, 84, 378, 191, 431
out0058.jpg, car, 0.9642789959907532, 690, 432, 791, 565
out0058.jpg, car, 0.988690972328186, 606, 109, 635, 133
out0058.jpg, car, 0.9952167272567749, 594, 159, 627, 187
out0058.jpg, car, 0.9938775897026062, 680, 165, 724, 192
out0059.jpg, car, 0.9896491765975952, 690, 430, 792, 568
out0059.jpg, car, 0.9925717711448669, 176, 432, 278, 499
out0059.jpg, car, 0.9905513525009155, 201, 365, 309, 428
out0059.jpg, car, 0.992702841758728, 184, 491, 293, 562
out0059.jpg, car, 0.9836462736129761, 83, 378, 192, 431
out0059.jpg, car, 0.9956491589546204, 594, 162, 627, 191
out0059.jpg, car, 0.9641465544700623, 611, 115, 635, 139
out0059.jpg, car, 0.9716145396232605, 712, 248, 788, 303
out0060.jpg, car, 0.9349030256271362, 694, 428, 788, 575
out0060.jpg, car, 0.9921572208404541, 176, 433, 278, 499
out0060.jpg, car, 0.9889014959335327, 202, 365, 309, 428
out0060.jpg, car, 0.9927491545677185, 183, 491, 294, 562
out0060.jpg, car, 0.98540860414505, 82, 378, 192, 431
out0060.jpg, car, 0.9825559854507446, 802, 244, 885, 301
out0061.jpg, car, 0.9865759015083313, 708, 450, 793, 584
out0061.jpg, car, 0.9905077219009399, 176, 433, 279, 499
out0061.jpg, car, 0.9869608879089355, 202, 365, 309, 428
out0061.jpg, car, 0.9917311072349548, 182, 491, 294, 563
out0061.jpg, car, 0.978871762752533, 81, 379, 193, 429
out0061.jpg, car, 0.98956698179245, 700, 233, 771, 299
out0061.jpg, car, 0.9802752137184143, 623, 139, 662, 170
out0061.jpg, car, 0.9722661972045898, 935, 348, 1018, 406
out0061.jpg, car, 0.9920187592506409, 917, 291, 989, 343
out0062.jpg, car, 0.9892278909683228, 771, 285, 865, 357
out0062.jpg, car, 0.9903212189674377, 176, 432, 279, 499
out0062.jpg, car, 0.9866849780082703, 202, 365, 309, 428
out0062.jpg, car, 0.9914228320121765, 184, 490, 294, 563
out0062.jpg, car, 0.9792699813842773, 82, 379, 192, 428
out0062.jpg, car, 0.9878515601158142, 634, 159, 671, 188
out0063.jpg, car, 0.9940283298492432, 203, 366, 307, 429
out0063.jpg, car, 0.9914090037345886, 192, 499, 306, 573
out0063.jpg, car, 0.9749085903167725, 877, 337, 973, 401
out0063.jpg, car, 0.9950579404830933, 178, 429, 282, 501
out0063.jpg, car, 0.9778051376342773, 1106, 358, 1150, 400
out0063.jpg, car, 0.9384911060333252, 612, 84, 634, 100
out0063.jpg, car, 0.9909342527389526, 1073, 313, 1130, 350
out0063.jpg, car, 0.9929688572883606, 89, 379, 191, 425
out0064.jpg, car, 0.9934932589530945, 203, 366, 307, 428
out0064.jpg, car, 0.9906167387962341, 192, 499, 306, 573
out0064.jpg, car, 0.9946609139442444, 178, 429, 282, 501
out0064.jpg, car, 0.8695414662361145, 614, 88, 635, 107
out0064.jpg, car, 0.9928723573684692, 89, 379, 191, 425
out0065.jpg, car, 0.9876778721809387, 759, 260, 845, 328
out0065.jpg, car, 0.9856693744659424, 636, 111, 662, 128
out0065.jpg, car, 0.975662112236023, 194, 491, 304, 563
out0065.jpg, car, 0.992552638053894, 205, 366, 307, 422
out0065.jpg, car, 0.9778115153312683, 179, 430, 281, 503
out0066.jpg, car, 0.985304057598114, 761, 259, 840, 328
out0066.jpg, car, 0.9785642623901367, 551, 139, 587, 168
out0066.jpg, car, 0.9776912927627563, 194, 492, 303, 562
out0066.jpg, car, 0.992764413356781, 205, 365, 307, 422
out0066.jpg, car, 0.9793664813041687, 180, 430, 281, 503
out0066.jpg, car, 0.9941163063049316, 84, 383, 189, 427
out0067.jpg, car, 0.9931004047393799, 679, 165, 720, 192
out0067.jpg, car, 0.9489050507545471, 179, 430, 281, 503
out0067.jpg, car, 0.7746731042861938, 566, 195, 608, 262
out0068.jpg, car, 0.8930292725563049, 592, 345, 677, 496
out0068.jpg, car, 0.9676207304000854, 195, 492, 303, 562
out0068.jpg, car, 0.9909369349479675, 205, 366, 306, 422
out0068.jpg, car, 0.9720983505249023, 180, 430, 281, 503
out0068.jpg, car, 0.993235170841217, 84, 383, 189, 427
out0069.jpg, car, 0.9898653626441956, 205, 366, 307, 423
out0069.jpg, car, 0.98773592710495, 613, 120, 641, 144
out0069.jpg, car, 0.9897031188011169, 801, 241, 886, 297
out0069.jpg, car, 0.9721505045890808, 195, 492, 303, 562
out0069.jpg, car, 0.9730253219604492, 180, 430, 281, 502
out0069.jpg, car, 0.9927884936332703, 85, 383, 188, 427
out0070.jpg, car, 0.9937133193016052, 205, 366, 308, 421
out0070.jpg, car, 0.9854447245597839, 193, 492, 304, 562
out0070.jpg, car, 0.9950870871543884, 84, 382, 189, 428
out0070.jpg, car, 0.9670899510383606, 176, 403, 288, 490
out0071.jpg, car, 0.9880704879760742, 193, 492, 305, 561
out0071.jpg, car, 0.9927060008049011, 205, 366, 309, 420
out0071.jpg, car, 0.9916248917579651, 82, 381, 191, 427
out0071.jpg, car, 0.9626508951187134, 175, 404, 287, 490
out0071.jpg, car, 0.9943193197250366, 1019, 326, 1069, 357
out0072.jpg, car, 0.9901947379112244, 193, 493, 305, 561
out0072.jpg, car, 0.9942079782485962, 206, 366, 308, 420
out0072.jpg, car, 0.9956870675086975, 799, 298, 888, 360
out0072.jpg, car, 0.9932541251182556, 82, 381, 191, 427
out0072.jpg, car, 0.9683195948600769, 175, 405, 287, 489
out0073.jpg, car, 0.9900847673416138, 590, 86, 623, 108
out0073.jpg, car, 0.9917069673538208, 193, 492, 305, 561
out0073.jpg, car, 0.9929760694503784, 207, 366, 309, 420
out0073.jpg, car, 0.9899271726608276, 797, 297, 889, 361
out0073.jpg, car, 0.9683149456977844, 175, 406, 286, 488
out0073.jpg, car, 0.9932536482810974, 82, 382, 191, 427
out0074.jpg, car, 0.9971851706504822, 604, 108, 635, 130
out0074.jpg, car, 0.9727959036827087, 926, 349, 1018, 407
out0074.jpg, car, 0.9890487194061279, 191, 492, 306, 563
out0074.jpg, car, 0.9824272394180298, 174, 404, 288, 489
out0074.jpg, car, 0.9818915724754333, 572, 100, 592, 115
out0074.jpg, car, 0.9951044321060181, 203, 366, 309, 421
out0074.jpg, car, 0.9946222305297852, 80, 382, 191, 427
out0075.jpg, car, 0.9969117045402527, 619, 130, 652, 158
out0075.jpg, car, 0.9906031489372253, 189, 500, 309, 572
out0075.jpg, car, 0.9953411817550659, 201, 366, 310, 432
out0075.jpg, car, 0.9938218593597412, 176, 428, 282, 502
out0075.jpg, car, 0.9951770305633545, 581, 127, 612, 154
out0075.jpg, car, 0.9854899644851685, 1042, 373, 1097, 410
out0075.jpg, car, 0.9882771372795105, 85, 378, 192, 429
out0076.jpg, car, 0.9891413450241089, 189, 500, 309, 572
out0076.jpg, car, 0.995136559009552, 201, 366, 310, 432
out0076.jpg, car, 0.9928697943687439, 176, 428, 282, 502
out0076.jpg, car, 0.9489256143569946, 662, 322, 724, 404
out0076.jpg, car, 0.9814613461494446, 618, 132, 653, 160
out0076.jpg, car, 0.9885013103485107, 84, 378, 192, 429
out0076.jpg, car, 0.9444270730018616, 600, 180, 655, 207
out0077.jpg, car, 0.988654375076294, 189, 500, 309, 573
out0077.jpg, car, 0.9844365119934082, 697, 215, 767, 272
out0077.jpg, car, 0.9945207834243774, 201, 367, 310, 432
out0077.jpg, car, 0.922088623046875, 657, 306, 726, 404
out0077.jpg, car, 0.9923546314239502, 176, 428, 282, 502
out0077.jpg, car, 0.9888082146644592, 85, 378, 192, 429
out0078.jpg, car, 0.9891424775123596, 189, 500, 309, 572
out0078.jpg, car, 0.9940809607505798, 201, 366, 312, 431
out0078.jpg, car, 0.976621687412262, 658, 309, 724, 401
out0078.jpg, car, 0.9928814172744751, 176, 428, 282, 501
out0078.jpg, car, 0.9767864942550659, 798, 277, 882, 334
out0078.jpg, car, 0.9909507036209106, 928, 340, 1019, 392
out0078.jpg, car, 0.9897346496582031, 85, 378, 192, 429
out0079.jpg, car, 0.9954381585121155, 202, 366, 312, 429
out0079.jpg, car, 0.9897114038467407, 189, 500, 309, 572
out0079.jpg, car, 0.9810932278633118, 933, 337, 1016, 394
out0079.jpg, car, 0.9932845830917358, 176, 428, 282, 501
out0079.jpg, car, 0.990170419216156, 87, 378, 191, 429
out0080.jpg, car, 0.983957052230835, 189, 492, 307, 564
out0080.jpg, car, 0.9922277331352234, 177, 428, 283, 502
out0080.jpg, car, 0.9838154911994934, 1047, 358, 1101, 393
out0080.jpg, car, 0.9785346984863281, 70, 385, 196, 447
out0080.jpg, car, 0.9979239702224731, 202, 369, 315, 419
out0081.jpg, car, 0.9894708395004272, 299, 351, 394, 405
out0081.jpg, car, 0.9887205958366394, 177, 429, 283, 502
out0081.jpg, car, 0.9759506583213806, 189, 489, 307, 565
out0081.jpg, car, 0.763957142829895, 555, 108, 573, 130
out0081.jpg, car, 0.8416195511817932, 1106, 351, 1147, 386
out0082.jpg, car, 0.9883468747138977, 428, 319, 536, 369
out0082.jpg, car, 0.9618481993675232, 189, 489, 307, 564
out0082.jpg, car, 0.97865229845047, 177, 430, 282, 502
out0082.jpg, car, 0.9959487915039062, 564, 266, 651, 322
out0083.jpg, car, 0.9978748559951782, 267, 358, 364, 402
out0083.jpg, car, 0.9958842396736145, 566, 266, 651, 320
out0083.jpg, car, 0.963663637638092, 176, 430, 281, 501
out0083.jpg, car, 0.9703768491744995, 190, 501, 309, 571
out0083.jpg, car, 0.982975423336029, 556, 140, 582, 164
out0083.jpg, car, 0.9720007181167603, 95, 382, 184, 427
out0084.jpg, car, 0.9851884841918945, 400, 328, 516, 381
out0084.jpg, car, 0.9881585240364075, 560, 153, 587, 180
out0084.jpg, car, 0.959571897983551, 189, 491, 307, 564
out0084.jpg, car, 0.9760237336158752, 884, 392, 943, 449
out0084.jpg, car, 0.9798753261566162, 177, 430, 281, 502
out0085.jpg, car, 0.9777480363845825, 561, 161, 589, 192
out0085.jpg, car, 0.996121346950531, 535, 294, 637, 354
out0085.jpg, car, 0.9894960522651672, 270, 362, 373, 418
out0085.jpg, car, 0.9860710501670837, 177, 431, 282, 503
out0085.jpg, car, 0.995345413684845, 926, 317, 985, 371
out0085.jpg, car, 0.9835495948791504, 192, 499, 307, 573
out0085.jpg, car, 0.9856240749359131, 620, 144, 647, 162
out0085.jpg, car, 0.9896759390830994, 487, 201, 529, 232
out0085.jpg, car, 0.7900771498680115, 853, 463, 933, 609
out0086.jpg, car, 0.9823420643806458, 177, 431, 282, 503
out0086.jpg, car, 0.9849902987480164, 269, 364, 375, 418
out0086.jpg, car, 0.9939137101173401, 542, 294, 646, 351
out0086.jpg, car, 0.9795801043510437, 192, 500, 307, 572
out0086.jpg, car, 0.9220818281173706, 562, 162, 588, 193
out0086.jpg, car, 0.9573619961738586, 620, 145, 647, 163
out0087.jpg, car, 0.9882712960243225, 266, 363, 366, 420
out0087.jpg, car, 0.9906644821166992, 177, 431, 282, 503
out0087.jpg, car, 0.9852681159973145, 191, 498, 308, 574
out0087.jpg, car, 0.9920461177825928, 544, 291, 650, 351
out0087.jpg, car, 0.9546405673027039, 561, 165, 589, 197
out0087.jpg, car, 0.9897005558013916, 142, 373, 223, 426
out0087.jpg, car, 0.6038615703582764, 840, 463, 904, 572
out0087.jpg, car, 0.9415451288223267, 620, 145, 646, 163
out0088.jpg, car, 0.9842405915260315, 176, 430, 283, 503
out0088.jpg, car, 0.9888960123062134, 545, 293, 646, 352
out0088.jpg, car, 0.9837263226509094, 192, 500, 308, 572
out0088.jpg, car, 0.9079131484031677, 258, 362, 362, 418
out0088.jpg, car, 0.9892001152038574, 562, 179, 592, 203
out0088.jpg, car, 0.9637208580970764, 620, 145, 646, 163
out0089.jpg, car, 0.9857989549636841, 268, 362, 362, 422
out0089.jpg, car, 0.9816620945930481, 176, 430, 282, 503
out0089.jpg, car, 0.9831289649009705, 543, 292, 645, 353
out0089.jpg, car, 0.9807948470115662, 192, 499, 307, 573
out0089.jpg, car, 0.8047600388526917, 512, 115, 541, 148
out0089.jpg, car, 0.9480923414230347, 561, 164, 589, 197
out0089.jpg, car, 0.9855594635009766, 414, 328, 503, 375
out0089.jpg, car, 0.9588049054145813, 620, 145, 647, 163
out0090.jpg, car, 0.9845626950263977, 176, 431, 282, 502
out0090.jpg, car, 0.9923918843269348, 569, 277, 649, 331
out0090.jpg, car, 0.9863417744636536, 191, 499, 307, 574
out0090.jpg, car, 0.9768564105033875, 266, 364, 362, 423
out0090.jpg, car, 0.8806577920913696, 561, 164, 588, 196
out0090.jpg, car, 0.9216125011444092, 620, 144, 647, 163
out0091.jpg, car, 0.9843611717224121, 176, 430, 282, 503
out0091.jpg, car, 0.9881724715232849, 191, 499, 307, 574
out0091.jpg, car, 0.9347507953643799, 515, 137, 542, 168
out0091.jpg, car, 0.9323816895484924, 562, 164, 588, 195
out0091.jpg, car, 0.9728195071220398, 620, 143, 647, 163
out0092.jpg, car, 0.9809157252311707, 176, 431, 282, 503
out0092.jpg, car, 0.9856960773468018, 191, 499, 307, 574
out0092.jpg, car, 0.9479377269744873, 563, 163, 588, 194
out0092.jpg, car, 0.9865571856498718, 562, 179, 592, 204
out0092.jpg, car, 0.9705702066421509, 620, 143, 647, 162
out0092.jpg, car, 0.892731249332428, 266, 365, 357, 424
out0093.jpg, car, 0.983353853225708, 176, 430, 283, 503
out0093.jpg, car, 0.9515220522880554, 509, 163, 537, 193
out0093.jpg, car, 0.9875122904777527, 191, 499, 307, 575
out0093.jpg, car, 0.957992434501648, 563, 164, 589, 194
out0093.jpg, car, 0.9906792044639587, 564, 179, 592, 203
out0093.jpg, car, 0.9796237349510193, 360, 246, 436, 296
out0093.jpg, car, 0.9565219879150391, 619, 144, 647, 162
out0093.jpg, car, 0.9250418543815613, 266, 364, 358, 424
out0094.jpg, car, 0.9783949851989746, 176, 430, 283, 502
out0094.jpg, car, 0.9012358784675598, 639, 114, 660, 133
out0094.jpg, car, 0.9864357113838196, 189, 498, 309, 575
out0094.jpg, car, 0.9478557705879211, 562, 163, 589, 194
out0094.jpg, car, 0.936233401298523, 502, 173, 535, 210
out0094.jpg, car, 0.9881886839866638, 563, 179, 592, 204
out0095.jpg, car, 0.992798924446106, 183, 427, 292, 501
out0095.jpg, car, 0.9775074124336243, 198, 495, 325, 574
out0095.jpg, car, 0.9643644690513611, 753, 169, 790, 187
out0095.jpg, car, 0.9863353967666626, 570, 72, 591, 86
out0095.jpg, car, 0.9805681109428406, 500, 176, 538, 215
out0095.jpg, car, 0.9930103421211243, 565, 179, 593, 206
out0095.jpg, car, 0.987533688545227, 951, 245, 1003, 269
out0095.jpg, car, 0.9780193567276001, 564, 165, 588, 194
out0095.jpg, car, 0.9197295904159546, 658, 133, 687, 152
out0095.jpg, car, 0.7068266868591309, 662, 119, 688, 143
out0095.jpg, car, 0.9846994280815125, 203, 281, 261, 315
out0095.jpg, car, 0.9912801384925842, 1023, 263, 1071, 292
out0096.jpg, car, 0.9778808355331421, 204, 429, 315, 506
out0096.jpg, car, 0.979075014591217, 500, 176, 538, 216
out0096.jpg, car, 0.9948022365570068, 565, 179, 593, 206
out0096.jpg, car, 0.379154771566391, 665, 138, 686, 157
out0096.jpg, car, 0.9574710726737976, 572, 73, 592, 88
out0096.jpg, car, 0.9861459136009216, 951, 245, 1003, 269
out0096.jpg, car, 0.9893568158149719, 1020, 254, 1111, 299
out0096.jpg, car, 0.9786657691001892, 564, 165, 587, 193
out0097.jpg, car, 0.9635336995124817, 493, 178, 532, 219
out0097.jpg, car, 0.9479925632476807, 709, 115, 740, 140
out0097.jpg, car, 0.9701287150382996, 1022, 251, 1073, 289
out0097.jpg, boat, 0.6995269060134888, 259, 415, 360, 485
out0098.jpg, car, 0.9587265253067017, 513, 387, 647, 459
out0098.jpg, car, 0.9886725544929504, 662, 439, 805, 512
out0098.jpg, car, 0.966144323348999, 493, 179, 532, 219
out0098.jpg, car, 0.9584026336669922, 709, 116, 740, 139
out0098.jpg, car, 0.9685907363891602, 1057, 278, 1143, 328
out0099.jpg, car, 0.7428197860717773, 514, 385, 645, 459
out0099.jpg, car, 0.9269284605979919, 492, 177, 532, 220
out0099.jpg, car, 0.951070249080658, 665, 441, 801, 516
out0100.jpg, car, 0.9917608499526978, 690, 364, 822, 439
out0100.jpg, car, 0.9968829154968262, 867, 341, 966, 402
out0100.jpg, car, 0.963783323764801, 491, 180, 534, 219
out0100.jpg, car, 0.9974996447563171, 845, 409, 941, 475
out0100.jpg, car, 0.9830024838447571, 961, 385, 1038, 442
out0100.jpg, car, 0.964787483215332, 505, 388, 647, 455
out0100.jpg, car, 0.9866108894348145, 563, 180, 592, 208
out0100.jpg, car, 0.9678637981414795, 587, 111, 619, 133
out0101.jpg, car, 0.9531425833702087, 868, 342, 966, 400
out0101.jpg, car, 0.9310017824172974, 955, 386, 1033, 443
out0101.jpg, car, 0.9838138818740845, 491, 180, 535, 222
out0101.jpg, car, 0.969292938709259, 591, 113, 625, 143
out0101.jpg, car, 0.777086615562439, 147, 488, 259, 559
out0101.jpg, boat, 0.8928475379943848, 535, 446, 708, 551
out0102.jpg, car, 0.901175856590271, 622, 363, 736, 429
out0102.jpg, car, 0.9864967465400696, 491, 179, 535, 220
out0102.jpg, car, 0.9758053421974182, 834, 346, 963, 400
out0102.jpg, car, 0.9915485978126526, 563, 180, 591, 208
out0102.jpg, car, 0.9745750427246094, 742, 440, 863, 509
out0103.jpg, car, 0.9475731253623962, 439, 461, 607, 559
out0103.jpg, car, 0.938890278339386, 825, 354, 921, 403
out0103.jpg, car, 0.9879172444343567, 492, 178, 534, 221
out0103.jpg, car, 0.9502782821655273, 1094, 356, 1131, 388
out0103.jpg, car, 0.8343313932418823, 773, 269, 860, 313
out0103.jpg, car, 0.9793968200683594, 612, 134, 640, 156
out0103.jpg, car, 0.9893772602081299, 563, 178, 591, 209
out0104.jpg, car, 0.9571329355239868, 658, 436, 794, 519
out0104.jpg, car, 0.9919610619544983, 830, 404, 957, 485
out0104.jpg, car, 0.9710603952407837, 492, 178, 534, 219
out0104.jpg, car, 0.9840960502624512, 1028, 286, 1092, 325
out0104.jpg, car, 0.6581636667251587, 427, 458, 611, 566
out0104.jpg, car, 0.9877099990844727, 564, 182, 592, 210
out0104.jpg, car, 0.9872275590896606, 823, 350, 929, 405
out0105.jpg, car, 0.9391865730285645, 836, 405, 950, 487
out0105.jpg, car, 0.978221595287323, 494, 177, 533, 218
out0105.jpg, car, 0.9966496825218201, 564, 181, 595, 208
out0105.jpg, car, 0.9870010614395142, 1024, 288, 1084, 322
out0105.jpg, car, 0.873242974281311, 387, 298, 488, 352
out0106.jpg, car, 0.9939613938331604, 566, 182, 594, 207
out0106.jpg, car, 0.9428827166557312, 494, 179, 532, 219
out0106.jpg, car, 0.9661844968795776, 608, 161, 639, 185
out0106.jpg, car, 0.8571682572364807, 736, 270, 820, 313
out0106.jpg, car, 0.9718496799468994, 207, 324, 291, 373
out0106.jpg, car, 0.9817214012145996, 565, 165, 586, 188
out0106.jpg, boat, 0.940014660358429, 965, 384, 1044, 444
out0107.jpg, car, 0.9549452066421509, 490, 296, 581, 344
out0107.jpg, car, 0.9844078421592712, 90, 347, 149, 396
out0107.jpg, car, 0.9934234619140625, 602, 158, 638, 187
out0107.jpg, car, 0.9950056672096252, 969, 262, 1035, 292
out0107.jpg, car, 0.9951801300048828, 565, 182, 596, 207
out0107.jpg, car, 0.9076921939849854, 493, 180, 533, 220
out0107.jpg, car, 0.9811261296272278, 1050, 374, 1103, 412
out0107.jpg, car, 0.8925622701644897, 453, 255, 546, 301
out0107.jpg, car, 0.9921045303344727, 1032, 290, 1091, 324
out0107.jpg, car, 0.9888284802436829, 564, 166, 587, 191
out0108.jpg, car, 0.9886859655380249, 603, 157, 639, 186
out0108.jpg, car, 0.995762825012207, 565, 182, 596, 207
out0108.jpg, car, 0.8357412219047546, 494, 179, 533, 222
out0108.jpg, car, 0.7072909474372864, 633, 276, 739, 327
out0108.jpg, car, 0.9427091479301453, 491, 292, 579, 342
out0108.jpg, car, 0.9875369668006897, 564, 166, 587, 191
out0108.jpg, traffic light, 0.7477867603302002, 867, 189, 882, 211
out0109.jpg, car, 0.9966095685958862, 566, 181, 596, 207
out0109.jpg, car, 0.9935420751571655, 604, 159, 640, 187
out0109.jpg, car, 0.9403256177902222, 501, 177, 536, 216
out0109.jpg, car, 0.9922971129417419, 971, 263, 1018, 295
out0109.jpg, car, 0.9902926683425903, 564, 166, 586, 191
out0109.jpg, car, 0.9911212921142578, 1031, 290, 1095, 323
out0109.jpg, car, 0.9346765279769897, 90, 340, 163, 396
out0109.jpg, boat, 0.9543067216873169, 633, 277, 738, 327
out0109.jpg, traffic light, 0.6254523992538452, 866, 189, 881, 213
out0110.jpg, car, 0.9943339824676514, 565, 182, 595, 207
out0110.jpg, car, 0.9847424030303955, 604, 158, 638, 187
out0110.jpg, car, 0.6772847175598145, 630, 274, 735, 324
out0110.jpg, car, 0.8096786737442017, 493, 179, 534, 223
out0110.jpg, car, 0.9798539280891418, 564, 166, 587, 193
out0110.jpg, car, 0.95688796043396, 362, 294, 454, 352
out0111.jpg, car, 0.9502134919166565, 630, 279, 714, 321
out0111.jpg, car, 0.9939489364624023, 166, 327, 244, 378
out0111.jpg, car, 0.9918513894081116, 603, 158, 638, 187
out0111.jpg, car, 0.99578458070755, 565, 181, 594, 207
out0111.jpg, car, 0.9179052114486694, 494, 178, 533, 223
out0111.jpg, car, 0.9881487488746643, 564, 166, 587, 193
out0112.jpg, car, 0.991156816482544, 603, 158, 638, 186
out0112.jpg, car, 0.9410026669502258, 494, 179, 533, 222
out0112.jpg, car, 0.997323215007782, 162, 327, 251, 382
out0112.jpg, car, 0.9954432249069214, 565, 181, 594, 207
out0112.jpg, car, 0.99407958984375, 352, 309, 429, 355
out0112.jpg, car, 0.9859193563461304, 564, 166, 587, 193
out0112.jpg, car, 0.9933376312255859, 1027, 286, 1119, 327
out0112.jpg, car, 0.9496011734008789, 633, 275, 766, 320
out0113.jpg, car, 0.8869161605834961, 706, 268, 795, 316
out0113.jpg, car, 0.9950006604194641, 566, 183, 595, 206
out0113.jpg, car, 0.9831146001815796, 603, 160, 637, 185
out0113.jpg, car, 0.9921878576278687, 153, 340, 226, 390
out0113.jpg, car, 0.9226910471916199, 501, 178, 537, 215
out0113.jpg, car, 0.994906485080719, 1026, 286, 1120, 328
out0113.jpg, car, 0.9836993217468262, 564, 166, 585, 189
out0114.jpg, car, 0.9893302321434021, 603, 159, 637, 186
out0114.jpg, car, 0.9880638718605042, 703, 270, 799, 316
out0114.jpg, car, 0.9952174425125122, 233, 324, 301, 363
out0114.jpg, car, 0.9376683235168457, 493, 180, 534, 222
out0114.jpg, car, 0.9948840737342834, 565, 181, 594, 206
out0114.jpg, car, 0.9955769777297974, 1026, 286, 1120, 327
out0114.jpg, car, 0.9862083196640015, 564, 165, 586, 192
out0115.jpg, car, 0.9843502044677734, 222, 321, 295, 373
out0115.jpg, car, 0.979526937007904, 604, 158, 637, 185
out0115.jpg, car, 0.9940821528434753, 566, 183, 596, 208
out0115.jpg, car, 0.945067286491394, 91, 489, 174, 545
out0115.jpg, car, 0.9947456121444702, 1026, 286, 1120, 327
out0115.jpg, car, 0.8870053291320801, 501, 178, 537, 216
out0115.jpg, car, 0.9796706438064575, 565, 166, 586, 190
out0116.jpg, car, 0.9827030897140503, 603, 159, 637, 184
out0116.jpg, car, 0.8701567053794861, 566, 185, 591, 214
out0116.jpg, car, 0.9955440163612366, 1025, 285, 1120, 327
out0116.jpg, car, 0.9009349346160889, 494, 180, 532, 221
out0116.jpg, car, 0.9782927632331848, 1046, 231, 1094, 255
out0117.jpg, car, 0.9891921877861023, 517, 451, 693, 544
out0117.jpg, car, 0.9953148365020752, 991, 228, 1036, 253
out0117.jpg, car, 0.9948086738586426, 604, 160, 636, 186
out0117.jpg, car, 0.9956231713294983, 561, 182, 591, 209
out0117.jpg, car, 0.9963232278823853, 1026, 288, 1117, 326
out0117.jpg, car, 0.9685540795326233, 492, 180, 533, 219
out0117.jpg, car, 0.9716792702674866, 592, 69, 612, 83
out0118.jpg, car, 0.9678887724876404, 515, 451, 695, 541
out0118.jpg, car, 0.9952684044837952, 604, 160, 636, 186
out0118.jpg, car, 0.996468186378479, 561, 181, 590, 209
out0118.jpg, car, 0.9797048568725586, 492, 181, 533, 219
out0118.jpg, car, 0.995434582233429, 1026, 288, 1117, 327
out0118.jpg, car, 0.9862403273582458, 847, 411, 937, 475
out0118.jpg, car, 0.985817015171051, 596, 71, 620, 85
out0119.jpg, car, 0.956378698348999, 525, 460, 679, 535
out0119.jpg, car, 0.9949145317077637, 605, 160, 636, 185
out0119.jpg, car, 0.9955110549926758, 562, 181, 590, 209
out0119.jpg, car, 0.9610034823417664, 502, 179, 539, 217
out0119.jpg, car, 0.9960726499557495, 897, 220, 950, 244
out0119.jpg, car, 0.9923353791236877, 1025, 287, 1116, 327
out0119.jpg, car, 0.914161741733551, 556, 94, 570, 109
out0119.jpg, car, 0.9917294383049011, 565, 165, 586, 189
out0120.jpg, car, 0.9963648915290833, 562, 181, 590, 209
out0120.jpg, car, 0.9960218071937561, 605, 160, 636, 185
out0120.jpg, car, 0.9687679409980774, 530, 459, 678, 532
out0120.jpg, car, 0.9716972708702087, 499, 179, 541, 217
out0120.jpg, car, 0.993489146232605, 1026, 288, 1114, 327
out0120.jpg, car, 0.9934053421020508, 565, 165, 587, 190
out0121.jpg, car, 0.9951477646827698, 605, 160, 636, 185
out0121.jpg, car, 0.9953204989433289, 562, 181, 590, 208
out0121.jpg, car, 0.924450695514679, 500, 178, 539, 216
out0121.jpg, car, 0.991068959236145, 1026, 287, 1117, 328
out0121.jpg, car, 0.9927076697349548, 565, 165, 587, 189
out0122.jpg, car, 0.996321439743042, 562, 181, 590, 208
out0122.jpg, car, 0.9953071475028992, 606, 160, 637, 184
out0122.jpg, car, 0.9924915432929993, 641, 111, 669, 130
out0122.jpg, car, 0.9475141167640686, 500, 178, 540, 216
out0122.jpg, car, 0.9927501678466797, 1026, 287, 1116, 327
out0122.jpg, car, 0.994498074054718, 566, 165, 587, 188
out0123.jpg, car, 0.9963309168815613, 605, 160, 637, 184
out0123.jpg, car, 0.9968097805976868, 562, 182, 590, 208
out0123.jpg, car, 0.9539715647697449, 500, 178, 540, 216
out0123.jpg, car, 0.9883748292922974, 551, 115, 577, 138
out0123.jpg, car, 0.9939279556274414, 1026, 287, 1116, 327
out0123.jpg, car, 0.9398390650749207, 644, 117, 668, 136
out0123.jpg, car, 0.9931554198265076, 566, 165, 587, 189
out0124.jpg, car, 0.9967743754386902, 563, 182, 590, 207
out0124.jpg, car, 0.9958556294441223, 606, 160, 637, 184
out0124.jpg, car, 0.9635735154151917, 501, 179, 538, 215
out0124.jpg, car, 0.9942336678504944, 564, 164, 587, 189
out0124.jpg, car, 0.992901623249054, 1026, 287, 1117, 327
out0124.jpg, car, 0.9917347431182861, 555, 120, 582, 143
out0125.jpg, car, 0.9958926439285278, 563, 182, 591, 207
out0125.jpg, car, 0.9945811629295349, 605, 160, 637, 185
out0125.jpg, car, 0.9533670544624329, 501, 179, 538, 215
out0125.jpg, car, 0.9913311004638672, 1026, 287, 1119, 327
out0125.jpg, car, 0.9918877482414246, 564, 165, 588, 190
out0125.jpg, car, 0.979546844959259, 646, 119, 673, 139
out0125.jpg, car, 0.99162358045578, 556, 134, 582, 158
out0126.jpg, car, 0.9973921775817871, 563, 181, 591, 206
out0126.jpg, car, 0.9960071444511414, 606, 160, 637, 184
out0126.jpg, car, 0.9965576529502869, 558, 136, 584, 161
out0126.jpg, car, 0.9538159370422363, 501, 179, 538, 214
out0126.jpg, car, 0.9928291440010071, 1026, 287, 1120, 327
out0126.jpg, car, 0.9949285984039307, 565, 166, 588, 191
out0126.jpg, car, 0.9954811334609985, 641, 139, 673, 163
out0127.jpg, car, 0.9960432052612305, 565, 181, 592, 204
out0127.jpg, car, 0.9935099482536316, 555, 137, 584, 166
out0127.jpg, car, 0.9886083602905273, 606, 160, 640, 185
out0127.jpg, car, 0.9745867252349854, 503, 180, 536, 213
out0128.jpg, car, 0.9966147541999817, 564, 181, 592, 204
out0128.jpg, car, 0.9874743223190308, 606, 160, 640, 185
out0128.jpg, car, 0.9678331017494202, 503, 179, 536, 214
out0128.jpg, car, 0.9902960658073425, 556, 139, 583, 167
out0128.jpg, car, 0.9742512106895447, 1024, 284, 1127, 328
