299412,0.3958430290222168,43268.484375
351726,0.3685755729675293,34715.31640625
304327,0.3617987632751465,42452.12109375
381640,0.38623476028442383,34650.765625
346925,0.3840522766113281,32628.296875
336078,0.39187049865722656,29999.755859375
447287,0.3874931335449219,31906.01171875
368099,0.3791494369506836,38369.8125
389503,0.3755521774291992,33454.91015625
325712,0.3874826431274414,40885.67578125
312973,0.3758049011230469,29499.1953125
362597,0.3909568786621094,39733.43359375
276428,0.37180519104003906,37831.36328125
305370,0.39192843437194824,43615.40625
282737,0.3709840774536133,39593.31640625
329811,0.3989548683166504,39815.2578125
399598,0.3994581699371338,38293.0390625
323774,0.38648009300231934,32127.353515625
423090,0.2855985164642334,15022.353515625
