316829,0.3999826908111572,34515.80859375
263015,0.36661624908447266,33094.79296875
257148,0.3766477108001709,40382.171875
322008,0.36847949028015137,32606.078125
263857,0.3726069927215576,32937.52734375
225625,0.3601186275482178,31782.86328125
335862,0.3479156494140625,33033.48046875
317201,0.3856160640716553,34122.86328125
255682,0.366957426071167,36336.69140625
245603,0.3665311336517334,41182.4375
191476,0.36841845512390137,32909.37109375
319859,0.3882415294647217,36701.8515625
229167,0.3718702793121338,36154.3671875
271340,0.3868978023529053,40074.33203125
242138,0.3633852005004883,37572.14453125
195511,0.36582064628601074,48403.55078125
199736,0.3622283935546875,51458.57421875
222119,0.3668522834777832,34177.0234375
255410,0.27643418312072754,19390.890625
