585025,0.8905825614929199,53870.8125
516338,0.8791115283966064,50913.07421875
593763,0.8630447387695312,54136.5234375
516094,0.8878755569458008,54195.7109375
509160,0.8530535697937012,49088.82421875
436407,0.868290901184082,50062.73828125
598939,0.8613319396972656,51759.39453125
551399,0.8566262722015381,56044.84765625
524265,0.8595068454742432,52822.16015625
581357,0.8524620532989502,56194.29296875
431223,0.8373188972473145,48072.00390625
607578,0.8429479598999023,52800.6953125
439588,0.8407688140869141,55300.046875
617534,0.8522086143493652,55189.09375
534268,0.8565053939819336,51602.1640625
570686,0.8323495388031006,53526.8515625
612292,0.870507001876831,55787.30859375
450384,0.8486166000366211,50845.3125
556937,0.6485240459442139,25902.275390625
