358905,0.38665771484375,40267.97265625
321417,0.39038681983947754,37685.2890625
376338,0.38776564598083496,41321.015625
404965,0.3708031177520752,35246.9296875
242676,0.38611698150634766,43187.69140625
306551,0.39961957931518555,32789.66015625
394962,0.3968520164489746,37777.37109375
375603,0.37056493759155273,38962.2265625
338566,0.3595426082611084,38214.625
372467,0.3886902332305908,40065.7890625
262137,0.3634634017944336,33617.4375
325035,0.38958096504211426,46177.1953125
298886,0.3875753879547119,38722.8125
395937,0.3752098083496094,40109.31640625
338579,0.36077237129211426,39040.62890625
197744,0.36919522285461426,60328.453125
250007,0.3593423366546631,57569.6640625
279191,0.36449313163757324,37241.50390625
368234,0.2844562530517578,18458.732421875
