385706,0.4003453254699707,38701.79296875
376610,0.39779090881347656,34921.1640625
339939,0.3780059814453125,42127.75
413842,0.370119571685791,34172.44921875
374447,0.38596010208129883,33280.8125
347127,0.38848352432250977,30582.505859375
458557,0.366286039352417,33208.38671875
417943,0.36533331871032715,36659.65234375
405546,0.3690822124481201,34254.2109375
395872,0.38879966735839844,37806.66796875
319526,0.36337900161743164,30249.72265625
423219,0.38204121589660645,38039.96484375
312089,0.37798595428466797,37030.7265625
359878,0.3689389228820801,41469.4453125
324777,0.3683359622955322,38419.66015625
343491,0.37296223640441895,41373.48828125
382617,0.38843750953674316,42047.94921875
336817,0.3643829822540283,32853.87890625
441314,0.29168128967285156,15239.6240234375
