588257,0.8778636455535889,82162.28125
579638,0.8794353008270264,79341.0078125
663927,0.8615875244140625,80130.40625
533401,0.841848611831665,86592.4609375
585173,0.8339104652404785,74961.4453125
411091,0.8543837070465088,85275.5625
672896,0.8673489093780518,79433.21875
558134,0.8442695140838623,86418.3671875
564050,0.8399965763092041,81957.9609375
645758,0.8639500141143799,85416.4296875
488595,0.8643004894256592,73833.28125
671752,0.8871345520019531,82179.2265625
459443,0.8427548408508301,86345.3046875
663410,0.8497152328491211,84995.4609375
594687,0.8610055446624756,78628.7578125
624488,0.839134693145752,82546.9453125
668120,0.8474593162536621,83655.8359375
531789,0.8831048011779785,75854.8046875
607271,0.6364734172821045,40652.08984375
