151950,0.16965937614440918,189575.953125
127698,0.18238139152526855,185000.25
149350,0.1804804801940918,199489.75
182585,0.1674644947052002,162611.140625
141998,0.1658153533935547,174182.515625
130403,0.16408824920654297,164987.140625
181794,0.17765307426452637,178937.03125
146868,0.1653895378112793,196640.390625
99718,0.16637349128723145,219900.53125
143220,0.17364931106567383,203141.296875
106247,0.16541504859924316,169259.859375
162646,0.1684739589691162,195940.671875
99002,0.16301345825195312,201362.078125
136604,0.1652812957763672,214321.515625
81277,0.1657564640045166,235111.578125
140798,0.17224979400634766,208497.71875
160984,0.16765761375427246,207852.765625
100008,0.161376953125,189530.796875
136726,0.12860918045043945,109118.640625
