429249,0.39545464515686035,37827.38671875
382193,0.3901023864746094,34564.43359375
451181,0.38335204124450684,38164.16796875
438444,0.3875594139099121,34342.8125
253761,0.3715479373931885,45410.140625
328395,0.38950085639953613,32732.5234375
484763,0.39061975479125977,34075.3671875
434958,0.37085604667663574,36408.83203125
386401,0.39211201667785645,37397.5625
362701,0.371415376663208,42801.23046875
280967,0.36865663528442383,33667.2578125
335929,0.36585330963134766,48296.43359375
318868,0.3705630302429199,38860.48828125
415509,0.4017820358276367,40610.65234375
335750,0.386005163192749,41038.171875
201641,0.37549805641174316,62604.36328125
254645,0.3701765537261963,57565.41796875
316478,0.36325860023498535,35999.80078125
379855,0.27696800231933594,19382.408203125
