434713,0.3896365165710449,39735.96484375
374228,0.39211583137512207,37735.00390625
450398,0.3699951171875,40394.0859375
423943,0.3935573101043701,37619.90234375
285837,0.37129712104797363,44167.86328125
328405,0.3733229637145996,34672.484375
492148,0.370898962020874,35813.68359375
449312,0.36052465438842773,37399.25
398424,0.375927209854126,38620.72265625
392667,0.3656301498413086,43025.140625
295370,0.37247586250305176,34325.71875
336280,0.3646688461303711,51075.0859375
326323,0.3608376979827881,40720.0234375
433929,0.3678252696990967,41496.3359375
349857,0.3932459354400635,42360.90625
210511,0.36258506774902344,64643.44921875
261892,0.3700418472290039,59920.3203125
327795,0.3578226566314697,37109.5390625
374435,0.2572948932647705,20819.96875
