434272,0.3940269947052002,41113.67578125
415173,0.39029622077941895,36008.25390625
483059,0.3714790344238281,39642.171875
427853,0.38901615142822266,39027.81640625
288664,0.36704206466674805,45789.08984375
370732,0.39713096618652344,32982.3359375
488521,0.37065720558166504,37660.875
467194,0.3791239261627197,38571.46484375
420107,0.37085580825805664,38512.2421875
465778,0.369617223739624,38999.80859375
319252,0.36365413665771484,34160.6015625
346072,0.36754775047302246,51257.90625
400285,0.361616849899292,36472.74609375
416015,0.3745560646057129,44447.99609375
357881,0.38736748695373535,43086.6640625
213032,0.36806344985961914,65164.0859375
268665,0.3585028648376465,59885.79296875
332803,0.36221814155578613,37895.27734375
367727,0.2871737480163574,20758.083984375
