555557,1.7760040760040283,70378.71875
588450,1.7284479141235352,63680.3515625
630514,1.714690923690796,68116.8203125
556336,1.71828293800354,69052.0078125
547314,1.7290923595428467,61260.13671875
496621,1.7450292110443115,62961.453125
614567,1.7170767784118652,65536.640625
557259,1.7284893989562988,69232.2578125
554962,1.7025315761566162,65490.02734375
617549,1.7244791984558105,70838.703125
515001,1.690509557723999,58579.23046875
687921,1.7222254276275635,67651.5390625
527216,1.7331817150115967,68189.671875
699547,1.7236895561218262,67855.046875
616627,1.7272634506225586,62390.7421875
650307,1.7254066467285156,64873.9375
692851,1.7273716926574707,68418.0703125
567673,1.6965618133544922,58617.41015625
621609,1.2925398349761963,33582.71484375
