395992,0.38825106620788574,39237.14453125
375814,0.38744068145751953,35246.83203125
416437,0.3703489303588867,38800.953125
383108,0.388352632522583,37514.10546875
278045,0.3755974769592285,42244.46875
327718,0.38817691802978516,32317.353515625
437687,0.3636801242828369,35527.1953125
420167,0.36682748794555664,36486.140625
396191,0.3675074577331543,35795.21875
415906,0.3745570182800293,37520.33203125
309898,0.3662240505218506,31341.626953125
314926,0.36455273628234863,46809.21875
348938,0.3804330825805664,35526.91015625
396666,0.3672506809234619,39779.3828125
326816,0.3917849063873291,39566.15625
187888,0.36165332794189453,60520.03515625
245360,0.3541278839111328,54747.61328125
297351,0.36868834495544434,36366.61328125
333121,0.279141902923584,19475.275390625
