376725,0.38917970657348633,38506.69140625
309167,0.38860130310058594,37653.55859375
348781,0.371248722076416,42026.43359375
374359,0.4001905918121338,36647.765625
253098,0.38602328300476074,41895.81640625
260677,0.3679389953613281,35410.45703125
405120,0.3849751949310303,35922.6640625
366115,0.3607335090637207,38742.2421875
296831,0.3684983253479004,41087.984375
319015,0.3694121837615967,43440.2265625
223383,0.3640134334564209,36360.421875
325960,0.3701634407043457,45113.796875
265541,0.3563191890716553,40605.65234375
334022,0.3636021614074707,43756.25390625
286895,0.3601553440093994,42161.86328125
200851,0.35965418815612793,58695.859375
246289,0.36777520179748535,57346.9140625
252877,0.35773396492004395,38628.2421875
328659,0.2770805358886719,19551.560546875
