524910,1.9012632369995117,34883.3828125
542268,1.8586616516113281,31331.2265625
595326,1.8311145305633545,34745.37109375
519532,1.8156397342681885,31411.412109375
541336,1.835728645324707,28840.3671875
512646,1.8403537273406982,28091.677734375
630371,1.815739631652832,32491.15625
549065,1.844632863998413,33196.23046875
529983,1.801147699356079,31831.7734375
620892,1.8025944232940674,35682.25
491458,1.7885246276855469,28232.2890625
610840,1.8135251998901367,34132.9609375
559229,1.8360514640808105,30661.951171875
668242,1.822350025177002,33722.609375
572238,1.8237271308898926,31205.677734375
628990,1.843101978302002,30780.5390625
668742,1.7772066593170166,33461.06640625
536884,1.7067596912384033,28423.5859375
592477,1.2754309177398682,15542.9716796875
