439827,0.3900315761566162,41568.41015625
425211,0.3716859817504883,36697.578125
479724,0.3761308193206787,40360.56640625
426006,0.382049560546875,39889.234375
304346,0.3976726531982422,44883.546875
381855,0.3979153633117676,32130.291015625
502271,0.38999319076538086,37389.12109375
474588,0.39110493659973145,38898.94140625
409999,0.3699305057525635,40104.71875
459934,0.39038872718811035,39936.5546875
360960,0.394467830657959,31368.91796875
364015,0.3882935047149658,50445.265625
402981,0.3790013790130615,36820.02734375
411429,0.39020705223083496,45332.46875
367133,0.36722874641418457,42996.83984375
207765,0.3672220706939697,66466.7421875
277670,0.38605308532714844,59722.44921875
334001,0.36693572998046875,38263.90234375
362222,0.27973198890686035,21289.11328125
