405459,0.4026615619659424,40448.0
389686,0.39106297492980957,35872.30859375
429463,0.39056968688964844,39875.875
400088,0.3997688293457031,38029.6640625
293515,0.38745880126953125,42862.3515625
338605,0.3847770690917969,32948.59765625
451226,0.38738417625427246,36686.15234375
434193,0.386584997177124,37733.34765625
413507,0.3676755428314209,36571.30859375
429208,0.3742952346801758,38767.625
317765,0.3677239418029785,31961.12109375
329329,0.37305235862731934,48057.70703125
355618,0.39159560203552246,36795.296875
410253,0.38775062561035156,41127.44140625
339725,0.39169836044311523,40645.71875
192825,0.3644826412200928,62756.40234375
254167,0.3551197052001953,56577.40625
310343,0.37160205841064453,36947.9765625
349110,0.28835058212280273,19671.447265625
