491451,1.7317888736724854,51177.3515625
463982,1.7270421981811523,46837.8203125
507011,1.721776008605957,50367.5390625
472888,1.7205827236175537,46924.03125
461222,1.689535140991211,43450.73046875
410496,1.7320513725280762,43992.1484375
549971,1.6984508037567139,46554.08203125
513771,1.6984679698944092,48839.66796875
486269,1.6672108173370361,47175.609375
543903,1.7028470039367676,51823.66796875
405079,1.6926803588867188,43260.9296875
547578,1.7177209854125977,49562.78125
434786,1.7323157787322998,48780.03125
540478,1.6944105625152588,51384.03515625
486379,1.70347261428833,47482.16015625
520620,1.7275383472442627,48476.109375
549451,1.7237963676452637,51465.97265625
437171,1.7077069282531738,44132.1015625
483104,1.42219877243042,25426.609375
