5789030,1.7167351245880127,0.055514708161354065,0.055514708161354065,3.2532734870910645,0.5569751262664795
5789030,1.805797815322876,0.055514708161354065,0.055514708161354065,3.2532734870910645,0.5569751262664795
5789030,1.6514277458190918,0.055514708161354065,0.055514708161354065,3.2532734870910645,0.5569751262664795
6209990,1.5422866344451904,0.053630609065294266,0.053630609065294266,2.9301891326904297,0.5487948656082153
6026495,1.4915053844451904,0.056040212512016296,0.056040212512016296,3.443429470062256,0.5623583197593689
6266543,1.4491872787475586,0.05502340942621231,0.05502340942621231,4.926024436950684,0.5532140135765076
6229368,1.45143461227417,0.05575565621256828,0.05575565621256828,4.088172912597656,0.5574024319648743
6288918,1.4173882007598877,0.05521731451153755,0.05521731451153755,3.0221123695373535,0.5552250146865845
6084302,1.60969877243042,0.05898696184158325,0.05898696184158325,4.5269598960876465,0.5783711671829224
6184524,1.4586796760559082,0.05482096970081329,0.05482096970081329,6.264829158782959,0.5524590015411377
6263147,1.4258344173431396,0.05448586866259575,0.05448586866259575,2.438443183898926,0.5529983043670654
6303933,1.5194549560546875,0.05420904979109764,0.05420904979109764,3.0597991943359375,0.5483560562133789
6177384,1.4112420082092285,0.05606178566813469,0.05606178566813469,2.9641571044921875,0.5622832179069519
6334872,1.4617433547973633,0.053234122693538666,0.053234122693538666,3.411771297454834,0.5416205525398254
6129784,1.4779245853424072,0.05597333610057831,0.05597333610057831,4.152444362640381,0.5584080815315247
6246600,1.4401485919952393,0.055460184812545776,0.055460184812545776,2.932286262512207,0.5564683079719543
6258477,1.411900281906128,0.05513589084148407,0.05513589084148407,3.93011212348938,0.5523037314414978
6245100,1.4542067050933838,0.05378185212612152,0.05378185212612152,5.304851531982422,0.5440796613693237
