5564043,1.7137136459350586,0.06939177215099335,0.06939177215099335,3.850450038909912,0.6186850070953369
5564043,1.7571134567260742,0.06939177215099335,0.06939177215099335,3.850450038909912,0.6186850070953369
5564043,1.7260611057281494,0.06939177215099335,0.06939177215099335,3.850450038909912,0.6186850070953369
5703231,1.4058969020843506,0.07405947148799896,0.07405947148799896,4.891335964202881,0.6435208916664124
5774152,1.5400054454803467,0.06979415565729141,0.06979415565729141,7.312703609466553,0.6207979321479797
5900934,1.4041450023651123,0.07159913331270218,0.07159913331270218,4.729948997497559,0.6301652193069458
5934957,1.5561745166778564,0.07070605456829071,0.07070605456829071,3.1077370643615723,0.627353847026825
5945203,1.5724470615386963,0.07078216969966888,0.07078216969966888,3.4672648906707764,0.6278959512710571
5830495,1.4175119400024414,0.07360056787729263,0.07360056787729263,3.919154167175293,0.6421809196472168
6020710,1.5496644973754883,0.06677617132663727,0.06677617132663727,4.0183539390563965,0.6044175028800964
5937107,1.4383604526519775,0.06980748474597931,0.06980748474597931,8.173012733459473,0.6204714179039001
5983040,1.4222288131713867,0.06871046125888824,0.06871046125888824,4.441545009613037,0.6141416430473328
5854626,1.3999354839324951,0.07191871106624603,0.07191871106624603,4.583305835723877,0.631262481212616
5956796,1.4728178977966309,0.06990201026201248,0.06990201026201248,4.865904331207275,0.6235635280609131
5890437,1.496903419494629,0.07043848931789398,0.07043848931789398,3.4795961380004883,0.6235665678977966
6002495,1.40018892288208,0.06791957467794418,0.06791957467794418,4.174167156219482,0.6100538372993469
6011667,1.5338478088378906,0.06947572529315948,0.06947572529315948,5.497073650360107,0.6179894208908081
5820579,1.4214112758636475,0.07247936725616455,0.07247936725616455,3.884080171585083,0.6342402100563049
