1883374,0.8933937549591064,0.12856128811836243,0.12856128811836243,12.754607200622559,0.877193808555603
1883374,0.9115300178527832,0.12856128811836243,0.12856128811836243,12.754607200622559,0.877193808555603
1883374,0.8750741481781006,0.12856128811836243,0.12856128811836243,12.754607200622559,0.877193808555603
1973089,0.7148864269256592,0.128534734249115,0.128534734249115,6.094217300415039,0.8774298429489136
1936244,0.7235782146453857,0.1285480558872223,0.1285480558872223,9.344376564025879,0.8764674663543701
1993803,0.7139990329742432,0.1285882145166397,0.1285882145166397,6.645559310913086,0.8767766356468201
1992599,0.7404072284698486,0.12868370115756989,0.12868370115756989,6.709227085113525,0.8774815797805786
2000780,0.7223150730133057,0.12854331731796265,0.12854331731796265,6.153030872344971,0.8771698474884033
1995499,0.7836613655090332,0.12861937284469604,0.12861937284469604,6.427129745483398,0.876909613609314
1968150,0.7220935821533203,0.12849842011928558,0.12849842011928558,6.317987442016602,0.8769278526306152
1982020,0.7665150165557861,0.12873797118663788,0.12873797118663788,9.47171688079834,0.8772252798080444
1992108,0.9150650501251221,0.12860159575939178,0.12860159575939178,10.28564739227295,0.876754641532898
1988566,0.7128219604492188,0.12850627303123474,0.12850627303123474,5.675746440887451,0.8769804835319519
1986344,0.7254173755645752,0.12856310606002808,0.12856310606002808,7.04099178314209,0.8773630261421204
1986458,0.7367618083953857,0.12851586937904358,0.12851586937904358,6.7454352378845215,0.8767905831336975
1988777,0.7163481712341309,0.12845836579799652,0.12845836579799652,13.277405738830566,0.8771206140518188
2031603,0.7784709930419922,0.12861652672290802,0.12861652672290802,5.881862163543701,0.8754870891571045
