8030809,1.9696283340454102,0.22751760482788086,0.22751760482788086,0.5516896843910217,0.11842796951532364
8305077,1.901350975036621,0.22679713368415833,0.22679713368415833,0.5844800472259521,0.1201978251338005
8203775,1.9054718017578125,0.26570600271224976,0.26570600271224976,0.4627697467803955,0.12024079263210297
8368615,1.871713638305664,0.2455000877380371,0.2455000877380371,0.8497060537338257,0.1197008565068245
8366713,1.862558126449585,0.2378627061843872,0.2378627061843872,0.562505304813385,0.1195928081870079
8398236,2.1591696739196777,0.24361127614974976,0.24361127614974976,0.7237129807472229,0.12006190419197083
8387936,1.8695213794708252,0.231037437915802,0.231037437915802,0.49252232909202576,0.119674451649189
8318332,1.857715368270874,0.25935041904449463,0.25935041904449463,1.534554123878479,0.11905546486377716
8306688,1.9071199893951416,0.39420774579048157,0.39420774579048157,0.49543237686157227,0.12012038379907608
8421600,1.8396096229553223,inf,inf,0.71041339635849,0.11949339509010315
8368812,2.163125991821289,0.32775112986564636,0.32775112986564636,1.6197768449783325,0.11889621615409851
8362682,1.9889354705810547,0.30027592182159424,0.30027592182159424,0.458842396736145,0.11996892094612122
8408916,1.8335461616516113,0.2564598619937897,0.2564598619937897,0.8621779680252075,0.1195078045129776
8343520,2.278991460800171,0.2854407727718353,0.2854407727718353,1.0700743198394775,0.11967451870441437
8569830,1.83674955368042,0.2385394275188446,0.2385394275188446,8.677251815795898,0.1196611151099205
