1349271,0.41623520851135254,0.10708864033222198,0.10708864033222198,22.722822189331055,0.8170453310012817
1349271,0.43855977058410645,0.10708864033222198,0.10708864033222198,22.722822189331055,0.8170453310012817
1349271,0.376328706741333,0.10708864033222198,0.10708864033222198,22.722822189331055,0.8170453310012817
1416413,0.4188227653503418,0.12532056868076324,0.12532056868076324,9.006887435913086,0.8166191577911377
1392125,0.33646488189697266,0.11217433214187622,0.11217433214187622,11.157170295715332,0.8163748383522034
1433956,0.3584599494934082,0.11487274616956711,0.11487274616956711,17.745710372924805,0.8162021040916443
1430459,0.3642771244049072,0.10820164531469345,0.10820164531469345,9.168587684631348,0.8164607882499695
1437159,0.38094019889831543,0.10802477598190308,0.10802477598190308,8.343910217285156,0.8163966536521912
1431577,0.3781318664550781,0.37634336948394775,0.37634336948394775,7.826169013977051,0.8162261247634888
1414450,0.3394777774810791,0.1085200086236,0.1085200086236,10.013157844543457,0.8163394331932068
1426015,0.34926867485046387,0.11831250786781311,0.11831250786781311,8.01524829864502,0.8165215253829956
1430186,0.3472404479980469,0.12422052770853043,0.12422052770853043,7.519180774688721,0.8159858584403992
1430538,0.3389413356781006,0.13488928973674774,0.13488928973674774,7.917233943939209,0.8165081143379211
1425179,0.34800243377685547,0.1160401999950409,0.1160401999950409,11.636876106262207,0.8166084289550781
1425630,0.34792256355285645,0.11057866364717484,0.11057866364717484,7.986971855163574,0.8160351514816284
1427047,0.341672420501709,0.11034200340509415,0.11034200340509415,6.34897518157959,0.8167495131492615
1455443,0.39782214164733887,0.11056182533502579,0.11056182533502579,7.059239387512207,0.8145352005958557
