3472578,0.8620996475219727,0.05872252583503723,0.05872252583503723,6.086752414703369,0.5368479490280151
3472578,0.9386327266693115,0.05872252583503723,0.05872252583503723,6.086752414703369,0.5368479490280151
3472578,0.9321463108062744,0.05872252583503723,0.05872252583503723,6.086752414703369,0.5368479490280151
3700211,0.772587776184082,0.05727187171578407,0.05727187171578407,7.163576602935791,0.5303761959075928
3663861,0.8008930683135986,0.05691210553050041,0.05691210553050041,4.019142150878906,0.5265445113182068
3725243,0.8039274215698242,0.05827021598815918,0.05827021598815918,5.706150531768799,0.5320257544517517
3711303,0.9200422763824463,0.05869344621896744,0.05869344621896744,5.792665481567383,0.535662829875946
3737717,0.8116497993469238,0.058117493987083435,0.058117493987083435,4.181197643280029,0.5301105380058289
3719123,0.7966313362121582,0.05835166946053505,0.05835166946053505,4.366800308227539,0.5323408842086792
3641687,0.8244433403015137,0.0601079985499382,0.0601079985499382,5.2810869216918945,0.541010320186615
3665278,0.7863538265228271,0.06008763238787651,0.06008763238787651,6.870373725891113,0.5412391424179077
3648514,0.8041205406188965,0.061040837317705154,0.061040837317705154,4.323681831359863,0.5479915142059326
3722121,0.8383605480194092,0.05802014097571373,0.05802014097571373,5.903085708618164,0.5320507884025574
3666756,0.7818362712860107,0.05992438644170761,0.05992438644170761,3.5363221168518066,0.5440957546234131
3654627,0.7858483791351318,0.05994849279522896,0.05994849279522896,5.175772190093994,0.5431690812110901
3708900,0.7837285995483398,0.058317095041275024,0.058317095041275024,5.593050956726074,0.5323325395584106
3747175,0.796703577041626,0.05888374522328377,0.05888374522328377,4.120372772216797,0.5369386076927185
