1173078,0.39417600631713867,0.148356094956398,0.148356094956398,2.7767107486724854,0.7173483371734619
1173078,0.387953519821167,0.148356094956398,0.148356094956398,2.7767107486724854,0.7173483371734619
1173078,0.3789703845977783,0.148356094956398,0.148356094956398,2.7767107486724854,0.7173483371734619
1222443,0.33804821968078613,0.14874763786792755,0.14874763786792755,2.709840774536133,0.7166247963905334
1202132,0.34763312339782715,0.14845919609069824,0.14845919609069824,8.599513053894043,0.7161503434181213
1234066,0.3353428840637207,0.15258345007896423,0.15258345007896423,2.773331642150879,0.7166627049446106
1234729,0.3392651081085205,0.14975081384181976,0.14975081384181976,2.476309061050415,0.7166928052902222
1239481,0.3282032012939453,0.1500905454158783,0.1500905454158783,2.508342742919922,0.7162809371948242
1236959,0.3390958309173584,0.1490660309791565,0.1490660309791565,2.776013135910034,0.7165672183036804
1219524,0.33832454681396484,0.1490866243839264,0.1490866243839264,2.919773817062378,0.7164661288261414
1228789,0.3449208736419678,0.14918188750743866,0.14918188750743866,3.451854705810547,0.7163810729980469
1235358,0.3357706069946289,0.14888161420822144,0.14888161420822144,2.3668622970581055,0.7162651419639587
1237869,0.33292484283447266,0.1500321626663208,0.1500321626663208,3.391681671142578,0.7162919640541077
1228951,0.3316969871520996,0.14965415000915527,0.14965415000915527,2.426820993423462,0.7166488170623779
1233147,0.3435688018798828,0.14923608303070068,0.14923608303070068,3.3873825073242188,0.7162361741065979
1231162,0.33585643768310547,0.1486814320087433,0.1486814320087433,3.4272971153259277,0.7162653207778931
1269284,0.3276827335357666,0.14930294454097748,0.14930294454097748,2.703184127807617,0.7152429819107056
