1364600,0.4006061553955078,0.1682845503091812,0.1682845503091812,2.5562000274658203,0.6577421426773071
1364600,0.42069435119628906,0.1682845503091812,0.1682845503091812,2.5562000274658203,0.6577421426773071
1364600,0.38551783561706543,0.1682845503091812,0.1682845503091812,2.5562000274658203,0.6577421426773071
1423893,0.33928871154785156,0.16371221840381622,0.16371221840381622,2.3227639198303223,0.6561611890792847
1402917,0.33728909492492676,0.17029930651187897,0.17029930651187897,2.5330538749694824,0.654599130153656
1439083,0.3377962112426758,0.16386982798576355,0.16386982798576355,2.453260660171509,0.6564059853553772
1436824,0.34647560119628906,0.16361624002456665,0.16361624002456665,2.2993574142456055,0.6582748293876648
1439826,0.33417320251464844,0.16548627614974976,0.16548627614974976,4.23352575302124,0.6577348709106445
1442302,0.3889024257659912,0.16509899497032166,0.16509899497032166,2.343194007873535,0.6561237573623657
1418691,0.3510587215423584,0.16355596482753754,0.16355596482753754,2.3847670555114746,0.6580829620361328
1430151,0.37756896018981934,0.1653016060590744,0.1653016060590744,2.4342315196990967,0.6568654775619507
1441517,0.3436315059661865,0.16501964628696442,0.16501964628696442,2.3076963424682617,0.656267523765564
1442495,0.34200620651245117,0.16607722640037537,0.16607722640037537,2.4773004055023193,0.6565988063812256
1431312,0.3341069221496582,0.1652071326971054,0.1652071326971054,2.5228981971740723,0.6573970913887024
1438440,0.346224308013916,0.1701308637857437,0.1701308637857437,2.533339023590088,0.6548773050308228
1435568,0.3433802127838135,0.16482356190681458,0.16482356190681458,2.276561975479126,0.654881477355957
1481668,0.3421015739440918,0.17599405348300934,0.17599405348300934,2.3643898963928223,0.6559815406799316
