15181994,7.478482723236084,0.20190897583961487,0.20190897583961487,18.29299545288086,0.9610664248466492
15181994,7.766032695770264,0.20190897583961487,0.20190897583961487,18.29299545288086,0.9610664248466492
15181994,7.66530966758728,0.20190897583961487,0.20190897583961487,18.29299545288086,0.9610664248466492
15181994,7.509133338928223,0.20190897583961487,0.20190897583961487,18.29299545288086,0.9610664248466492
15756018,6.761875152587891,0.19489441812038422,0.19489441812038422,19.204160690307617,0.935716986656189
15695733,6.760037899017334,0.21893931925296783,0.21893931925296783,22.705219268798828,0.9506807923316956
17084193,6.7350358963012695,inf,inf,21.8828067779541,0.9329553842544556
16339604,7.12685489654541,0.22853323817253113,0.22853323817253113,18.954469680786133,1.0116289854049683
17172446,7.002424478530884,0.20137086510658264,0.20137086510658264,18.55780792236328,0.9646704792976379
17032323,6.69546365737915,0.184395432472229,0.184395432472229,35.53937911987305,0.9241715669631958
17061471,6.916367530822754,0.20921848714351654,0.20921848714351654,15.187376976013184,0.9563781023025513
16413049,6.800229072570801,0.22561632096767426,0.22561632096767426,24.72439193725586,0.9839003682136536
16550409,6.697020769119263,0.20899388194084167,0.20899388194084167,22.339332580566406,0.9481923580169678
16739326,6.714176893234253,0.21768195927143097,0.21768195927143097,18.0533504486084,0.9775428771972656
17028946,6.726468086242676,0.20301946997642517,0.20301946997642517,29.297128677368164,0.9530467987060547
16161448,6.757094860076904,0.22394955158233643,0.22394955158233643,15.348733901977539,0.9932888150215149
17391937,6.72955060005188,0.21401731669902802,0.21401731669902802,18.853416442871094,0.916358470916748
16816708,6.63220477104187,0.1986803114414215,0.1986803114414215,23.92020034790039,0.9425771832466125
16716758,7.097162485122681,0.1886281967163086,0.1886281967163086,24.57404899597168,0.9363366365432739
17986164,6.596794605255127,inf,inf,22.871692657470703,0.9610767960548401
