12742405,4.417481184005737,0.07520858198404312,0.07520858198404312,2.473682403564453,0.4954432547092438
12742405,3.997321367263794,0.07520858198404312,0.07520858198404312,2.473682403564453,0.4954432547092438
12742405,4.3278257846832275,0.07520858198404312,0.07520858198404312,2.473682403564453,0.4954432547092438
12742405,4.299338102340698,0.07520858198404312,0.07520858198404312,2.473682403564453,0.4954432547092438
13589260,4.008178472518921,0.07106922566890717,0.07106922566890717,2.4908945560455322,0.4735669493675232
13463883,4.047178268432617,0.07137776166200638,0.07137776166200638,2.3364768028259277,0.4724748730659485
14189220,3.793198585510254,0.07107800245285034,0.07107800245285034,2.066903829574585,0.4712843596935272
14044967,4.024815797805786,0.07515252381563187,0.07515252381563187,2.7144532203674316,0.4835887551307678
14200549,3.6926121711730957,0.07062917947769165,0.07062917947769165,2.2874133586883545,0.473823606967926
14134942,3.6828699111938477,0.07151886820793152,0.07151886820793152,2.1622912883758545,0.47677165269851685
14044529,3.7943785190582275,0.07278051972389221,0.07278051972389221,2.2337582111358643,0.47479721903800964
14102737,3.637049436569214,0.07144126296043396,0.07144126296043396,2.119058609008789,0.4710618555545807
14133398,3.7281546592712402,0.07095039635896683,0.07095039635896683,1.8427728414535522,0.4799664616584778
14124123,4.031567573547363,0.07115540653467178,0.07115540653467178,2.09800386428833,0.4692721366882324
14093791,3.634798765182495,0.07105202972888947,0.07105202972888947,2.1795814037323,0.47510913014411926
13952425,3.956465244293213,0.07388479262590408,0.07388479262590408,2.1675877571105957,0.47701147198677063
14151703,3.638779640197754,0.07122653722763062,0.07122653722763062,1.7793716192245483,0.4821784198284149
14181888,4.085285663604736,0.07147639244794846,0.07147639244794846,2.1561498641967773,0.47275981307029724
13987352,3.536787748336792,0.07162090390920639,0.07162090390920639,2.541118621826172,0.47703787684440613
