2026012,0.37395715713500977,0.04807131364941597,0.04807131364941597,3.780052423477173,0.46709126234054565
2026012,0.3761863708496094,0.04807131364941597,0.04807131364941597,3.780052423477173,0.46709126234054565
2026012,0.351198673248291,0.04807131364941597,0.04807131364941597,3.780052423477173,0.46709126234054565
2134795,0.380568265914917,0.04859708622097969,0.04859708622097969,3.221848964691162,0.4733045697212219
2125103,0.37439393997192383,0.04752734676003456,0.04752734676003456,77.96087646484375,0.4640953540802002
2180647,0.3542194366455078,0.04763738811016083,0.04763738811016083,4.31960391998291,0.46783462166786194
2175790,0.3694272041320801,0.04777796193957329,0.04777796193957329,4.882447719573975,0.46565139293670654
2179226,0.3616316318511963,0.04785003140568733,0.04785003140568733,4.144392013549805,0.465584933757782
2171024,0.3594694137573242,0.04820706695318222,0.04820706695318222,14.725625991821289,0.47147613763809204
2161900,0.38286519050598145,0.04744412750005722,0.04744412750005722,3.187488555908203,0.46661651134490967
2174513,0.36165881156921387,0.04756474867463112,0.04756474867463112,5.287303447723389,0.4668808877468109
2175385,0.3807239532470703,0.04754995182156563,0.04754995182156563,3.66506290435791,0.46550726890563965
2170175,0.3607454299926758,0.047900278121232986,0.047900278121232986,3.2400991916656494,0.4692715108394623
2173844,0.3587219715118408,0.047525275498628616,0.047525275498628616,4.2164626121521,0.4640159010887146
2165257,0.38794922828674316,0.04789857938885689,0.04789857938885689,3.841172456741333,0.4693886935710907
2165725,0.3613095283508301,0.04776129126548767,0.04776129126548767,5.7311177253723145,0.46692800521850586
2191885,0.35645198822021484,0.048218246549367905,0.048218246549367905,4.334378242492676,0.46912840008735657
