6370938,1.8387882709503174,0.06556830555200577,0.06556830555200577,1.1767746210098267,0.4214721918106079
6370938,1.792407512664795,0.06556830555200577,0.06556830555200577,1.1767746210098267,0.4214721918106079
6370938,1.8054194450378418,0.06556830555200577,0.06556830555200577,1.1767746210098267,0.4214721918106079
6370938,1.5001318454742432,0.06556830555200577,0.06556830555200577,1.1767746210098267,0.4214721918106079
6701538,1.395836353302002,0.06557091325521469,0.06557091325521469,1.1861804723739624,0.4215429127216339
6642205,1.6984875202178955,0.06558604538440704,0.06558604538440704,1.23666512966156,0.4215281009674072
6884296,1.4216530323028564,0.06558354198932648,0.06558354198932648,1.1104474067687988,0.42146092653274536
6887358,1.431607723236084,0.0655893012881279,0.0655893012881279,1.8681080341339111,0.4215009808540344
6889417,1.5169305801391602,0.06558823585510254,0.06558823585510254,1.1629434823989868,0.4215222895145416
6882774,1.5310571193695068,0.06559056043624878,0.06559056043624878,1.1927820444107056,0.42146459221839905
6815897,1.4149858951568604,0.06558418273925781,0.06558418273925781,1.1635884046554565,0.42153200507164
6853600,1.4691402912139893,0.06558793783187866,0.06558793783187866,1.2416242361068726,0.4215276539325714
6865723,1.4902293682098389,0.06559272855520248,0.06559272855520248,1.1947616338729858,0.4215996563434601
6846057,1.4993994235992432,0.06558817625045776,0.06558817625045776,1.236244797706604,0.42150911688804626
6844794,1.4645946025848389,0.0655880868434906,0.0655880868434906,1.3444076776504517,0.42156028747558594
6804380,1.4675798416137695,0.06559063494205475,0.06559063494205475,1.0696803331375122,0.4215294122695923
6864884,1.388009786605835,0.06559010595083237,0.06559010595083237,1.6463762521743774,0.4216155409812927
6892344,1.4382374286651611,0.06559234857559204,0.06559234857559204,1.1250605583190918,0.4213961064815521
6818892,1.4348716735839844,0.06558812409639359,0.06558812409639359,2.9321672916412354,0.42151302099227905
