901625,0.20653724670410156,0.16898930072784424,0.16898930072784424,9.44110107421875,0.7754995226860046
922611,0.22012543678283691,0.15600143373012543,0.15600143373012543,14.751158714294434,0.7812922596931458
907021,0.20916438102722168,0.20324431359767914,0.20324431359767914,18.240848541259766,0.775032639503479
926476,0.2110893726348877,0.15749076008796692,0.15749076008796692,13.18304443359375,0.7749652862548828
927248,0.22228074073791504,0.16459572315216064,0.16459572315216064,14.723422050476074,0.7771661281585693
928910,0.20865345001220703,0.16234555840492249,0.16234555840492249,16.007244110107422,0.7741958498954773
929213,0.21881318092346191,0.162906676530838,0.162906676530838,22.580493927001953,0.7756705284118652
918417,0.21453070640563965,0.17792192101478577,0.17792192101478577,12.495036125183105,0.7759832739830017
921465,0.21252918243408203,0.1540757417678833,0.1540757417678833,13.569608688354492,0.7726047039031982
931367,0.21804380416870117,0.15454263985157013,0.15454263985157013,13.8563814163208,0.7726654410362244
927717,0.218336820602417,0.1576208919286728,0.1576208919286728,14.73660659790039,0.7722796201705933
925984,0.21237468719482422,0.15241555869579315,0.15241555869579315,13.0171537399292,0.7713433504104614
932235,0.22111105918884277,0.1534993201494217,0.1534993201494217,16.442340850830078,0.7723932862281799
926081,0.2131054401397705,0.15765339136123657,0.15765339136123657,14.820335388183594,0.7716758847236633
955890,0.20918750762939453,0.15643243491649628,0.15643243491649628,17.618867874145508,0.7711321711540222
