2055065,0.8788573741912842,0.09753124415874481,0.09753124415874481,5.785157203674316,0.7723788619041443
2055065,0.8828849792480469,0.09753124415874481,0.09753124415874481,5.785157203674316,0.7723788619041443
2055065,0.8590013980865479,0.09753124415874481,0.09753124415874481,5.785157203674316,0.7723788619041443
2162209,0.7165775299072266,0.0974934920668602,0.0974934920668602,8.302051544189453,0.7731667160987854
2125986,0.7225208282470703,0.09749791771173477,0.09749791771173477,10.995909690856934,0.7725610733032227
2185676,0.7297523021697998,0.09749781340360641,0.09749781340360641,5.622554779052734,0.7727532982826233
2184789,0.7142329216003418,0.09749799966812134,0.09749799966812134,6.072722911834717,0.7725245952606201
2196864,0.8161969184875488,0.09749520570039749,0.09749520570039749,5.515239715576172,0.7727550864219666
2187272,0.7124519348144531,0.09749411046504974,0.09749411046504974,5.510161876678467,0.7726584076881409
2156274,0.7322371006011963,0.09749750047922134,0.09749750047922134,6.6375226974487305,0.772957444190979
2175982,0.733121395111084,0.09750188887119293,0.09750188887119293,7.481187343597412,0.7730267643928528
2183722,0.7355506420135498,0.09748706221580505,0.09748706221580505,6.083612442016602,0.7728078961372375
2180556,0.7175793647766113,0.09751032292842865,0.09751032292842865,5.763103485107422,0.7727999091148376
2178932,0.7401273250579834,0.09749480336904526,0.09749480336904526,6.137664318084717,0.772941529750824
2179455,0.7798295021057129,0.09750081598758698,0.09750081598758698,6.067596435546875,0.7724243998527527
2175290,0.729245662689209,0.09748683124780655,0.09748683124780655,7.1672563552856445,0.773070216178894
2224313,0.7235138416290283,0.0975278839468956,0.0975278839468956,7.3287200927734375,0.7718079686164856
