3462027,1.018357753753662,inf,inf,2.6202893257141113,0.5203773975372314
3462027,1.0684010982513428,inf,inf,2.6202893257141113,0.5203773975372314
3462027,0.9010818004608154,inf,inf,2.6202893257141113,0.5203773975372314
3651762,0.8464562892913818,0.40593770146369934,0.40593770146369934,1.9485193490982056,0.5209248661994934
3602950,0.801947832107544,0.3678357005119324,0.3678357005119324,2.103261709213257,0.5206229090690613
3693081,0.9046750068664551,0.6078630089759827,0.6078630089759827,2.446131706237793,0.5205745697021484
3689282,0.7738635540008545,0.3916286826133728,0.3916286826133728,2.1339433193206787,0.5204612016677856
3703950,0.7830848693847656,0.38699010014533997,0.38699010014533997,2.6949853897094727,0.5203202366828918
3690040,0.7783002853393555,0.4285756051540375,0.4285756051540375,2.0330021381378174,0.5208330154418945
3653620,0.7865543365478516,0.3926457464694977,0.3926457464694977,2.7576420307159424,0.5205360651016235
3680836,0.7832667827606201,0.37793025374412537,0.37793025374412537,1.8888479471206665,0.5208459496498108
3688523,0.7942790985107422,0.5091443657875061,0.5091443657875061,1.7618169784545898,0.5204214453697205
3686195,0.7677018642425537,0.4211937189102173,0.4211937189102173,2.538917064666748,0.5205761790275574
3683026,0.789097785949707,0.42550840973854065,0.42550840973854065,2.187938690185547,0.5206486582756042
3679389,0.7760872840881348,0.36618471145629883,0.36618471145629883,1.8928354978561401,0.520579993724823
3677411,0.8069920539855957,0.3686371445655823,0.3686371445655823,1.8167074918746948,0.5207628011703491
3735319,0.8219192028045654,inf,inf,2.2629029750823975,0.519953727722168
