1715069,0.4125251770019531,0.08626046776771545,0.08626046776771545,7.121487617492676,0.7415631413459778
1715069,0.39583849906921387,0.08626046776771545,0.08626046776771545,7.121487617492676,0.7415631413459778
1715069,0.4006190299987793,0.08626046776771545,0.08626046776771545,7.121487617492676,0.7415631413459778
1777806,0.3523440361022949,0.08548573404550552,0.08548573404550552,8.66569709777832,0.7370135188102722
1760525,0.36251330375671387,0.0854678750038147,0.0854678750038147,8.870368957519531,0.7331063151359558
1809510,0.3494861125946045,0.08471308648586273,0.08471308648586273,9.968606948852539,0.7271838784217834
1803905,0.34835267066955566,0.08527518063783646,0.08527518063783646,12.689058303833008,0.7297196984291077
1805307,0.34807801246643066,0.08535552769899368,0.08535552769899368,7.811439514160156,0.7311651706695557
1807017,0.35480451583862305,0.08546318858861923,0.08546318858861923,10.44111156463623,0.7324413657188416
1789860,0.35434508323669434,0.08488671481609344,0.08488671481609344,10.196684837341309,0.7279892563819885
1793739,0.34105777740478516,0.08527656644582748,0.08527656644582748,11.450461387634277,0.7307014465332031
1811131,0.3541371822357178,0.08472926169633865,0.08472926169633865,27.781204223632812,0.725881040096283
1812292,0.34831786155700684,0.08518192917108536,0.08518192917108536,9.948517799377441,0.7287021279335022
1802315,0.36153197288513184,0.0851784273982048,0.0851784273982048,9.57371997833252,0.7294440865516663
1813319,0.3543202877044678,0.08537539839744568,0.08537539839744568,21.77156639099121,0.7316312789916992
1805199,0.3512403964996338,0.08471306413412094,0.08471306413412094,8.0264253616333,0.7260441780090332
1869145,0.3527517318725586,0.0857716053724289,0.0857716053724289,7.781637191772461,0.7327646017074585
