931547,0.3998258113861084,0.1489051878452301,0.1489051878452301,14.788640975952148,0.8846689462661743
931547,0.3896968364715576,0.1489051878452301,0.1489051878452301,14.788640975952148,0.8846689462661743
931547,0.3506314754486084,0.1489051878452301,0.1489051878452301,14.788640975952148,0.8846689462661743
970128,0.3577265739440918,0.14899955689907074,0.14899955689907074,13.692279815673828,0.8834981322288513
953531,0.3712761402130127,0.1495392620563507,0.1495392620563507,34.19986343383789,0.8835617899894714
979598,0.33707404136657715,0.14899693429470062,0.14899693429470062,9.198619842529297,0.8838595151901245
978937,0.3428008556365967,0.1496552973985672,0.1496552973985672,32.789058685302734,0.8835814595222473
982763,0.34470558166503906,0.15222568809986115,0.15222568809986115,10.383285522460938,0.8834612965583801
980586,0.3345375061035156,0.14963635802268982,0.14963635802268982,8.74574089050293,0.8832207918167114
966647,0.3314328193664551,0.1499432921409607,0.1499432921409607,7.9187331199646,0.883583128452301
974894,0.37631702423095703,0.14973321557044983,0.14973321557044983,15.96308422088623,0.8833004236221313
979727,0.34538888931274414,0.14982618391513824,0.14982618391513824,11.989459037780762,0.8832874298095703
980488,0.32731080055236816,0.14954280853271484,0.14954280853271484,10.55120849609375,0.8836390972137451
974882,0.3430311679840088,0.1492290198802948,0.1492290198802948,30.822956085205078,0.8835180401802063
977690,0.3593626022338867,0.1521666795015335,0.1521666795015335,10.290732383728027,0.88319993019104
977176,0.32988429069519043,0.14970186352729797,0.14970186352729797,20.436256408691406,0.8834996223449707
1004417,0.4894673824310303,0.14989642798900604,0.14989642798900604,8.992698669433594,0.8826755285263062
