11390996,3.884352445602417,0.08342593163251877,0.08342593163251877,15.912369728088379,0.6895315647125244
11390996,4.020780563354492,0.08342593163251877,0.08342593163251877,15.912369728088379,0.6895315647125244
11390996,4.331886291503906,0.08342593163251877,0.08342593163251877,15.912369728088379,0.6895315647125244
11390996,4.242764472961426,0.08342593163251877,0.08342593163251877,15.912369728088379,0.6895315647125244
12317376,3.6051251888275146,0.07392310351133347,0.07392310351133347,9.342018127441406,0.6539989113807678
12052247,3.892951726913452,0.07880756258964539,0.07880756258964539,10.066304206848145,0.6638067960739136
12965761,3.826336145401001,0.07529769092798233,0.07529769092798233,8.497852325439453,0.6466980576515198
12623861,3.6319634914398193,0.0819326788187027,0.0819326788187027,9.34830093383789,0.6705141663551331
12743403,3.5432491302490234,0.0789891704916954,0.0789891704916954,13.343789100646973,0.6685054898262024
12854922,3.859632730484009,0.08259023725986481,0.08259023725986481,12.157793045043945,0.6687174439430237
12742205,3.664825439453125,0.0780647024512291,0.0780647024512291,8.894336700439453,0.6669384837150574
12649948,3.6779873371124268,0.07948189228773117,0.07948189228773117,8.105818748474121,0.6796972751617432
12812426,3.7039794921875,0.0769389346241951,0.0769389346241951,10.823627471923828,0.6557024121284485
12877861,3.5393621921539307,0.0747733786702156,0.0747733786702156,10.597101211547852,0.6513628363609314
12748913,3.617598533630371,0.07569483667612076,0.07569483667612076,10.705148696899414,0.658069372177124
12516985,3.6803083419799805,0.07969224452972412,0.07969224452972412,11.41439151763916,0.6638783812522888
12844517,3.5012121200561523,0.07764852792024612,0.07764852792024612,10.714183807373047,0.6573019623756409
12874502,3.822601318359375,0.07720287889242172,0.07720287889242172,13.519383430480957,0.6539700031280518
12807308,3.7126662731170654,0.075226329267025,0.075226329267025,8.62712287902832,0.644843339920044
13142957,3.2961575984954834,0.10315117239952087,0.10315117239952087,12.032259941101074,0.7292978763580322
