4426247,1.6176095008850098,0.03616931289434433,0.03616931289434433,6.5192131996154785,0.5586540102958679
4426247,1.7909808158874512,0.03616931289434433,0.03616931289434433,6.5192131996154785,0.5586540102958679
4426247,1.5781164169311523,0.03616931289434433,0.03616931289434433,6.5192131996154785,0.5586540102958679
4695765,1.365384578704834,0.03562181070446968,0.03562181070446968,6.093302249908447,0.5525071024894714
4621540,1.4154417514801025,0.03593456372618675,0.03593456372618675,5.639269828796387,0.5576425790786743
4778261,1.428565263748169,0.03580016642808914,0.03580016642808914,7.4490966796875,0.5539088249206543
4807460,1.532806158065796,0.03552486374974251,0.03552486374974251,8.464996337890625,0.5508606433868408
4803169,1.4624221324920654,0.03578322008252144,0.03578322008252144,5.603410720825195,0.5559292435646057
4772553,1.4109978675842285,0.03611496463418007,0.03611496463418007,7.171000957489014,0.5591025948524475
4743460,1.4492230415344238,0.035747230052948,0.035747230052948,4.710444450378418,0.5560229420661926
4792833,1.4176576137542725,0.035519082099199295,0.035519082099199295,7.285292625427246,0.5509079694747925
4801850,1.6624462604522705,0.03585231304168701,0.03585231304168701,6.584227085113525,0.5547754168510437
4777225,1.440985918045044,0.03576580435037613,0.03576580435037613,4.400820255279541,0.5558387041091919
4783105,1.4963572025299072,0.035825248807668686,0.035825248807668686,5.38856315612793,0.5544317364692688
4740032,1.477189064025879,0.03602828085422516,0.03602828085422516,6.082052707672119,0.5580241084098816
4785502,1.343090534210205,0.036045849323272705,0.036045849323272705,6.7862629890441895,0.5566196441650391
4827115,1.468735694885254,0.03555124253034592,0.03555124253034592,5.806059837341309,0.5509870648384094
4726705,1.397390365600586,0.03611942380666733,0.03611942380666733,7.309904098510742,0.5592320561408997
