633096,0.10814666748046875,0.1177142933011055,0.1177142933011055,0.3675665259361267,0.07616785168647766
633096,0.12207913398742676,0.1177142933011055,0.1177142933011055,0.3675665259361267,0.07616785168647766
633096,0.10770297050476074,0.1177142933011055,0.1177142933011055,0.3675665259361267,0.07616785168647766
658993,0.13036870956420898,0.08933671563863754,0.08933671563863754,0.2434910535812378,0.07466555386781693
650966,0.11566901206970215,0.10225026309490204,0.10225026309490204,0.28286367654800415,0.07463250309228897
663536,0.11565494537353516,0.08283258974552155,0.08283258974552155,0.300546795129776,0.07468301057815552
670521,0.11486124992370605,0.07863690704107285,0.07863690704107285,0.2776382863521576,0.07462486624717712
667268,0.11249995231628418,0.09124061465263367,0.09124061465263367,0.31687915325164795,0.07474801689386368
663562,0.11601829528808594,0.0937855914235115,0.0937855914235115,0.40629586577415466,0.07475895434617996
658251,0.11426568031311035,0.08034326136112213,0.08034326136112213,0.2514873445034027,0.07497339695692062
656723,0.11546659469604492,0.08391281962394714,0.08391281962394714,0.2858271300792694,0.07488316297531128
667234,0.11561870574951172,0.08985574543476105,0.08985574543476105,0.2861400544643402,0.07462327182292938
667565,0.11108922958374023,0.07819978892803192,0.07819978892803192,0.2792794406414032,0.07443403452634811
663257,0.1108860969543457,0.07832517474889755,0.07832517474889755,0.39144259691238403,0.07534176111221313
671292,0.1732795238494873,0.077767513692379,0.077767513692379,0.26135218143463135,0.07452388852834702
666088,0.11429381370544434,0.08257769793272018,0.08257769793272018,0.253131628036499,0.07438952475786209
684429,0.10864782333374023,0.14390790462493896,0.14390790462493896,0.31729966402053833,0.07451961934566498
