2795429,0.9452333450317383,0.1689893752336502,0.1689893752336502,9.441102981567383,0.7754995822906494
2875313,0.8832306861877441,0.15600141882896423,0.15600141882896423,14.751151084899902,0.7812919020652771
2834448,0.8562626838684082,0.20324425399303436,0.20324425399303436,18.240726470947266,0.7750325202941895
2890129,0.8734152317047119,0.1574907898902893,0.1574907898902893,13.182978630065918,0.7749653458595276
2891420,0.9319889545440674,0.16459569334983826,0.16459569334983826,14.723433494567871,0.7771662473678589
2895600,0.8404214382171631,0.1623455137014389,0.1623455137014389,16.007217407226562,0.7741958498954773
2893567,0.8325939178466797,0.1629067212343216,0.1629067212343216,22.580062866210938,0.77567058801651
2866239,0.9723985195159912,0.17792198061943054,0.17792198061943054,12.495033264160156,0.7759832739830017
2879483,0.8325796127319336,0.15407578647136688,0.15407578647136688,13.56962776184082,0.772604763507843
2907981,0.8383066654205322,0.1545427143573761,0.1545427143573761,13.856332778930664,0.7726654410362244
2894628,0.8642523288726807,0.15762092173099518,0.15762092173099518,14.736586570739746,0.7722794413566589
2891876,0.8268337249755859,0.15241558849811554,0.15241558849811554,13.017148971557617,0.7713435888290405
2909427,0.8300924301147461,0.1534993052482605,0.1534993052482605,16.442319869995117,0.7723932862281799
2889279,0.8132240772247314,0.15765336155891418,0.15765336155891418,14.820296287536621,0.7716760635375977
2970965,0.8203823566436768,0.15643233060836792,0.15643233060836792,17.618844985961914,0.7711324095726013
