1707739,0.4178440570831299,0.5089210867881775,0.5089210867881775,2.717306137084961,0.5868797302246094
1707739,0.4012727737426758,0.5089210867881775,0.5089210867881775,2.717306137084961,0.5868797302246094
1707739,0.433854341506958,0.5089210867881775,0.5089210867881775,2.717306137084961,0.5868797302246094
1789740,0.351834774017334,0.3491910696029663,0.3491910696029663,3.960066318511963,0.5877118706703186
1763887,0.404768705368042,0.3916500508785248,0.3916500508785248,3.1792232990264893,0.5848713517189026
1814942,0.41605615615844727,0.3848794400691986,0.3848794400691986,3.6363039016723633,0.5948496460914612
1811130,0.34961557388305664,0.3973779082298279,0.3973779082298279,3.449899435043335,0.5848227143287659
1819047,0.34665703773498535,0.3635050058364868,0.3635050058364868,3.0858898162841797,0.5943853259086609
1813543,0.35718488693237305,0.9748836755752563,0.9748836755752563,2.9660532474517822,0.5856504440307617
1791173,0.3512284755706787,0.336800217628479,0.336800217628479,3.2520034313201904,0.5879887342453003
1802117,0.35216832160949707,0.35377562046051025,0.35377562046051025,4.48803186416626,0.5880749225616455
1820133,0.37071824073791504,0.32649242877960205,0.32649242877960205,3.543963670730591,0.5938696265220642
1821355,0.3489224910736084,0.3298877775669098,0.3298877775669098,4.037095069885254,0.5905827879905701
1807096,0.3788924217224121,0.38484954833984375,0.38484954833984375,3.2137773036956787,0.5929927229881287
1812371,0.4181981086730957,0.3313973546028137,0.3313973546028137,3.383737802505493,0.5865501761436462
1813679,0.3520841598510742,0.332913875579834,0.332913875579834,3.2233731746673584,0.5934662222862244
1867340,0.3517014980316162,0.4123288094997406,0.4123288094997406,3.3289902210235596,0.5828462839126587
