1366252,0.39763355255126953,0.08747395128011703,0.08747395128011703,6.163481712341309,0.7199641466140747
1366252,0.3615856170654297,0.08747395128011703,0.08747395128011703,6.163481712341309,0.7199641466140747
1366252,0.3846285343170166,0.08747395128011703,0.08747395128011703,6.163481712341309,0.7199641466140747
1436317,0.3719630241394043,0.0874461978673935,0.0874461978673935,4.983631134033203,0.720665454864502
1413462,0.3401198387145996,0.08746811747550964,0.08746811747550964,6.293745994567871,0.7199807167053223
1455348,0.39220213890075684,0.08747474104166031,0.08747474104166031,14.27711296081543,0.7200170159339905
1453054,0.337064266204834,0.0874759629368782,0.0874759629368782,7.405830383300781,0.7198417782783508
1459117,0.37339234352111816,0.08746036887168884,0.08746036887168884,5.15308952331543,0.7196764945983887
1453737,0.36536240577697754,0.08746687322854996,0.08746687322854996,5.279665470123291,0.7198767066001892
1436273,0.34093689918518066,0.0874667838215828,0.0874667838215828,6.64007043838501,0.71980220079422
1449487,0.34380078315734863,0.08746140450239182,0.08746140450239182,7.207566261291504,0.7202253937721252
1452929,0.3479001522064209,0.08747050911188126,0.08747050911188126,5.821090221405029,0.7196896076202393
1451209,0.34035301208496094,0.08746074140071869,0.08746074140071869,8.970112800598145,0.719893753528595
1449977,0.3501279354095459,0.08746176213026047,0.08746176213026047,8.67588996887207,0.7201356887817383
1448036,0.3526453971862793,0.08747676014900208,0.08747676014900208,6.198537826538086,0.7194646000862122
1448240,0.3399057388305664,0.08746535331010818,0.08746535331010818,14.220318794250488,0.7199246883392334
1474123,0.34098172187805176,0.08748535066843033,0.08748535066843033,6.0003252029418945,0.7186609506607056
