902513,0.24753928184509277,0.09303722530603409,0.09303722530603409,13.99194622039795,0.7745431065559387
902513,0.20578908920288086,0.09303722530603409,0.09303722530603409,13.99194622039795,0.7745431065559387
902513,0.21858477592468262,0.09303722530603409,0.09303722530603409,13.99194622039795,0.7745431065559387
942429,0.20124554634094238,0.0935705229640007,0.0935705229640007,11.308050155639648,0.7685984969139099
928790,0.20958256721496582,0.09275874495506287,0.09275874495506287,69.09168243408203,0.7687477469444275
953636,0.20990705490112305,0.09181082993745804,0.09181082993745804,11.38083267211914,0.7629926204681396
953243,0.21000385284423828,0.0925704762339592,0.0925704762339592,18.050350189208984,0.7623889446258545
954005,0.20425724983215332,0.0920182392001152,0.0920182392001152,14.454192161560059,0.7633383274078369
953891,0.20238804817199707,0.09250099956989288,0.09250099956989288,12.698138236999512,0.7676358819007874
944351,0.2069101333618164,0.09915988147258759,0.09915988147258759,9.787236213684082,0.7627072334289551
947578,0.20875000953674316,0.09216398000717163,0.09216398000717163,11.82789421081543,0.7633696794509888
955727,0.20494532585144043,0.09201670438051224,0.09201670438051224,12.614557266235352,0.7621142268180847
956862,0.22016167640686035,0.09226874262094498,0.09226874262094498,12.989234924316406,0.7633060216903687
952125,0.2977433204650879,0.09165111184120178,0.09165111184120178,11.202461242675781,0.761894702911377
957968,0.20441794395446777,0.09256408363580704,0.09256408363580704,9.718363761901855,0.7638330459594727
952456,0.20491480827331543,0.0919116660952568,0.0919116660952568,19.98832893371582,0.7611413598060608
987040,0.20337200164794922,0.09239238500595093,0.09239238500595093,11.047121047973633,0.763684868812561
