4698274,1.7248480319976807,0.05239135026931763,0.05239135026931763,4.739614963531494,0.6150612831115723
4698274,1.952214241027832,0.05239135026931763,0.05239135026931763,4.739614963531494,0.6150612831115723
4698274,1.6196203231811523,0.05239135026931763,0.05239135026931763,4.739614963531494,0.6150612831115723
4999691,1.5172944068908691,0.05093121901154518,0.05093121901154518,3.389193296432495,0.6032039523124695
4912955,1.4287400245666504,0.05137570947408676,0.05137570947408676,4.175792217254639,0.6053343415260315
5098896,1.4134082794189453,0.05179813131690025,0.05179813131690025,3.351508617401123,0.6103076934814453
5060032,1.541696548461914,0.05188124254345894,0.05188124254345894,2.8940656185150146,0.6109933853149414
5089374,1.412609338760376,0.051329560577869415,0.051329560577869415,3.5641746520996094,0.6043925285339355
5092031,1.3707802295684814,0.05127188563346863,0.05127188563346863,5.4039788246154785,0.6046183109283447
5039774,1.6337025165557861,0.05175750330090523,0.05175750330090523,4.270574569702148,0.6103101968765259
5063251,1.4011483192443848,0.05167451500892639,0.05167451500892639,4.128252983093262,0.6097621321678162
5088402,1.4813003540039062,0.05121145769953728,0.05121145769953728,3.5202767848968506,0.6037554144859314
5052945,1.3809936046600342,0.05198086053133011,0.05198086053133011,5.500241756439209,0.6118409037590027
5057703,1.4715204238891602,0.051451344043016434,0.051451344043016434,3.7770349979400635,0.6055739521980286
5046519,1.357306957244873,0.05168766900897026,0.05168766900897026,4.76509428024292,0.6092124581336975
5080511,1.4895455837249756,0.051832158118486404,0.051832158118486404,3.897028923034668,0.6106187105178833
5128503,1.432311773300171,0.051167577505111694,0.051167577505111694,5.828426837921143,0.6029706597328186
5062002,1.4077696800231934,0.05119050666689873,0.05119050666689873,3.877851963043213,0.6035767793655396
