4177501,0.9910988807678223,0.07868961244821548,0.07868961244821548,6.85438871383667,0.5696996450424194
4361887,0.9069192409515381,0.07767627388238907,0.07767627388238907,5.410711288452148,0.5666297674179077
4294703,0.939284086227417,0.08853372931480408,0.08853372931480408,7.58173131942749,0.5664184093475342
4398594,0.8672783374786377,0.07960178703069687,0.07960178703069687,6.868028163909912,0.5638481378555298
4375662,0.8577232360839844,0.07854550331830978,0.07854550331830978,6.837652206420898,0.565534770488739
4392461,0.9066426753997803,0.07817801833152771,0.07817801833152771,8.976788520812988,0.5648435354232788
4392266,0.8577301502227783,0.07779560983181,0.07779560983181,5.908680438995361,0.5650364756584167
4363401,0.8517436981201172,0.07796363532543182,0.07796363532543182,9.973542213439941,0.564311683177948
4358622,0.8461265563964844,0.07803153991699219,0.07803153991699219,5.882585048675537,0.5651938319206238
4398074,0.860980749130249,0.07811867445707321,0.07811867445707321,10.311563491821289,0.5627991557121277
4388886,0.9522547721862793,0.07789520174264908,0.07789520174264908,8.719656944274902,0.5647171139717102
4369227,0.9032111167907715,0.07772623747587204,0.07772623747587204,11.619979858398438,0.5646367073059082
4393227,0.8202059268951416,0.07793878763914108,0.07793878763914108,5.9079060554504395,0.5655234456062317
4381030,0.8348665237426758,0.07876389473676682,0.07876389473676682,6.793966770172119,0.5640835165977478
4493534,0.8298614025115967,0.08252274245023727,0.08252274245023727,6.976624488830566,0.5656874775886536
