6123725,1.7404613494873047,0.06389014422893524,0.06389014422893524,7.740172386169434,0.5609467029571533
6123725,1.8240959644317627,0.06389014422893524,0.06389014422893524,7.740172386169434,0.5609467029571533
6123725,1.6069276332855225,0.06389014422893524,0.06389014422893524,7.740172386169434,0.5609467029571533
6123725,1.4342679977416992,0.06389014422893524,0.06389014422893524,7.740172386169434,0.5609467029571533
6434270,1.5755882263183594,0.06389119476079941,0.06389119476079941,8.382519721984863,0.5611605644226074
6374504,1.3842978477478027,0.0639047622680664,0.0639047622680664,8.085295677185059,0.5611005425453186
6612481,1.4243402481079102,0.06390316039323807,0.06390316039323807,8.063010215759277,0.5610659122467041
6618885,1.6837170124053955,0.0639072135090828,0.0639072135090828,12.571696281433105,0.5611198544502258
6622828,1.6150949001312256,0.063908152282238,0.063908152282238,7.762654781341553,0.5611015558242798
6613560,1.3819222450256348,0.06390725076198578,0.06390725076198578,11.077838897705078,0.5610548257827759
6549281,1.6023895740509033,0.06390701979398727,0.06390701979398727,8.368152618408203,0.5611467957496643
6584694,1.4629755020141602,0.06390486657619476,0.06390486657619476,9.256258964538574,0.561111330986023
6595194,1.5117921829223633,0.06390175223350525,0.06390175223350525,11.48221492767334,0.5611248016357422
6576610,1.7622225284576416,0.06390144675970078,0.06390144675970078,8.329499244689941,0.561126708984375
6576971,1.4566841125488281,0.06390170753002167,0.06390170753002167,11.601710319519043,0.5611392259597778
6533991,1.8193533420562744,0.06390590965747833,0.06390590965747833,7.270997047424316,0.561052680015564
6596372,1.3919589519500732,0.06390542536973953,0.06390542536973953,13.917966842651367,0.5611343383789062
6623238,1.5231974124908447,0.0639069601893425,0.0639069601893425,7.371788501739502,0.5609392523765564
6550987,1.3917155265808105,0.06390676647424698,0.06390676647424698,8.104438781738281,0.5610250234603882
