1373723,0.41773509979248047,0.09808868914842606,0.09808868914842606,8.386754035949707,0.727627694606781
1373723,0.35947227478027344,0.09808868914842606,0.09808868914842606,8.386754035949707,0.727627694606781
1373723,0.36319923400878906,0.09808868914842606,0.09808868914842606,8.386754035949707,0.727627694606781
1446605,0.35039544105529785,0.09790746867656708,0.09790746867656708,7.522083759307861,0.7281203269958496
1428176,0.3608729839324951,0.09794303774833679,0.09794303774833679,6.777339935302734,0.7273115515708923
1467257,0.35845518112182617,0.09794722497463226,0.09794722497463226,8.285326957702637,0.7258322834968567
1466430,0.3562662601470947,0.09785662591457367,0.09785662591457367,7.789279937744141,0.7259089350700378
1474900,0.3391072750091553,0.0980893224477768,0.0980893224477768,13.2293119430542,0.7301884293556213
1470262,0.3914062976837158,0.09805650264024734,0.09805650264024734,13.912253379821777,0.7291584014892578
1453872,0.34459352493286133,0.0979691669344902,0.0979691669344902,7.158367156982422,0.7272613048553467
1466232,0.3461461067199707,0.09796176105737686,0.09796176105737686,10.057234764099121,0.7272753715515137
1461568,0.3470888137817383,0.09822873771190643,0.09822873771190643,8.44173812866211,0.7265335917472839
1462675,0.3447744846343994,0.09853896498680115,0.09853896498680115,5.947022914886475,0.7337610125541687
1464696,0.3524315357208252,0.09788330644369125,0.09788330644369125,14.523892402648926,0.7259344458580017
1460563,0.3518555164337158,0.0978342667222023,0.0978342667222023,8.25758171081543,0.7256031632423401
1463930,0.35372042655944824,0.0980190634727478,0.0980190634727478,6.906310558319092,0.7281432747840881
1487046,0.3919670581817627,0.09834466874599457,0.09834466874599457,10.102395057678223,0.7316158413887024
