7432857,1.9267773628234863,0.5125305652618408,0.5125305652618408,2.5840814113616943,0.45132964849472046
7432857,1.8952350616455078,0.5125305652618408,0.5125305652618408,2.5840814113616943,0.45132964849472046
7432857,1.7493627071380615,0.5125305652618408,0.5125305652618408,2.5840814113616943,0.45132964849472046
7860862,1.5127108097076416,0.4196664094924927,0.4196664094924927,2.515690565109253,0.45165786147117615
7789418,1.5296711921691895,0.445382297039032,0.445382297039032,3.8889734745025635,0.45105481147766113
8009975,1.6198132038116455,0.42642009258270264,0.42642009258270264,3.0054092407226562,0.45096704363822937
8003350,1.7041029930114746,0.5354122519493103,0.5354122519493103,2.4483139514923096,0.4509119689464569
8010702,1.4875128269195557,0.49758806824684143,0.49758806824684143,2.2165353298187256,0.4510725140571594
8003185,1.7867140769958496,0.4392344057559967,0.4392344057559967,2.679297685623169,0.4508276581764221
7940748,1.5087945461273193,0.4232986867427826,0.4232986867427826,3.5509462356567383,0.45093002915382385
7983518,1.524440050125122,0.5105143189430237,0.5105143189430237,2.1221675872802734,0.45101693272590637
7992314,1.4950792789459229,0.4228893518447876,0.4228893518447876,3.0059146881103516,0.4508233964443207
7976026,1.5221679210662842,inf,inf,2.3313963413238525,0.4509130120277405
7975379,1.4767539501190186,0.46463504433631897,0.46463504433631897,2.4019811153411865,0.4510840177536011
7947069,1.4676463603973389,0.46549516916275024,0.46549516916275024,2.784613609313965,0.45088398456573486
7982684,1.4614810943603516,inf,inf,2.3303751945495605,0.45090746879577637
8029629,1.4599344730377197,0.42549920082092285,0.42549920082092285,1.6431682109832764,0.45931723713874817
