1471297,0.349109411239624,0.06342614442110062,0.06342614442110062,5.023374557495117,0.5862246751785278
1471297,0.37419676780700684,0.06342614442110062,0.06342614442110062,5.023374557495117,0.5862246751785278
1471297,0.3673434257507324,0.06342614442110062,0.06342614442110062,5.023374557495117,0.5862246751785278
1548054,0.34973764419555664,0.06342826783657074,0.06342826783657074,5.288637638092041,0.5862810611724854
1522784,0.357407808303833,0.06343638151884079,0.06343638151884079,5.151865482330322,0.5861639380455017
1569996,0.3501129150390625,0.0634421706199646,0.0634421706199646,5.283760070800781,0.5858229398727417
1568573,0.3583409786224365,0.06343387067317963,0.06343387067317963,7.592869281768799,0.5856705904006958
1573822,0.34432268142700195,0.06343629211187363,0.06343629211187363,3.975961208343506,0.5858168601989746
1568862,0.5196807384490967,0.06344369798898697,0.06344369798898697,5.278463840484619,0.586033821105957
1551068,0.35190343856811523,0.06344644725322723,0.06344644725322723,4.667476654052734,0.5858618021011353
1562828,0.35285496711730957,0.0634504035115242,0.0634504035115242,4.3100996017456055,0.5860901474952698
1566578,0.3746602535247803,0.0634499192237854,0.0634499192237854,6.9250807762146,0.5857799053192139
1565181,0.3514430522918701,0.06345218420028687,0.06345218420028687,5.616515159606934,0.5859848260879517
1564991,0.3485405445098877,0.06344103813171387,0.06344103813171387,3.494570016860962,0.5859599113464355
1560153,0.3664839267730713,0.06344996392726898,0.06344996392726898,6.095919609069824,0.5856814384460449
1563388,0.46738624572753906,0.0634443610906601,0.0634443610906601,5.328407287597656,0.585659384727478
1589221,0.3507108688354492,0.06345053017139435,0.06345053017139435,5.377966403961182,0.5851908922195435
