3366443,1.044651985168457,0.10630281269550323,0.10630281269550323,14.442307472229004,0.7053078413009644
3532065,0.8788483142852783,0.10534527897834778,0.10534527897834778,12.534374237060547,0.7031535506248474
3479165,0.961247444152832,0.10483287274837494,0.10483287274837494,11.075091361999512,0.703093945980072
3569914,0.9829940795898438,0.10207054018974304,0.10207054018974304,12.490933418273926,0.7006769180297852
3547795,0.876223087310791,0.10395527631044388,0.10395527631044388,12.90540885925293,0.7023378014564514
3564521,0.9163131713867188,0.16612699627876282,0.16612699627876282,13.541583061218262,0.7019263505935669
3558599,0.854428768157959,0.10305247455835342,0.10305247455835342,10.597505569458008,0.7024005055427551
3540303,0.8717551231384277,0.10299193859100342,0.10299193859100342,16.92588996887207,0.7010230422019958
3538032,0.8953521251678467,0.10313617438077927,0.10313617438077927,21.09893035888672,0.7019369006156921
3579566,0.876441240310669,0.10666724294424057,0.10666724294424057,11.458069801330566,0.7005859017372131
3560113,0.8782851696014404,0.10590752214193344,0.10590752214193344,11.053824424743652,0.7012436985969543
3557988,0.8794505596160889,0.10278107970952988,0.10278107970952988,12.394831657409668,0.7015707492828369
3562910,0.8665423393249512,0.10854146629571915,0.10854146629571915,12.58106517791748,0.7020014524459839
3556904,0.9101650714874268,0.10355333983898163,0.10355333983898163,14.210415840148926,0.7004183530807495
3639990,0.9276487827301025,0.1945589780807495,0.1945589780807495,13.33633041381836,0.7028703689575195
