627479,0.2076704502105713,0.08501578867435455,0.08501578867435455,3.8200206756591797,0.6998047828674316
627479,0.20563268661499023,0.08501578867435455,0.08501578867435455,3.8200206756591797,0.6998047828674316
627479,0.19918608665466309,0.08501578867435455,0.08501578867435455,3.8200206756591797,0.6998047828674316
653869,0.20368170738220215,0.08463099598884583,0.08463099598884583,10.362740516662598,0.6993827819824219
644374,0.19551563262939453,0.08221902698278427,0.08221902698278427,4.249031066894531,0.6957795023918152
658819,0.1967778205871582,0.08762633800506592,0.08762633800506592,4.32056188583374,0.6988586187362671
659634,0.19855952262878418,0.10339394211769104,0.10339394211769104,8.209630012512207,0.6986081600189209
661189,0.1917884349822998,0.0874502956867218,0.0874502956867218,4.402149200439453,0.698043704032898
661599,0.20149946212768555,0.08851855993270874,0.08851855993270874,4.445773601531982,0.6987648606300354
651237,0.1965491771697998,0.08765444904565811,0.08765444904565811,3.789041519165039,0.6985055804252625
655429,0.2027571201324463,0.08510387688875198,0.08510387688875198,5.5150227546691895,0.6987237930297852
659707,0.19834423065185547,0.0836338996887207,0.0836338996887207,4.873739242553711,0.6982333660125732
662069,0.19543218612670898,0.08291961252689362,0.08291961252689362,5.388859272003174,0.6975170969963074
656606,0.1934354305267334,0.08707311749458313,0.08707311749458313,6.095108509063721,0.6982409954071045
658634,0.20390892028808594,0.08497555553913116,0.08497555553913116,4.329942226409912,0.6978824734687805
657287,0.1984419822692871,0.08429113030433655,0.08429113030433655,5.779755115509033,0.6978045701980591
679877,0.19275403022766113,0.08410434424877167,0.08410434424877167,4.036463260650635,0.6969361901283264
