1329816,0.37725210189819336,0.13507606089115143,0.13507606089115143,10.332584381103516,0.8256978392601013
1370799,0.369783878326416,0.1337200403213501,0.1337200403213501,14.116606712341309,0.820059061050415
1358307,0.35404205322265625,0.1338387131690979,0.1338387131690979,13.789368629455566,0.8194147348403931
1394618,0.36252474784851074,0.13325901329517365,0.13325901329517365,923.1934814453125,0.8137083053588867
1387132,0.3672049045562744,0.13394847512245178,0.13394847512245178,13.169944763183594,0.8161725997924805
1386272,0.3476419448852539,0.13389648497104645,0.13389648497104645,12.326221466064453,0.8151399493217468
1394692,0.3527195453643799,0.133881613612175,0.133881613612175,9.725992202758789,0.8165377974510193
1379805,0.3411252498626709,0.13333085179328918,0.13333085179328918,9.097391128540039,0.8141511082649231
1377241,0.3539562225341797,0.1338445097208023,0.1338445097208023,32.67802810668945,0.8147934079170227
1397289,0.33699750900268555,0.13315387070178986,0.13315387070178986,10.516508102416992,0.8142169117927551
1391889,0.33301877975463867,0.13375726342201233,0.13375726342201233,14.675582885742188,0.8135616183280945
1383717,0.3381824493408203,0.13362805545330048,0.13362805545330048,16.094711303710938,0.8143125176429749
1394706,0.33861470222473145,0.13379932940006256,0.13379932940006256,11.28265380859375,0.8153847455978394
1387405,0.33936190605163574,0.13314582407474518,0.13314582407474518,17.400279998779297,0.8136652708053589
1440916,0.3366889953613281,0.13427577912807465,0.13427577912807465,10.45409870147705,0.8191240429878235
