1793592,0.8803801536560059,0.05566628649830818,0.05566628649830818,3.1708807945251465,0.613689124584198
1793592,0.860353946685791,0.05566628649830818,0.05566628649830818,3.1708807945251465,0.613689124584198
1793592,0.8518986701965332,0.05566628649830818,0.05566628649830818,3.1708807945251465,0.613689124584198
1880141,0.782423734664917,0.054916106164455414,0.054916106164455414,3.7647430896759033,0.607778787612915
1852376,0.7552158832550049,0.05580494552850723,0.05580494552850723,10.05706787109375,0.6168054342269897
1906830,0.9060013294219971,0.0553126186132431,0.0553126186132431,4.44584321975708,0.6116121411323547
1899298,0.7246005535125732,0.05561668798327446,0.05561668798327446,5.694447994232178,0.6152737140655518
1907962,0.7521576881408691,0.055593591183423996,0.055593591183423996,2.7992382049560547,0.6152514219284058
1900631,0.7116689682006836,0.05568470060825348,0.05568470060825348,2.8681578636169434,0.6161778569221497
1883795,0.8143386840820312,0.05579208582639694,0.05579208582639694,4.3858747482299805,0.6159055233001709
1898024,0.7143514156341553,0.05573583021759987,0.05573583021759987,2.8216235637664795,0.6170535087585449
1900402,0.7671301364898682,0.05522838979959488,0.05522838979959488,4.096120834350586,0.6109546422958374
1899673,0.7226922512054443,0.05561178922653198,0.05561178922653198,2.89789080619812,0.615290641784668
1906240,0.7684404850006104,0.0548844151198864,0.0548844151198864,3.7273292541503906,0.6076250672340393
1891769,0.7276148796081543,0.055608171969652176,0.055608171969652176,2.860752820968628,0.6151100397109985
1901446,0.7565901279449463,0.05493634194135666,0.05493634194135666,4.057024955749512,0.6080323457717896
1928044,0.7176945209503174,0.05539168789982796,0.05539168789982796,4.172704696655273,0.6121278405189514
