3224076,1.0678741931915283,2.330376148223877,2.330376148223877,4.041387557983398,0.6957756876945496
3224076,1.1086091995239258,2.330376148223877,2.330376148223877,4.041387557983398,0.6957756876945496
3224076,0.9064140319824219,2.330376148223877,2.330376148223877,4.041387557983398,0.6957756876945496
3401363,1.0491383075714111,2.255295515060425,2.255295515060425,6.4433722496032715,0.6959235072135925
3350791,0.8347923755645752,2.1002895832061768,2.1002895832061768,4.380014419555664,0.6956417560577393
3433221,0.9682285785675049,2.41413950920105,2.41413950920105,3.369213581085205,0.6952816843986511
3431163,0.7769615650177002,2.279855489730835,2.279855489730835,3.398761749267578,0.6949665546417236
3442540,0.8505828380584717,2.1556951999664307,2.1556951999664307,3.2918083667755127,0.6952285766601562
3431795,0.7673132419586182,inf,inf,3.024752378463745,0.6950362920761108
3397001,0.7759566307067871,2.892961025238037,2.892961025238037,3.6674060821533203,0.6952723264694214
3424575,0.850562334060669,1.9568243026733398,1.9568243026733398,3.048785924911499,0.6956474781036377
3431206,0.7925572395324707,3.00704288482666,3.00704288482666,3.3845388889312744,0.6946836709976196
3429314,0.7551958560943604,2.1820685863494873,2.1820685863494873,3.7484500408172607,0.6953586935997009
3422193,0.7724792957305908,2.253838300704956,2.253838300704956,3.8049967288970947,0.6958822011947632
3423858,0.7680585384368896,2.4448764324188232,2.4448764324188232,6.781906604766846,0.6947631239891052
3420441,0.7677068710327148,1.9986313581466675,1.9986313581466675,3.4592931270599365,0.6947799324989319
3483033,0.8061552047729492,3.0458080768585205,3.0458080768585205,4.0290398597717285,0.693871796131134
