696940,0.25826120376586914,0.06658856570720673,0.06658856570720673,4.765422344207764,0.6606303453445435
696940,0.20912456512451172,0.06658856570720673,0.06658856570720673,4.765422344207764,0.6606303453445435
696940,0.2228696346282959,0.06658856570720673,0.06658856570720673,4.765422344207764,0.6606303453445435
726654,0.19986820220947266,0.06665904074907303,0.06665904074907303,5.160675048828125,0.6604136228561401
714549,0.20393776893615723,0.06664660573005676,0.06664660573005676,5.154348373413086,0.6589578986167908
733302,0.19450902938842773,0.066656693816185,0.066656693816185,7.030975341796875,0.6597540378570557
735100,0.20328927040100098,0.06670436263084412,0.06670436263084412,5.575072288513184,0.65993332862854
734752,0.19492149353027344,0.06672848761081696,0.06672848761081696,4.14699125289917,0.6598775386810303
736100,0.20758271217346191,0.06664693355560303,0.06664693355560303,15.323214530944824,0.659588634967804
723645,0.1998767852783203,0.06665372848510742,0.06665372848510742,3.4123806953430176,0.6605250239372253
729441,0.20341753959655762,0.06670989096164703,0.06670989096164703,4.137328147888184,0.6605396866798401
734668,0.19965195655822754,0.06672202050685883,0.06672202050685883,3.913382053375244,0.6597662568092346
736917,0.19637107849121094,0.06661788374185562,0.06661788374185562,4.083224773406982,0.6595957279205322
730810,0.20380592346191406,0.06664223968982697,0.06664223968982697,3.9845783710479736,0.6599364876747131
733570,0.20200729370117188,0.0666782557964325,0.0666782557964325,4.2551655769348145,0.6604047417640686
732076,0.19943594932556152,0.06665213406085968,0.06665213406085968,5.8985466957092285,0.659782886505127
760275,0.19336509704589844,0.06671208888292313,0.06671208888292313,5.308878421783447,0.6595758199691772
