767950,0.2268383502960205,0.10818356275558472,0.10818356275558472,40.6745491027832,0.8568843007087708
767950,0.21390056610107422,0.10818356275558472,0.10818356275558472,40.6745491027832,0.8568843007087708
767950,0.2135448455810547,0.10818356275558472,0.10818356275558472,40.6745491027832,0.8568843007087708
791307,0.20813608169555664,0.11028928309679031,0.11028928309679031,15.10579776763916,0.8515258431434631
782108,0.20424962043762207,0.10915938019752502,0.10915938019752502,37.12009811401367,0.8502213358879089
803460,0.20527148246765137,0.12880994379520416,0.12880994379520416,19.460630416870117,0.8463548421859741
800173,0.20779013633728027,0.12294666469097137,0.12294666469097137,11.8578462600708,0.8486350774765015
801257,0.20250606536865234,0.11028502136468887,0.11028502136468887,15.182250022888184,0.8473852276802063
805776,0.21227264404296875,0.11014309525489807,0.11014309525489807,19.31691551208496,0.8482750058174133
796255,0.209458589553833,0.13473857939243317,0.13473857939243317,52.856571197509766,0.8459111452102661
793917,0.2789154052734375,0.11152912676334381,0.11152912676334381,18.582359313964844,0.8478798270225525
804880,0.20223045349121094,0.11452505737543106,0.11452505737543106,15.408514022827148,0.8456917405128479
803751,0.1979529857635498,0.11233524978160858,0.11233524978160858,17.598737716674805,0.8459975719451904
800731,0.20079851150512695,0.11344090104103088,0.11344090104103088,302.1244812011719,0.8463732600212097
805339,0.21089982986450195,0.10870373994112015,0.10870373994112015,30.51295280456543,0.8481875061988831
799778,0.20595121383666992,0.11272544413805008,0.11272544413805008,13.760627746582031,0.8459643125534058
830415,0.20002412796020508,0.11243478208780289,0.11243478208780289,19.638166427612305,0.8491818308830261
