7888472,1.8913185596466064,0.7360994219779968,0.7360994219779968,1.6390069723129272,0.4238341152667999
7888472,1.809652328491211,0.7360994219779968,0.7360994219779968,1.6390069723129272,0.4238341152667999
7888472,1.7282555103302002,0.7360994219779968,0.7360994219779968,1.6390069723129272,0.4238341152667999
8354704,1.6822309494018555,0.583541750907898,0.583541750907898,2.826726198196411,0.41952094435691833
8277425,1.5421674251556396,0.6992085576057434,0.6992085576057434,1.7580746412277222,0.41874995827674866
8505884,1.5544812679290771,0.6866995692253113,0.6866995692253113,1.501766324043274,0.42886459827423096
8491917,1.7079474925994873,0.7364193201065063,0.7364193201065063,2.332045078277588,0.41883575916290283
8509222,1.5040853023529053,0.6059679388999939,0.6059679388999939,4.7615885734558105,0.4289977252483368
8482957,1.758086919784546,0.6332184076309204,0.6332184076309204,1.9455504417419434,0.4300045371055603
8402912,1.6399414539337158,inf,inf,1.7329676151275635,0.4275830388069153
8473579,1.5651881694793701,inf,inf,1.9360092878341675,0.418574720621109
8477065,2.0534675121307373,0.556213915348053,0.556213915348053,2.211418628692627,0.419670432806015
8473649,1.5152711868286133,0.5966864824295044,0.5966864824295044,2.157393217086792,0.42159637808799744
8474105,1.7103948593139648,0.5354882478713989,0.5354882478713989,6.304708480834961,0.42769938707351685
8419175,1.536576509475708,0.6327345371246338,0.6327345371246338,1.8305249214172363,0.4324530065059662
8474540,1.5036509037017822,0.5973591208457947,0.5973591208457947,2.0220401287078857,0.42683276534080505
8517360,1.6617250442504883,inf,inf,1.8032883405685425,0.41944825649261475
