2355716,0.8720402717590332,0.07879076898097992,0.07879076898097992,5.470522880554199,0.6747840642929077
2355716,0.8927361965179443,0.07879076898097992,0.07879076898097992,5.470522880554199,0.6747840642929077
2355716,0.9282724857330322,0.07879076898097992,0.07879076898097992,5.470522880554199,0.6747840642929077
2470670,0.7874963283538818,0.07879339903593063,0.07879339903593063,5.290136337280273,0.6752049922943115
2421276,0.7287023067474365,0.07880383729934692,0.07880383729934692,6.464362144470215,0.6749255657196045
2493994,0.7788419723510742,0.07881603389978409,0.07881603389978409,6.11859655380249,0.6746622323989868
2485962,0.7211153507232666,0.07883236557245255,0.07883236557245255,5.203124046325684,0.6748688817024231
2501297,0.7506673336029053,0.07882022112607956,0.07882022112607956,10.589436531066895,0.675114631652832
2489337,0.7372775077819824,0.07882819324731827,0.07882819324731827,12.304485321044922,0.6749476194381714
2461683,0.7378747463226318,0.07881977409124374,0.07881977409124374,6.235269069671631,0.6748801469802856
2477505,0.7431223392486572,0.07883795350790024,0.07883795350790024,4.607345104217529,0.6749405264854431
2487850,0.7377910614013672,0.07881064713001251,0.07881064713001251,5.146294593811035,0.6749261021614075
2487853,0.7317767143249512,0.07882135361433029,0.07882135361433029,6.054306983947754,0.6748687028884888
2481903,0.7304940223693848,0.07881764322519302,0.07881764322519302,5.006349563598633,0.6751208305358887
2479891,0.7433516979217529,0.07882494479417801,0.07882494479417801,17.61810874938965,0.6748402714729309
2481563,0.7524151802062988,0.07882647961378098,0.07882647961378098,11.88999080657959,0.6749447584152222
2534991,0.8168253898620605,0.07883500307798386,0.07883500307798386,6.921774387359619,0.674038827419281
