2818479,0.9370012283325195,1.3258960247039795,1.3258960247039795,4.398810386657715,0.7348026633262634
2818479,0.9382021427154541,1.3258960247039795,1.3258960247039795,4.398810386657715,0.7348026633262634
2818479,0.9375724792480469,1.3258960247039795,1.3258960247039795,4.398810386657715,0.7348026633262634
2968309,0.7724542617797852,1.0005630254745483,1.0005630254745483,8.574531555175781,0.7350530028343201
2921461,0.8917725086212158,0.9430413842201233,0.9430413842201233,4.4031453132629395,0.7348741888999939
3002327,0.7701780796051025,1.0223968029022217,1.0223968029022217,6.1819539070129395,0.7343475222587585
2998695,0.8404417037963867,1.2276220321655273,1.2276220321655273,6.332574367523193,0.7341309785842896
3010842,0.7493479251861572,1.0941885709762573,1.0941885709762573,4.695208549499512,0.7345706820487976
2999705,0.7909722328186035,inf,inf,5.010292053222656,0.7344667315483093
2968121,0.7506413459777832,0.9889404773712158,0.9889404773712158,4.890866756439209,0.734389066696167
2992048,0.9841804504394531,1.3512482643127441,1.3512482643127441,5.623214244842529,0.7347660064697266
2998057,0.7460784912109375,1.0065479278564453,1.0065479278564453,3.9411861896514893,0.7342017889022827
2997401,0.7625961303710938,1.0690900087356567,1.0690900087356567,5.332839012145996,0.7346981167793274
2991937,0.7741987705230713,1.0526529550552368,1.0526529550552368,6.76320219039917,0.7350174784660339
2989199,0.7592451572418213,1.0824050903320312,1.0824050903320312,6.048411846160889,0.7341557741165161
2990216,0.7797014713287354,0.96404629945755,0.96404629945755,4.743841648101807,0.734396755695343
3046243,0.7565853595733643,1.0011091232299805,1.0011091232299805,3.955174446105957,0.7334749102592468
