3498344,0.8980717658996582,0.06810498982667923,0.06810498982667923,1.2947237491607666,0.3935248851776123
3498344,0.9336264133453369,0.06810498982667923,0.06810498982667923,1.2947237491607666,0.3935248851776123
3498344,0.9197018146514893,0.06810498982667923,0.06810498982667923,1.2947237491607666,0.3935248851776123
3684749,0.7626907825469971,0.06811158359050751,0.06811158359050751,1.5188297033309937,0.39361169934272766
3639603,0.7675275802612305,0.06811531633138657,0.06811531633138657,1.1250184774398804,0.39314016699790955
3740847,0.8397150039672852,0.06812389940023422,0.06812389940023422,1.919467568397522,0.39308518171310425
3737188,0.7814881801605225,0.0681144967675209,0.0681144967675209,1.2853554487228394,0.3930533230304718
3748512,0.8635401725769043,0.06812364608049393,0.06812364608049393,1.4226154088974,0.39291855692863464
3736132,0.820681095123291,0.0681353434920311,0.0681353434920311,1.4087821245193481,0.39308708906173706
3702969,0.7709999084472656,0.06811743229627609,0.06811743229627609,1.4361963272094727,0.39321160316467285
3730045,0.7950496673583984,0.06812551617622375,0.06812551617622375,1.368931770324707,0.39307305216789246
3733898,0.8098032474517822,0.06812207400798798,0.06812207400798798,1.2015283107757568,0.39296600222587585
3729067,0.7877585887908936,0.0681227371096611,0.0681227371096611,1.0951859951019287,0.39320752024650574
3728897,0.7761311531066895,0.06811805069446564,0.06811805069446564,1.1525944471359253,0.3932837247848511
3719227,0.8125243186950684,0.06811992079019547,0.06811992079019547,2.1915128231048584,0.39314261078834534
3724059,0.8042984008789062,0.06812024116516113,0.06812024116516113,1.486210584640503,0.39311912655830383
3777926,0.7912671566009521,0.06811616569757462,0.06811616569757462,1.3018484115600586,0.39269548654556274
