1266188,0.3556041717529297,0.07242094725370407,0.07242094725370407,6.182995796203613,0.6563992500305176
1266188,0.42926502227783203,0.07242094725370407,0.07242094725370407,6.182995796203613,0.6563992500305176
1266188,0.3915095329284668,0.07242094725370407,0.07242094725370407,6.182995796203613,0.6563992500305176
1329097,0.3618438243865967,0.0724116861820221,0.0724116861820221,11.227396011352539,0.6559724807739258
1305906,0.528008222579956,0.07241450250148773,0.07241450250148773,19.138568878173828,0.656126081943512
1347474,0.3700544834136963,0.07240808010101318,0.07240808010101318,18.4039306640625,0.6560715436935425
1346127,0.3474435806274414,0.07241441309452057,0.07241441309452057,5.223856449127197,0.6558197736740112
1350814,0.36853814125061035,0.0724177211523056,0.0724177211523056,6.95381498336792,0.6558449864387512
1345063,0.34693384170532227,0.07241524755954742,0.07241524755954742,6.440139293670654,0.6560753583908081
1328502,0.3913149833679199,0.07239945232868195,0.07239945232868195,8.018966674804688,0.655717670917511
1339713,0.3755340576171875,0.07241141051054001,0.07241141051054001,7.2519211769104,0.656295120716095
1344229,0.35364413261413574,0.07241598516702652,0.07241598516702652,6.90539026260376,0.6559746861457825
1343502,0.33023762702941895,0.07240365445613861,0.07240365445613861,6.526534557342529,0.6560815572738647
1339882,0.3796818256378174,0.07241383194923401,0.07241383194923401,8.580794334411621,0.6563273072242737
1338637,0.3367788791656494,0.07241962105035782,0.07241962105035782,9.949429512023926,0.6557822823524475
1340093,0.3392012119293213,0.07239773124456406,0.07239773124456406,7.721210956573486,0.6560307145118713
1369245,0.35370802879333496,0.07240980863571167,0.07240980863571167,8.79940414428711,0.6550115346908569
