6143819,4.41702127456665,0.07753899693489075,0.07753899693489075,7.425779819488525,0.753000020980835
6143819,3.8652451038360596,0.07753899693489075,0.07753899693489075,7.425779819488525,0.753000020980835
6143819,3.9782068729400635,0.07753899693489075,0.07753899693489075,7.425779819488525,0.753000020980835
6143819,4.049028396606445,0.07753899693489075,0.07753899693489075,7.425779819488525,0.753000020980835
6424448,3.6344566345214844,0.07898980379104614,0.07898980379104614,5.177450656890869,0.762782871723175
6334755,3.7195301055908203,0.07720543444156647,0.07720543444156647,4.081528663635254,0.7544867396354675
6668538,3.7432897090911865,0.0774182677268982,0.0774182677268982,4.902458667755127,0.7554765343666077
6668491,3.614119529724121,0.07922323793172836,0.07922323793172836,4.792861461639404,0.7666652798652649
6684490,3.619828224182129,0.07741415500640869,0.07741415500640869,5.393661022186279,0.7554008960723877
6639708,3.435598373413086,0.07743305712938309,0.07743305712938309,4.176420211791992,0.7535725831985474
6554257,3.7272422313690186,0.07747717201709747,0.07747717201709747,5.651144027709961,0.7534206509590149
6656535,3.7304792404174805,0.07938774675130844,0.07938774675130844,6.204722881317139,0.7647475004196167
6638000,3.3897898197174072,0.078506700694561,0.078506700694561,5.309107303619385,0.762955904006958
6630095,3.450845956802368,0.07951175421476364,0.07951175421476364,6.759766578674316,0.7660931348800659
6638621,3.3499209880828857,0.07935244590044022,0.07935244590044022,23.56396484375,0.7647632956504822
6554876,3.4236390590667725,0.07744760066270828,0.07744760066270828,4.323637962341309,0.7559100985527039
6669937,3.6916801929473877,0.07883141934871674,0.07883141934871674,5.193474292755127,0.761398196220398
6694511,3.3694217205047607,0.07882896065711975,0.07882896065711975,6.269008159637451,0.7613165974617004
6579432,3.318328380584717,0.0778137594461441,0.0778137594461441,4.730217456817627,0.7576674222946167
8033505,3.688711643218994,0.08575183153152466,0.08575183153152466,6.436169624328613,0.7629994750022888
