2714418,0.8809018135070801,0.04392491653561592,0.04392491653561592,3.4292874336242676,0.5387231707572937
2714418,0.8956468105316162,0.04392491653561592,0.04392491653561592,3.4292874336242676,0.5387231707572937
2714418,0.8586015701293945,0.04392491653561592,0.04392491653561592,3.4292874336242676,0.5387231707572937
2882562,0.78096604347229,0.04297756031155586,0.04297756031155586,7.377323150634766,0.5309518575668335
2849210,0.8322572708129883,0.042763564735651016,0.042763564735651016,3.924171209335327,0.5274176597595215
2927428,0.7402949333190918,0.04282589256763458,0.04282589256763458,3.1485848426818848,0.5296381711959839
2920327,0.820457935333252,0.042775627225637436,0.042775627225637436,2.8349287509918213,0.5298624634742737
2941748,0.7494940757751465,0.042551200836896896,0.042551200836896896,4.835394859313965,0.5255802273750305
2924686,0.7995047569274902,0.042733851820230484,0.042733851820230484,4.144784927368164,0.5271533727645874
2889565,0.75431227684021,0.04272933304309845,0.04272933304309845,2.6917648315429688,0.529623806476593
2913381,0.7594730854034424,0.04284549877047539,0.04284549877047539,4.683980941772461,0.5309652090072632
2918757,0.7675027847290039,0.04284970089793205,0.04284970089793205,4.881338119506836,0.5306591391563416
2925211,0.746222734451294,0.04284903407096863,0.04284903407096863,5.3063645362854,0.5301620364189148
2907672,0.7468039989471436,0.04292454943060875,0.04292454943060875,3.936990737915039,0.531239926815033
2918486,0.7784545421600342,0.042781807482242584,0.042781807482242584,3.0949041843414307,0.5297159552574158
2903193,0.7733721733093262,0.042937006801366806,0.042937006801366806,3.1083579063415527,0.5311187505722046
2961381,0.7431800365447998,0.04314245283603668,0.04314245283603668,4.220787525177002,0.5303518772125244
