588412,0.21016740798950195,0.13304898142814636,0.13304898142814636,19.34433364868164,0.9193789958953857
588412,0.19272828102111816,0.13304898142814636,0.13304898142814636,19.34433364868164,0.9193789958953857
588412,0.20164275169372559,0.13304898142814636,0.13304898142814636,19.34433364868164,0.9193789958953857
613463,0.2110590934753418,0.13307122886180878,0.13307122886180878,36.27214050292969,0.9204879999160767
604223,0.21472644805908203,0.13311950862407684,0.13311950862407684,16.535327911376953,0.9191350340843201
618831,0.19180965423583984,0.13312123715877533,0.13312123715877533,19.025798797607422,0.9201682806015015
619467,0.2007737159729004,0.13314060866832733,0.13314060866832733,13.45337963104248,0.919198215007782
622818,0.20007658004760742,0.13309328258037567,0.13309328258037567,14.645306587219238,0.9193355441093445
621518,0.20173120498657227,0.1331171691417694,0.1331171691417694,27.120290756225586,0.9198976159095764
612507,0.19708800315856934,0.1330767571926117,0.1330767571926117,19.443397521972656,0.9201706051826477
618245,0.20411372184753418,0.1331106424331665,0.1331106424331665,12.809616088867188,0.9199774265289307
620549,0.21067142486572266,0.13309910893440247,0.13309910893440247,18.85788917541504,0.9196305274963379
620803,0.19460201263427734,0.13309746980667114,0.13309746980667114,16.261396408081055,0.919363796710968
616592,0.19202685356140137,0.13309404253959656,0.13309404253959656,13.522550582885742,0.9201577305793762
617795,0.1997544765472412,0.13306833803653717,0.13306833803653717,69.90007781982422,0.9193804264068604
618466,0.19591760635375977,0.13307128846645355,0.13307128846645355,17.91745948791504,0.919603168964386
634985,0.1949779987335205,0.13314035534858704,0.13314035534858704,50.580177307128906,0.9180814027786255
