3012955,0.9200582504272461,inf,inf,3.177478790283203,0.7180323600769043
3012955,0.9669833183288574,inf,inf,3.177478790283203,0.7180323600769043
3012955,0.9031350612640381,inf,inf,3.177478790283203,0.7180323600769043
3176290,0.7573573589324951,inf,inf,2.9190499782562256,0.719444751739502
3126005,0.7603411674499512,1.3107413053512573,1.3107413053512573,6.396139621734619,0.7187163829803467
3209194,0.9630162715911865,inf,inf,3.3768954277038574,0.7183572053909302
3205997,0.758929967880249,inf,inf,3.6079599857330322,0.718485414981842
3218409,0.7577338218688965,1.2729194164276123,1.2729194164276123,3.5683445930480957,0.7184284925460815
3207615,0.852776050567627,1.5907316207885742,1.5907316207885742,3.8406779766082764,0.7180318832397461
3173665,0.7647550106048584,1.3480350971221924,1.3480350971221924,5.0843825340271,0.718368649482727
3198145,0.7603414058685303,1.4892618656158447,1.4892618656158447,4.151099681854248,0.7185191512107849
3205959,0.7673418521881104,1.3168286085128784,1.3168286085128784,2.981411933898926,0.7182721495628357
3205000,0.830521821975708,1.3990108966827393,1.3990108966827393,3.262519121170044,0.7187172770500183
3199934,0.9798579216003418,1.5679770708084106,1.5679770708084106,3.2774817943573,0.7187803983688354
3196942,0.7507534027099609,inf,inf,3.8929247856140137,0.7182030081748962
3197760,0.7587490081787109,1.694615125656128,1.694615125656128,2.945910930633545,0.719160795211792
3254032,0.7713356018066406,1.318680763244629,1.318680763244629,3.3926846981048584,0.7175041437149048
