person 0.5983492732048035 375 290 391 320
person 0.7370622754096985 1106 280 1127 306
person 0.4192810654640198 1023 268 1062 292
person 0.9381836652755737 1070 239 1084 258
car 0.9585968255996704 209 368 310 422
car 0.9632179141044617 114 380 186 428
car 0.9535227417945862 832 284 904 342
car 0.9900665283203125 622 133 651 157
car 0.9863573312759399 640 157 673 184
car 0.6693431735038757 1029 303 1074 330
traffic_light 0.43502748012542725 1143 315 1161 338
traffic_light 0.5263697504997253 828 217 864 246
traffic_light 0.5013949275016785 510 178 531 226
traffic_light 0.9723782539367676 410 300 433 349
traffic_light 0.935853898525238 414 330 436 358
