person 0.6043306589126587 1105 280 1126 304
person 0.6558402180671692 1153 424 1178 468
person 0.9579247236251831 1071 237 1084 255
car 0.8621768951416016 641 250 709 329
car 0.9231836795806885 209 368 309 421
car 0.957797646522522 962 439 1033 517
car 0.9404739141464233 113 381 186 427
car 0.8520422577857971 590 365 655 470
car 0.996967613697052 586 118 616 142
car 0.9298946857452393 663 94 692 121
car 0.9883021712303162 601 162 635 195
car 0.8913481831550598 790 223 848 273
car 0.7731226682662964 1018 267 1066 293
car 0.9932664632797241 621 131 653 159
car 0.9915257096290588 642 157 674 183
traffic_light 0.48277345299720764 1143 314 1161 336
