person 0.452141672372818 1141 313 1159 337
person 0.8582077026367188 864 189 882 214
person 0.43669068813323975 711 193 741 223
car 0.9936099648475647 525 293 643 356
car 0.976161777973175 271 365 372 420
car 0.9816107749938965 561 161 587 191
car 0.9515770077705383 925 319 987 376
car 0.9064003825187683 174 500 306 574
car 0.9315261244773865 175 431 281 499
car 0.9673733711242676 68 434 141 490
car 0.8748013973236084 851 472 930 606
car 0.9013175964355469 822 206 879 233
car 0.9870376586914062 491 201 529 230
car 0.9840055704116821 1 400 52 436
car 0.4923635721206665 708 203 741 230
traffic_light 0.8105846047401428 1069 239 1082 258
traffic_light 0.8835552930831909 1105 274 1119 294
