person 0.5439614057540894 1140 314 1159 336
person 0.6987676024436951 1106 281 1126 304
person 0.9821588397026062 1071 237 1085 258
person 0.353744775056839 1084 382 1117 419
car 0.9768992066383362 208 367 311 423
car 0.9725252389907837 113 380 186 427
car 0.6002557873725891 249 493 379 566
car 0.6882734298706055 1017 267 1063 293
car 0.9460115432739258 662 116 691 139
car 0.980366051197052 920 219 981 247
car 0.5073906183242798 795 231 836 265
car 0.9885386824607849 622 133 650 156
car 0.9811262488365173 640 158 674 183
car 0.8584657311439514 1029 303 1074 329
truck 0.5834801197052002 248 493 381 582
traffic_light 0.4915999174118042 785 226 830 260
