person 0.5691948533058167 1140 312 1158 336
person 0.599310040473938 1105 279 1125 304
person 0.8109534382820129 274 257 298 288
person 0.9557596445083618 1070 238 1084 258
car 0.995104193687439 814 250 902 304
car 0.9905739426612854 202 368 312 421
car 0.9063575863838196 190 499 308 577
car 0.9721907377243042 112 382 189 427
car 0.969598114490509 571 97 590 114
car 0.9555069804191589 176 431 283 499
car 0.9951977133750916 590 145 622 171
car 0.8712096810340881 610 107 632 129
car 0.8337633609771729 60 398 112 435
car 0.9885762333869934 624 140 664 167
car 0.9498573541641235 658 182 693 209
car 0.36918237805366516 1022 267 1062 293
car 0.9765173196792603 673 155 718 182
