person 0.5779837965965271 1143 314 1162 335
person 0.573529064655304 1105 281 1131 305
person 0.5946693420410156 389 474 416 509
person 0.9667148590087891 1071 236 1085 256
person 0.8466587066650391 298 229 316 257
person 0.8264657258987427 1158 286 1175 310
person 0.7291383147239685 365 527 392 553
car 0.9234959483146667 209 368 311 422
car 0.6146524548530579 72 337 116 371
car 0.966305136680603 328 257 395 306
car 0.950717031955719 113 382 187 427
car 0.9166414141654968 1095 341 1138 384
car 0.8341127634048462 931 331 1010 402
car 0.5827764272689819 1019 267 1063 292
car 0.966725766658783 639 112 667 132
car 0.9278678297996521 1028 300 1077 331
car 0.9906564354896545 620 136 651 159
car 0.8792439699172974 997 233 1033 252
