person 0.7001600861549377 884 190 898 214
person 0.29140567779541016 1143 318 1159 338
car 0.9541036486625671 257 425 391 498
car 0.9599625468254089 1018 259 1067 294
car 0.9864693880081177 949 244 1003 269
car 0.950957179069519 574 91 591 106
car 0.9902770519256592 564 177 592 205
car 0.5465919375419617 87 309 124 339
car 0.5430315732955933 316 488 458 565
car 0.6875337958335876 664 140 691 169
car 0.7777928113937378 1077 281 1125 311
car 0.6008887887001038 93 437 169 487
truck 0.5572074055671692 139 505 216 565
