person 0.7934711575508118 423 213 442 245
person 0.9511064887046814 298 228 317 259
person 0.8606162071228027 757 190 780 215
person 0.9222250580787659 960 263 979 288
person 0.9651496410369873 267 261 298 292
car 0.9957332015037537 440 251 532 291
car 0.9628873467445374 856 309 933 378
car 0.9282368421554565 209 368 311 423
car 0.972209632396698 349 319 432 372
car 0.9763877391815186 556 164 586 193
car 0.9878284931182861 760 503 895 640
car 0.9912165403366089 513 188 539 210
car 0.8828751444816589 817 402 939 528
car 0.9242270588874817 86 354 150 388
car 0.9004529714584351 115 381 188 427
car 0.9499608278274536 584 113 615 146
car 0.9899448752403259 639 157 672 182
car 0.9889127612113953 602 155 638 183
car 0.9860338568687439 591 136 623 163
car 0.886311411857605 235 296 313 330
car 0.7947933077812195 1028 299 1072 329
traffic_light 0.45656710863113403 1143 314 1160 338
