person 0.427007257938385 1143 313 1159 337
person 0.805838406085968 1068 238 1083 258
car 0.9904013276100159 636 255 720 309
car 0.9812521934509277 410 335 531 392
car 0.8587196469306946 880 352 955 450
car 0.8443106412887573 191 498 307 575
car 0.9004220962524414 1018 265 1069 295
car 0.8675007224082947 173 432 283 499
car 0.9491580128669739 816 203 883 231
car 0.9802137017250061 563 162 589 196
car 0.6174392700195312 68 434 141 488
car 0.9545919895172119 716 166 750 189
car 0.8090996742248535 966 305 1026 337
car 0.5943810343742371 66 393 112 430
motorbike 0.6080389618873596 66 428 141 481
