person 0.7034489512443542 1106 278 1126 305
person 0.9708977341651917 1072 238 1086 257
car 0.9432573914527893 210 368 311 422
car 0.9564586281776428 113 380 187 428
car 0.988283634185791 590 89 616 108
car 0.8769674301147461 812 255 873 312
car 0.5939653515815735 1018 268 1065 294
car 0.9906702041625977 622 133 651 157
car 0.9825524091720581 640 157 675 183
car 0.37923142313957214 1083 375 1121 411
car 0.9723163843154907 658 133 690 155
car 0.5301134586334229 293 496 421 560
truck 0.5385252833366394 289 500 428 576
traffic_light 0.6988041400909424 1142 313 1159 336
