person 0.5137931108474731 1141 311 1159 336
person 0.6065384745597839 1105 278 1127 304
person 0.9635874629020691 1072 236 1085 255
person 0.8588151931762695 1084 240 1103 262
car 0.9915199875831604 748 256 849 332
car 0.9924375414848328 204 367 311 421
car 0.9935358762741089 635 109 663 132
car 0.9198476672172546 189 499 309 574
car 0.9794013500213623 548 106 575 129
car 0.7195117473602295 1019 267 1065 292
car 0.9421815872192383 1075 367 1129 406
car 0.9833357334136963 111 381 189 427
car 0.9473676681518555 176 430 283 501
car 0.8953051567077637 1029 301 1073 330
