person 0.44091564416885376 1143 313 1159 337
person 0.9447216987609863 298 230 315 260
car 0.819773256778717 397 339 521 394
car 0.8120380640029907 885 380 946 456
car 0.8687235116958618 164 377 251 432
car 0.9199303984642029 172 430 282 500
car 0.9540244340896606 190 498 307 575
car 0.9464514255523682 561 153 584 180
car 0.8506304621696472 1021 266 1066 293
car 0.8472786545753479 821 204 882 232
car 0.7980942130088806 659 234 709 273
car 0.671016275882721 1068 287 1111 317
car 0.9246602058410645 983 301 1047 335
motorbike 0.7591137886047363 67 435 142 492
