person 0.4533924460411072 1104 280 1129 304
person 0.9717902541160583 1070 239 1084 257
car 0.652157187461853 906 373 984 467
car 0.950128972530365 207 368 312 421
car 0.9477003812789917 113 379 187 427
car 0.9932849407196045 589 85 614 102
car 0.7075888514518738 1018 267 1063 293
car 0.9726047515869141 929 229 969 250
car 0.9849944710731506 640 158 675 183
car 0.9952917098999023 620 133 652 157
car 0.39668360352516174 1151 349 1177 374
car 0.7523393630981445 1031 304 1070 329
truck 0.6880171895027161 260 498 393 579
traffic_light 0.6409876346588135 1140 312 1160 334
