person 0.5250999331474304 1105 280 1129 304
person 0.5382935404777527 388 412 415 443
person 0.5638697743415833 1141 313 1159 333
person 0.7092844843864441 372 458 394 487
person 0.9407123923301697 272 259 298 287
person 0.9595668315887451 297 230 314 257
car 0.8994877934455872 925 378 1005 458
car 0.9463701248168945 207 368 311 420
car 0.9845131039619446 228 301 301 346
car 0.8930107355117798 113 381 189 428
car 0.6378445625305176 1020 267 1065 291
car 0.9855672121047974 615 93 638 110
car 0.9953717589378357 622 132 650 156
car 0.9816957712173462 640 158 673 183
car 0.7416075468063354 1029 303 1070 329
traffic_light 0.7049011588096619 775 211 807 249
