person 0.5080633759498596 1143 315 1161 338
person 0.5855087041854858 1104 281 1127 305
person 0.7102059125900269 1058 237 1080 255
car 0.9083141088485718 207 367 311 422
car 0.9842472076416016 136 323 202 361
car 0.9747551083564758 114 379 185 428
car 0.9557691216468811 824 242 884 291
car 0.7596321702003479 1021 267 1063 291
car 0.9840952754020691 640 157 675 181
car 0.7722296118736267 727 172 758 193
car 0.3282908499240875 1048 481 1131 564
car 0.8475662469863892 405 228 475 281
car 0.9874376654624939 621 134 651 157
traffic_light 0.45663172006607056 395 438 422 469
