person 0.5087021589279175 1141 313 1158 336
person 0.6181888580322266 1106 278 1127 302
person 0.9500434398651123 1071 238 1085 256
person 0.8092444539070129 272 257 298 287
car 0.9184948801994324 595 357 676 511
car 0.9414496421813965 190 499 308 577
car 0.9911477565765381 203 367 312 423
car 0.9138168096542358 1070 353 1123 390
car 0.9719604849815369 175 430 283 498
car 0.6678580641746521 1019 268 1063 293
car 0.9764002561569214 111 380 190 427
car 0.9707880616188049 598 96 624 118
car 0.9060621857643127 1028 302 1074 329
car 0.932184100151062 716 195 785 244
