person 0.9871951937675476 1071 236 1084 255
person 0.6214393377304077 1104 279 1128 306
person 0.9618457555770874 940 193 952 218
car 0.9653725624084473 787 293 891 368
car 0.9923697710037231 202 367 313 420
car 0.8678579330444336 187 498 310 576
car 0.9961607456207275 590 89 619 110
car 0.8071966767311096 1120 314 1159 345
car 0.9416138529777527 175 431 283 499
car 0.9805936217308044 111 380 190 427
car 0.6518085598945618 1019 267 1065 293
car 0.847176194190979 1030 303 1069 329
traffic_light 0.6222007870674133 860 187 876 210
