person 0.8934099078178406 1074 237 1085 256
person 0.6803097128868103 1083 268 1105 290
person 0.7909023761749268 863 189 881 211
car 0.9800571203231812 506 391 660 465
car 0.9179940223693848 664 451 804 525
car 0.6506315469741821 224 501 359 576
car 0.9763225317001343 951 245 1000 269
car 0.9644918441772461 1039 289 1091 321
car 0.946495532989502 1013 253 1062 287
car 0.8873513340950012 168 435 262 494
car 0.9902092218399048 563 177 591 204
car 0.9701626896858215 586 96 613 117
car 0.9623410105705261 575 106 601 129
car 0.9802948832511902 44 487 128 549
motorbike 0.6212140917778015 20 330 49 360
