person 0.8127787113189697 1105 278 1125 305
person 0.9083002805709839 365 237 380 262
person 0.978411078453064 1071 238 1085 259
car 0.9840266704559326 330 270 413 320
car 0.8751243948936462 210 368 309 421
car 0.9116084575653076 113 381 187 427
car 0.7782245874404907 838 292 919 359
car 0.9935599565505981 596 86 623 102
car 0.9806771278381348 639 158 675 184
car 0.9912173748016357 622 133 649 155
car 0.4413524568080902 1022 267 1060 293
car 0.957719087600708 491 203 529 227
car 0.7458764314651489 660 99 689 116
traffic_light 0.7070416808128357 1143 312 1160 337
traffic_light 0.7916247248649597 1107 269 1123 293
