person 0.5850539803504944 860 187 876 209
person 0.9741490483283997 1072 237 1085 255
person 0.6220483183860779 1105 278 1126 306
car 0.92173832654953 1069 324 1126 362
car 0.9931877851486206 203 367 312 420
car 0.8810450434684753 188 498 309 576
car 0.8798274397850037 701 234 772 293
car 0.9486699104309082 176 431 283 499
car 0.9769341349601746 112 380 189 428
car 0.7171415090560913 1018 267 1066 294
car 0.9095755815505981 1028 301 1076 330
car 0.9406023621559143 642 130 674 152
traffic_light 0.6802792549133301 1144 313 1159 335
