person 0.6123539805412292 1143 311 1159 338
car 0.9136415123939514 410 325 511 384
car 0.9627401232719421 1017 264 1068 296
car 0.9976357221603394 790 450 875 575
car 0.9005110263824463 173 432 283 497
car 0.827789306640625 188 497 310 577
car 0.9883837103843689 564 176 592 205
car 0.9454696774482727 515 119 542 147
car 0.8363822102546692 822 206 880 232
car 0.6672264337539673 68 435 140 491
car 0.9625767469406128 511 177 539 202
car 0.9925272464752197 214 289 281 336
traffic_light 0.6721314787864685 719 211 743 241
traffic_light 0.8243367075920105 1106 272 1121 294
