person 0.9698008894920349 892 212 908 241
person 0.2878359854221344 759 194 785 215
person 0.9762885570526123 1072 238 1085 257
person 0.6964397430419922 423 212 442 243
person 0.704997718334198 1106 279 1126 305
person 0.7762738466262817 275 256 298 288
person 0.9219663143157959 1084 241 1102 261
car 0.9592351317405701 207 366 311 424
car 0.9886745810508728 557 178 590 207
car 0.9562320709228516 584 112 617 144
car 0.892541766166687 899 354 981 432
car 0.9631391763687134 116 376 187 427
car 0.9896482825279236 642 156 674 181
car 0.9811702370643616 31 329 74 356
car 0.690750241279602 690 132 717 152
car 0.9742410182952881 557 166 585 193
car 0.879609227180481 513 186 537 213
car 0.9881832003593445 132 336 204 377
car 0.993176281452179 597 155 627 180
car 0.6811441779136658 1021 266 1065 294
car 0.9564263820648193 620 134 647 162
car 0.9188650250434875 617 69 639 84
car 0.9824876189231873 592 137 623 164
traffic_light 0.7022976279258728 1142 315 1159 338
