person 0.9304912090301514 422 210 444 245
person 0.3742491900920868 1143 314 1160 337
person 0.8700023889541626 274 256 300 289
person 0.9563137292861938 1073 237 1085 256
person 0.8880248665809631 912 212 929 241
person 0.6281271576881409 1105 280 1128 305
person 0.9068892598152161 1086 241 1102 261
car 0.9636730551719666 245 319 333 369
car 0.9103872179985046 87 312 140 344
car 0.9813150763511658 557 178 589 207
car 0.8976755142211914 729 163 758 185
car 0.9144936203956604 209 370 308 423
car 0.917878270149231 583 113 616 145
car 0.9935339689254761 512 186 541 209
car 0.5783012509346008 11 372 48 408
car 0.8593720197677612 112 380 189 427
car 0.9882442951202393 640 156 672 182
car 0.6367521286010742 996 474 1091 608
car 0.5456920862197876 1021 268 1066 293
car 0.988579273223877 597 154 627 181
car 0.4144366383552551 825 257 858 286
car 0.9772627949714661 591 137 622 163
motorbike 0.35206371545791626 643 90 659 108
