person 0.5791276097297668 1141 313 1160 336
person 0.9494994282722473 939 193 952 219
person 0.545924961566925 1105 280 1130 305
person 0.917426347732544 1071 237 1085 254
car 0.9229210019111633 207 367 310 423
car 0.9257825016975403 113 381 187 427
car 0.9801813960075378 595 155 629 181
car 0.7083168625831604 1019 268 1063 293
car 0.9342077374458313 797 230 836 266
car 0.9478121995925903 622 131 650 159
car 0.9750180840492249 641 155 674 183
car 0.9217853546142578 511 190 536 217
car 0.9337775111198425 698 140 736 163
motorbike 0.6918380260467529 1055 337 1098 373
truck 0.5649863481521606 751 537 891 696
