person 0.992366373538971 365 561 390 591
person 0.6997103095054626 1105 280 1126 304
person 0.7988334894180298 371 504 396 538
person 0.9054363369941711 388 501 410 541
car 0.9186485409736633 210 368 311 422
car 0.9400104284286499 236 282 312 317
car 0.8942158222198486 113 380 189 428
car 0.6336063742637634 1021 267 1064 292
car 0.8452924489974976 953 229 992 250
car 0.9931681156158447 621 133 650 157
motorbike 0.877252995967865 22 352 49 382
motorbike 0.8350374102592468 1134 327 1167 358
traffic_light 0.8709797263145447 846 237 887 271
traffic_light 0.936964213848114 838 231 871 262
