person 0.9448535442352295 933 192 947 219
person 0.7265765070915222 1106 279 1125 305
person 0.8219603300094604 860 187 876 212
person 0.9618490934371948 1072 238 1086 257
person 0.7463589906692505 273 257 298 287
person 0.37020930647850037 1142 311 1162 336
car 0.9551330804824829 186 498 311 576
car 0.9912022352218628 202 367 313 423
car 0.9932895302772522 605 106 631 129
car 0.9742292761802673 573 98 594 117
car 0.889112651348114 924 349 1018 413
car 0.9663894176483154 177 430 283 499
car 0.9843748211860657 111 381 191 428
car 0.5705003142356873 1019 266 1065 294
motorbike 0.5547524094581604 708 184 749 213
