person 0.8502854108810425 422 211 442 248
person 0.8416321277618408 275 256 298 288
person 0.9255862832069397 300 230 318 259
car 0.9536798596382141 202 368 315 427
car 0.9843442440032959 582 114 614 146
car 0.9147282838821411 7 402 52 439
car 0.9810305833816528 517 158 539 179
car 0.9947410821914673 594 151 630 182
car 0.9057719707489014 549 96 563 113
car 0.92400062084198 620 133 649 167
traffic_light 0.9480076432228088 1143 313 1160 338
traffic_light 0.9699615836143494 891 214 901 236
traffic_light 0.8031862378120422 1070 239 1082 259
