person 0.8956630229949951 860 186 877 211
person 0.49750566482543945 1103 278 1128 306
person 0.6925579309463501 1141 312 1157 333
car 0.8848775029182434 790 276 896 357
car 0.9937644004821777 205 368 311 422
car 0.6774449348449707 1073 329 1121 360
car 0.9140868782997131 188 498 310 576
car 0.982549786567688 510 159 539 188
car 0.7377278804779053 1017 266 1063 291
car 0.9667899012565613 176 430 285 499
car 0.9834364652633667 110 381 189 427
car 0.8311107158660889 1054 238 1085 257
car 0.6598709225654602 1030 302 1068 330
