person 0.8819037675857544 1073 235 1084 254
person 0.6414559483528137 885 189 899 214
person 0.5011525750160217 1143 314 1156 337
person 0.45128998160362244 453 204 464 232
car 0.780274510383606 468 470 628 557
car 0.9862328767776489 950 244 1003 269
car 0.8419133424758911 359 408 501 482
car 0.9662431478500366 573 95 597 116
car 0.9698895812034607 1018 256 1063 293
car 0.9902225732803345 564 178 591 206
car 0.9601183533668518 1053 284 1107 320
car 0.5765863060951233 147 492 261 564
car 0.5399472117424011 123 436 202 488
truck 0.7889683246612549 149 501 264 573
