person 0.9165263175964355 1070 240 1083 259
person 0.7873818278312683 1111 278 1126 302
person 0.8244577050209045 1141 311 1159 333
car 0.9955885410308838 423 312 536 374
car 0.9601304531097412 188 499 309 576
car 0.9329564571380615 178 372 269 425
car 0.9255865216255188 1018 266 1066 292
car 0.965482234954834 171 430 283 499
car 0.9393021464347839 1056 287 1101 315
car 0.8572726249694824 80 396 135 434
car 0.7106723785400391 68 436 141 487
car 0.8584789037704468 861 210 922 241
car 0.9748963713645935 551 120 577 145
