person 0.7285767197608948 1135 313 1161 340
person 0.48102355003356934 1104 278 1129 305
person 0.9505008459091187 1070 239 1085 259
person 0.8041538596153259 272 257 298 286
car 0.9888155460357666 202 367 314 422
car 0.9542234539985657 924 336 1025 397
car 0.8975510597229004 189 499 308 576
car 0.961315929889679 997 232 1040 252
car 0.9170495271682739 1015 266 1065 292
car 0.9449313282966614 175 430 285 500
car 0.9797635078430176 111 381 189 427
car 0.9840562343597412 507 166 539 200
car 0.9657992720603943 1028 300 1074 330
car 0.8408451676368713 548 87 564 103
motorbike 0.7621487975120544 1132 326 1162 350
