person 0.8280947208404541 423 208 440 242
person 0.5816969275474548 1106 282 1125 305
person 0.9031893610954285 957 260 973 286
person 0.9243234992027283 298 228 317 258
person 0.4214833676815033 789 230 825 263
car 0.9167922735214233 595 403 752 505
car 0.9964781403541565 312 261 389 302
car 0.9273315668106079 665 313 797 398
car 0.9387048482894897 210 367 311 423
car 0.9922309517860413 512 186 540 210
car 0.9324319362640381 582 112 616 146
car 0.9798200726509094 559 178 589 204
car 0.863373875617981 17 373 54 404
car 0.6122767329216003 794 234 841 270
car 0.9125689268112183 112 380 191 427
car 0.9846195578575134 600 154 639 183
car 0.9326977729797363 223 330 295 359
car 0.9838555455207825 639 157 671 182
motorbike 0.7952243089675903 147 312 188 344
traffic_light 0.556492805480957 1144 313 1160 337
