97860,0.11115264892578125
83301,0.11606335639953613
79827,0.10259604454040527
78864,0.1022939682006836
90833,0.10106801986694336
85980,0.11118960380554199
80672,0.10908651351928711
119762,0.10516643524169922
95282,0.11567854881286621
81809,0.09928297996520996
78713,0.09507417678833008
78241,0.1047508716583252
82834,0.1095273494720459
86448,0.1170053482055664
80242,0.10540413856506348
79370,0.10377001762390137
81172,0.10651946067810059
119679,0.11476349830627441
83385,0.09951925277709961
91771,0.11452674865722656
130676,0.11313343048095703
102877,0.11321544647216797
107047,0.11368536949157715
94611,0.09888434410095215
106025,0.10677981376647949
89663,0.09750175476074219
78133,0.1139841079711914
77807,0.09598112106323242
78260,0.10780215263366699
78361,0.11082959175109863
94453,0.0984048843383789
79859,0.11150050163269043
100719,0.11581158638000488
80313,0.1083521842956543
78145,0.09624886512756348
77068,0.10622954368591309
77363,0.10956048965454102
77108,0.11363911628723145
78068,0.11015033721923828
78324,0.10377764701843262
78211,0.1025094985961914
78317,0.10746645927429199
78453,0.09947776794433594
77525,0.10642194747924805
78104,0.09748244285583496
78146,0.09454798698425293
77283,0.11228108406066895
78223,0.1165773868560791
101284,0.10905337333679199
114956,0.11467146873474121
97555,0.11149477958679199
80265,0.09113383293151855
79003,0.10068845748901367
78286,0.10688471794128418
77907,0.10993051528930664
79141,0.11243438720703125
99880,0.11397218704223633
82480,0.10114359855651855
77860,0.10525274276733398
76414,0.10344743728637695
78270,0.1156160831451416
78913,0.09939241409301758
96806,0.09538531303405762
93083,0.10984563827514648
94132,0.1157536506652832
79924,0.0962684154510498
80185,0.09878849983215332
86917,0.10709333419799805
81252,0.10676789283752441
79691,0.10771322250366211
88459,0.09873676300048828
82700,0.10815191268920898
80604,0.11579775810241699
81677,0.0967257022857666
106285,0.10672593116760254
95310,0.11336350440979004
81867,0.10224699974060059
80891,0.10413813591003418
114790,0.09437131881713867
78261,0.10314202308654785
76286,0.12085413932800293
76425,0.10794901847839355
76487,0.10831189155578613
77723,0.11755943298339844
79615,0.12056231498718262
79776,0.10468554496765137
79199,0.11779570579528809
88392,0.10906744003295898
89436,0.09827804565429688
111773,0.10959291458129883
80499,0.09880614280700684
105788,0.10651612281799316
111766,0.11425447463989258
79192,0.11418485641479492
78263,0.1106574535369873
77894,0.10501718521118164
76799,0.11143994331359863
78731,0.1110985279083252
80250,0.09760785102844238
94518,0.10682821273803711
94332,0.11073827743530273
110647,0.1149439811706543
85308,0.10613679885864258
77530,0.11061978340148926
78238,0.08983516693115234
85674,0.11089682579040527
114595,0.10476279258728027
115297,0.11241912841796875
86548,0.09717130661010742
114535,0.0988309383392334
78064,0.0927283763885498
76835,0.1063687801361084
80651,0.11042475700378418
107150,0.10710597038269043
102236,0.12491583824157715
82211,0.11211276054382324
106240,0.11324810981750488
79315,0.10580992698669434
98705,0.11732888221740723
79746,0.11703109741210938
79411,0.11040353775024414
93511,0.10967230796813965
106506,0.10917782783508301
96520,0.11881661415100098
112677,0.10591363906860352
89015,0.10619306564331055
77547,0.08864998817443848
76548,0.11083650588989258
83517,0.10761904716491699
115095,0.10945844650268555
101815,0.10460162162780762
106569,0.1104283332824707
116572,0.0991208553314209
123000,0.10906600952148438
107283,0.09303474426269531
120462,0.09605193138122559
77388,0.11531186103820801
78752,0.11158466339111328
102235,0.106231689453125
83510,0.10096335411071777
78080,0.09812307357788086
98318,0.11309099197387695
78710,0.11337947845458984
76718,0.10584759712219238
80015,0.10560774803161621
110615,0.11484217643737793
116096,0.10899901390075684
78041,0.11153483390808105
80057,0.10152530670166016
113211,0.1064920425415039
