100547,0.10587763786315918
84276,0.10718059539794922
80127,0.1129605770111084
78982,0.10362744331359863
91120,0.11536026000976562
88148,0.10972809791564941
81917,0.10513901710510254
123061,0.1124887466430664
95301,0.1145477294921875
83785,0.10943317413330078
79127,0.09981966018676758
78647,0.10545659065246582
83434,0.10570979118347168
89264,0.10120892524719238
80722,0.1136467456817627
79405,0.10999751091003418
81046,0.10994744300842285
125059,0.11400079727172852
85086,0.1171104907989502
93435,0.10947394371032715
129255,0.11152911186218262
107787,0.11189603805541992
110796,0.11716794967651367
97825,0.11887335777282715
111244,0.10795855522155762
90559,0.10335230827331543
78100,0.10657501220703125
77419,0.11053633689880371
78277,0.10176515579223633
78498,0.1089015007019043
96129,0.10901665687561035
80321,0.11162710189819336
102817,0.1076807975769043
81689,0.09953927993774414
78283,0.09812283515930176
76570,0.11473488807678223
77083,0.10601544380187988
77357,0.11440706253051758
78040,0.10594868659973145
78745,0.10179877281188965
78548,0.10110259056091309
78646,0.1045827865600586
78424,0.10040140151977539
77277,0.11428141593933105
78415,0.11444926261901855
78245,0.10577726364135742
77445,0.10985946655273438
78736,0.10801029205322266
104611,0.11077260971069336
118425,0.11654996871948242
102021,0.11196136474609375
79827,0.10639452934265137
79196,0.10075664520263672
78048,0.10845828056335449
77661,0.10447454452514648
79203,0.1063539981842041
103629,0.10977768898010254
83553,0.11055850982666016
77829,0.1118316650390625
76399,0.09430956840515137
78710,0.10428881645202637
78683,0.10929131507873535
99260,0.11804008483886719
95282,0.10750293731689453
98093,0.10126519203186035
81686,0.10802960395812988
81046,0.10713768005371094
89829,0.12414765357971191
83070,0.11628341674804688
81465,0.10956740379333496
90214,0.10372400283813477
84400,0.11011004447937012
82287,0.11531782150268555
82893,0.11361932754516602
112330,0.1073002815246582
96128,0.11658477783203125
84180,0.11051797866821289
83960,0.10886025428771973
116237,0.10333919525146484
77749,0.11652016639709473
75665,0.1161041259765625
75880,0.10297274589538574
76134,0.10843658447265625
76949,0.10650062561035156
79089,0.11043810844421387
79573,0.11325597763061523
78805,0.12149596214294434
89236,0.10417008399963379
89400,0.10335588455200195
112720,0.10575294494628906
80411,0.0973658561706543
107889,0.11560845375061035
114538,0.10173726081848145
78509,0.11456847190856934
77057,0.11332893371582031
77116,0.09551548957824707
75941,0.11558246612548828
78202,0.09658503532409668
79346,0.10213732719421387
96641,0.1059267520904541
93712,0.1085057258605957
114633,0.10906147956848145
84838,0.10612607002258301
76225,0.11147356033325195
77141,0.09918212890625
85083,0.11638116836547852
110319,0.0948176383972168
113570,0.10919952392578125
85751,0.09656858444213867
114442,0.10280704498291016
76400,0.10417723655700684
75191,0.12430310249328613
78887,0.10134077072143555
108660,0.10133814811706543
103175,0.1137533187866211
82269,0.09856486320495605
107122,0.09575676918029785
78332,0.1102449893951416
99324,0.11535382270812988
78968,0.10969281196594238
78227,0.10491323471069336
93710,0.11186861991882324
107166,0.09586167335510254
98446,0.11319613456726074
114877,0.11563873291015625
85215,0.10697674751281738
75790,0.11159420013427734
75147,0.09730029106140137
82438,0.10887408256530762
116109,0.12361907958984375
106693,0.12638092041015625
107583,0.10687613487243652
116799,0.11269330978393555
124035,0.10895133018493652
109939,0.10143113136291504
118946,0.11570572853088379
75969,0.08928537368774414
77427,0.10508537292480469
102599,0.1040639877319336
82143,0.0947413444519043
77234,0.10962533950805664
101469,0.11371493339538574
78178,0.10279345512390137
75388,0.10823702812194824
79030,0.11618614196777344
112666,0.1224815845489502
119549,0.1127774715423584
77542,0.10295605659484863
79035,0.10942959785461426
116229,0.11102414131164551
