79510,0.11513590812683105
70690,0.11341190338134766
69151,0.10690712928771973
68767,0.10293984413146973
77318,0.11097264289855957
72037,0.09410905838012695
69372,0.09201169013977051
96682,0.10422277450561523
80420,0.12096691131591797
68945,0.08901286125183105
68268,0.10258197784423828
67899,0.1067647933959961
70828,0.11760234832763672
72355,0.11087846755981445
69120,0.09593057632446289
68498,0.08963418006896973
69993,0.11501789093017578
99024,0.12016057968139648
71396,0.10572218894958496
76356,0.1091768741607666
107323,0.11495089530944824
83173,0.11208200454711914
84760,0.11473846435546875
77278,0.11272406578063965
84596,0.10779023170471191
75788,0.0940098762512207
68385,0.10918283462524414
67858,0.1150352954864502
68318,0.10724043846130371
68602,0.11113905906677246
80051,0.10819840431213379
69789,0.10690498352050781
83704,0.11318230628967285
68570,0.10394954681396484
68266,0.10541009902954102
67663,0.10637712478637695
67951,0.10858631134033203
67857,0.11093878746032715
67804,0.11504244804382324
68378,0.10477805137634277
68143,0.094879150390625
68172,0.10684323310852051
68229,0.0926508903503418
67575,0.0944058895111084
68251,0.10585260391235352
68815,0.10514283180236816
68058,0.0958869457244873
68419,0.11774158477783203
84532,0.10841012001037598
92817,0.11233949661254883
80547,0.09887409210205078
69778,0.09035038948059082
69049,0.11318111419677734
68218,0.11283707618713379
67991,0.10387301445007324
68801,0.10993289947509766
82542,0.09993815422058105
70418,0.09645533561706543
67984,0.10406255722045898
67129,0.10159158706665039
68582,0.11506295204162598
68051,0.1046895980834961
80054,0.09931492805480957
76925,0.10401606559753418
77804,0.09875345230102539
68989,0.10797953605651855
69860,0.10480928421020508
73985,0.12090206146240234
69771,0.08936595916748047
69110,0.10626101493835449
75288,0.10235905647277832
70298,0.11304783821105957
69525,0.1119532585144043
70031,0.10853719711303711
84927,0.10757112503051758
76667,0.11226391792297363
68428,0.10535287857055664
70323,0.10622930526733398
93892,0.11404299736022949
69022,0.09213399887084961
67219,0.11846160888671875
67374,0.11017394065856934
67676,0.09636139869689941
67870,0.10822629928588867
69129,0.10839533805847168
68859,0.0964207649230957
68945,0.10337328910827637
74705,0.120880126953125
75924,0.10754823684692383
88641,0.1053926944732666
69611,0.11159062385559082
86743,0.11229681968688965
89959,0.10799002647399902
69637,0.09760141372680664
68830,0.10521531105041504
67912,0.0973658561706543
67754,0.09243059158325195
69130,0.11655616760253906
69475,0.10310530662536621
78914,0.1128852367401123
79787,0.10888123512268066
88765,0.09485459327697754
71821,0.1039588451385498
68533,0.10018491744995117
68886,0.11404561996459961
73852,0.11032271385192871
90731,0.10837507247924805
88017,0.11800932884216309
74340,0.10987567901611328
97501,0.1081838607788086
69032,0.10400700569152832
67960,0.11375594139099121
70854,0.10035157203674316
86571,0.11248993873596191
85752,0.12299895286560059
71723,0.10317778587341309
87840,0.11459136009216309
69337,0.1157228946685791
82571,0.0931248664855957
70365,0.10364413261413574
69538,0.09748077392578125
78282,0.10403943061828613
87659,0.10571408271789551
80991,0.09404206275939941
91665,0.12095999717712402
73111,0.11499166488647461
68720,0.09025955200195312
67889,0.09736013412475586
71857,0.10065340995788574
93413,0.10531258583068848
84244,0.09361720085144043
86713,0.11377930641174316
94107,0.09718894958496094
98626,0.11267709732055664
88794,0.1089468002319336
95057,0.10158705711364746
68270,0.11356282234191895
69250,0.11360716819763184
84719,0.11376285552978516
73034,0.09344291687011719
68424,0.09708118438720703
83469,0.09978222846984863
68801,0.09651684761047363
67775,0.10399580001831055
69840,0.10046625137329102
91847,0.10820388793945312
93012,0.11416339874267578
68510,0.10827827453613281
69786,0.09185981750488281
94139,0.09897708892822266
