54686,0.07144880294799805
49742,0.07307815551757812
50340,0.08051109313964844
50194,0.07409858703613281
54439,0.08810853958129883
50733,0.07670211791992188
50313,0.08052754402160645
64815,0.07998037338256836
54763,0.0723114013671875
49875,0.07787609100341797
49703,0.0858004093170166
49780,0.06808662414550781
50486,0.0808413028717041
51416,0.07271385192871094
50208,0.07580685615539551
49864,0.07056641578674316
50450,0.08028817176818848
64678,0.07786035537719727
50453,0.07491898536682129
53250,0.08292126655578613
70119,0.08184266090393066
55950,0.07081794738769531
56872,0.07609033584594727
53076,0.07748198509216309
56869,0.07919764518737793
52308,0.08639192581176758
49680,0.07817864418029785
49547,0.07621455192565918
49705,0.07754778861999512
49899,0.07816433906555176
55711,0.07324981689453125
49616,0.07485651969909668
57025,0.08195710182189941
49646,0.07272791862487793
49381,0.08134698867797852
49464,0.07430672645568848
49439,0.07767343521118164
49298,0.07354617118835449
49346,0.07927322387695312
49638,0.06912899017333984
49631,0.07905983924865723
49655,0.07883691787719727
49271,0.06728386878967285
49010,0.08187413215637207
49595,0.07959580421447754
50036,0.07265114784240723
49560,0.07660818099975586
49751,0.0812063217163086
57086,0.08585834503173828
60827,0.08448195457458496
53943,0.07224583625793457
49686,0.08541560173034668
49496,0.07739520072937012
49729,0.07074093818664551
49591,0.08331179618835449
50046,0.08124876022338867
56838,0.07178187370300293
50661,0.07595086097717285
49502,0.07775568962097168
49109,0.08337116241455078
49583,0.07747578620910645
49601,0.0807793140411377
54880,0.0885457992553711
53312,0.08095574378967285
54034,0.08013105392456055
49661,0.08209800720214844
50215,0.07659530639648438
52253,0.08077764511108398
50248,0.07989907264709473
50023,0.07261157035827637
52978,0.07876062393188477
50034,0.07471060752868652
49508,0.07124972343444824
50062,0.0822606086730957
57412,0.0787343978881836
52650,0.0729835033416748
49115,0.07195234298706055
50113,0.0790860652923584
60983,0.0785367488861084
49885,0.07712650299072266
48887,0.08043241500854492
49030,0.08213090896606445
49277,0.07850146293640137
49375,0.07790303230285645
50302,0.07747650146484375
49622,0.07660150527954102
49927,0.08169984817504883
51942,0.0823061466217041
53148,0.07452249526977539
58376,0.0741586685180664
49574,0.07415652275085449
57418,0.07647895812988281
58582,0.08183932304382324
49996,0.06906247138977051
49889,0.0820002555847168
49342,0.07885456085205078
48858,0.07100605964660645
49926,0.08242487907409668
49982,0.07807540893554688
55256,0.07459259033203125
54227,0.08548760414123535
59408,0.07315444946289062
50223,0.0750281810760498
49808,0.07305455207824707
50045,0.07498645782470703
51816,0.07194852828979492
61027,0.08399224281311035
56472,0.08368635177612305
51762,0.07414889335632324
64627,0.0785822868347168
49978,0.07344198226928711
49436,0.08100342750549316
50939,0.07831120491027832
57610,0.0814049243927002
57052,0.07839512825012207
50589,0.07172822952270508
58735,0.08337020874023438
49542,0.07664847373962402
55438,0.08408641815185547
50653,0.07238411903381348
50106,0.08032369613647461
54278,0.07937383651733398
58310,0.0910189151763916
54819,0.07984280586242676
60872,0.07022356986999512
49645,0.08469891548156738
49942,0.08313751220703125
49544,0.0699615478515625
50925,0.07537031173706055
59709,0.07967853546142578
57688,0.07788920402526855
58416,0.07775402069091797
59817,0.07454729080200195
65230,0.07308602333068848
59260,0.07910895347595215
63265,0.0806739330291748
49606,0.08042573928833008
50280,0.07763862609863281
56712,0.07357978820800781
50375,0.07802557945251465
49552,0.0855414867401123
56664,0.080535888671875
49305,0.07546377182006836
49524,0.07058119773864746
50631,0.07785725593566895
63128,0.08136796951293945
60958,0.0690145492553711
49794,0.07104325294494629
49981,0.0725412368774414
62131,0.08336901664733887
