143553,0.09669899940490723
113946,0.10480999946594238
101364,0.10615825653076172
98254,0.1173257827758789
122500,0.11339354515075684
117585,0.10694026947021484
107274,0.10280251502990723
172157,0.11557197570800781
127123,0.11571288108825684
108777,0.10445570945739746
99290,0.09358906745910645
98192,0.09864640235900879
107152,0.10835123062133789
120424,0.10161709785461426
104676,0.11054873466491699
101741,0.11738276481628418
105410,0.10779547691345215
172341,0.10394906997680664
111218,0.1066288948059082
136381,0.09078407287597656
172930,0.11814188957214355
161000,0.14112496376037598
162840,0.12070012092590332
139110,0.11352872848510742
165760,0.11927080154418945
119741,0.11272144317626953
97037,0.10878920555114746
95971,0.11486530303955078
99773,0.12261104583740234
99645,0.09457111358642578
127403,0.10074782371520996
100781,0.11444687843322754
138830,0.11501884460449219
108498,0.0973961353302002
99583,0.11407256126403809
95177,0.11392474174499512
96433,0.10753655433654785
97581,0.1074519157409668
99607,0.09887456893920898
100864,0.10754632949829102
100351,0.11082863807678223
100132,0.1085050106048584
100801,0.10459637641906738
98889,0.10928463935852051
99672,0.10764336585998535
98962,0.10597944259643555
98607,0.10990166664123535
100518,0.11869049072265625
140752,0.11731958389282227
171844,0.11484050750732422
152029,0.11718344688415527
103826,0.09755897521972656
105132,0.10808563232421875
100478,0.11297821998596191
100135,0.12028956413269043
102031,0.10749983787536621
157403,0.10687065124511719
118453,0.10496902465820312
102045,0.1286177635192871
98042,0.1056368350982666
103603,0.10209178924560547
104380,0.10322856903076172
133410,0.09867572784423828
139187,0.11213994026184082
132021,0.11318588256835938
111584,0.11621737480163574
106885,0.10579085350036621
123543,0.10784602165222168
113978,0.13022446632385254
110175,0.1111900806427002
125348,0.1135413646697998
121656,0.11342763900756836
118292,0.11917901039123535
119418,0.10777044296264648
170560,0.11120152473449707
158360,0.10238218307495117
119011,0.10444307327270508
123158,0.10640501976013184
165132,0.11538076400756836
98499,0.11209416389465332
96330,0.10734033584594727
97031,0.09474039077758789
97445,0.10942769050598145
100271,0.10785555839538574
105583,0.10263824462890625
109578,0.1056060791015625
103927,0.09996652603149414
126579,0.10253262519836426
126509,0.1158742904663086
166835,0.10896587371826172
111270,0.11356353759765625
160050,0.11623191833496094
173502,0.11289167404174805
105157,0.11129045486450195
100434,0.0946965217590332
102379,0.11747097969055176
99829,0.12035799026489258
103630,0.10358524322509766
108806,0.1042633056640625
141611,0.0995185375213623
147539,0.10208344459533691
177945,0.1116340160369873
116214,0.11156439781188965
98897,0.11764240264892578
101013,0.0989687442779541
119464,0.10108447074890137
161910,0.09045577049255371
176103,0.12190389633178711
125338,0.11790633201599121
166502,0.11528658866882324
97939,0.11632323265075684
97198,0.09964513778686523
106035,0.10975003242492676
158348,0.1051473617553711
149704,0.11118674278259277
115900,0.1195218563079834
152881,0.11175727844238281
107198,0.11223435401916504
141044,0.11648249626159668
105309,0.09984850883483887
105301,0.09733748435974121
134600,0.1149454116821289
164888,0.09879803657531738
148860,0.10544610023498535
167921,0.11224174499511719
116445,0.11934804916381836
97887,0.10632777214050293
98067,0.10569548606872559
114587,0.10727262496948242
177213,0.10509681701660156
166954,0.1096808910369873
158615,0.11047816276550293
177861,0.09851670265197754
174504,0.11548161506652832
162461,0.09630727767944336
167114,0.09844684600830078
99295,0.11359953880310059
101512,0.11005592346191406
150753,0.11440873146057129
111242,0.10072088241577148
101142,0.1153717041015625
141749,0.1194310188293457
105864,0.11491823196411133
98825,0.11154556274414062
106237,0.10831642150878906
162816,0.10152435302734375
176044,0.11117815971374512
101970,0.09825634956359863
108281,0.11703372001647949
159887,0.10241031646728516
