370504,0.37983059883117676
304823,0.32658982276916504
273661,0.315920352935791
258470,0.34392523765563965
302364,0.3204672336578369
300332,0.32722949981689453
273903,0.32291507720947266
367713,0.32674503326416016
316992,0.3252286911010742
286453,0.32422780990600586
271872,0.3017091751098633
260089,0.2866380214691162
287012,0.2999436855316162
314169,0.313373327255249
283109,0.2935326099395752
276534,0.311384916305542
272629,0.30586838722229004
349641,0.3220977783203125
314095,0.29171252250671387
353390,0.3033771514892578
386224,0.29312729835510254
382207,0.2987349033355713
378368,0.317065954208374
338296,0.30339670181274414
354867,0.31026554107666016
278507,0.2973899841308594
253641,0.3004789352416992
250604,0.3017890453338623
266810,0.324338436126709
262894,0.2990877628326416
312944,0.3045036792755127
275823,0.286191463470459
315764,0.30205726623535156
288334,0.30614614486694336
261190,0.3121376037597656
248781,0.30356335639953613
249784,0.29767632484436035
260642,0.29297947883605957
265151,0.3168764114379883
266790,0.29932546615600586
265250,0.2940645217895508
269657,0.3112630844116211
271456,0.3089139461517334
262656,0.33249855041503906
268167,0.295421838760376
263112,0.30353331565856934
263163,0.30147647857666016
272708,0.28594017028808594
341351,0.31413984298706055
405503,0.3043026924133301
335596,0.30243611335754395
283942,0.30320143699645996
276010,0.299450159072876
268763,0.28835344314575195
266810,0.3016026020050049
271447,0.30803799629211426
435724,0.31191420555114746
323924,0.3017842769622803
276264,0.29765772819519043
256282,0.29674386978149414
272891,0.30899620056152344
274781,0.3071553707122803
321063,0.31743454933166504
339921,0.2998161315917969
343384,0.28790760040283203
299809,0.2994840145111084
289702,0.30252528190612793
326533,0.3102562427520752
311091,0.3277440071105957
299012,0.30408453941345215
337515,0.28719496726989746
341661,0.3130631446838379
339402,0.30947256088256836
342048,0.3214292526245117
442303,0.3199183940887451
426860,0.3107411861419678
350705,0.31994032859802246
348698,0.30141448974609375
383837,0.3238849639892578
259350,0.3142242431640625
248584,0.32471466064453125
257202,0.29839587211608887
256165,0.30609822273254395
268403,0.30797410011291504
277480,0.30807948112487793
302626,0.31294989585876465
282457,0.2989339828491211
333867,0.3033792972564697
338986,0.30655503273010254
380859,0.30988121032714844
296529,0.2972080707550049
395319,0.33712148666381836
410658,0.31200480461120605
280323,0.31203222274780273
271133,0.2851142883300781
276357,0.29969048500061035
266372,0.30170416831970215
275414,0.30816149711608887
288141,0.2969496250152588
356846,0.32817721366882324
375963,0.30323171615600586
421606,0.3113381862640381
306000,0.29912662506103516
269142,0.29642653465270996
270234,0.30939388275146484
304981,0.3040730953216553
510564,0.30700254440307617
542020,0.30446481704711914
325953,0.3286740779876709
379254,0.30053043365478516
258612,0.3000469207763672
256290,0.2848391532897949
280733,0.31521177291870117
350310,0.3052330017089844
337387,0.30106329917907715
300271,0.3034353256225586
347751,0.31119656562805176
292208,0.303891658782959
360120,0.3083670139312744
281922,0.30042219161987305
280800,0.2998795509338379
334779,0.30283379554748535
385997,0.30487632751464844
337849,0.30047178268432617
372742,0.3057401180267334
291970,0.30876803398132324
258708,0.31707167625427246
257773,0.32930469512939453
297852,0.3368837833404541
396718,0.30857396125793457
411692,0.31815004348754883
364077,0.3100004196166992
403686,0.311443567276001
365955,0.330517053604126
347107,0.29840922355651855
362277,0.3045225143432617
264741,0.318082332611084
264483,0.3233921527862549
338967,0.2894744873046875
284860,0.3219161033630371
263899,0.31081318855285645
330701,0.323153018951416
275278,0.31433963775634766
256188,0.3176698684692383
273739,0.3118782043457031
379290,0.32073354721069336
392012,0.3158137798309326
267258,0.3217916488647461
283450,0.30905818939208984
342564,0.29575157165527344
