156693,0.11879515647888184
119800,0.09859681129455566
109375,0.0961298942565918
104262,0.11350226402282715
129936,0.09907317161560059
128656,0.10695028305053711
115645,0.098388671875
176009,0.1127936840057373
125302,0.11415386199951172
116249,0.10114526748657227
107870,0.10503363609313965
103646,0.11337065696716309
118078,0.10169720649719238
130959,0.10478901863098145
108650,0.10483384132385254
107081,0.11061668395996094
111262,0.10620522499084473
176682,0.09987664222717285
120040,0.10619449615478516
148340,0.11695528030395508
183324,0.10061311721801758
172997,0.1072998046875
175942,0.09826540946960449
145451,0.10940361022949219
174107,0.10664772987365723
123297,0.10834884643554688
100613,0.10066890716552734
99688,0.0886392593383789
104653,0.10714197158813477
103837,0.10094857215881348
132828,0.10957026481628418
106618,0.10875082015991211
142625,0.11514639854431152
114918,0.10471105575561523
103776,0.11042976379394531
98984,0.10039186477661133
99483,0.09567761421203613
103963,0.10048484802246094
104418,0.09926581382751465
106660,0.09469270706176758
106644,0.10554242134094238
106206,0.10066723823547363
106279,0.11300277709960938
102532,0.11324620246887207
105164,0.09780573844909668
102808,0.10608363151550293
102832,0.09975600242614746
105660,0.10566902160644531
143481,0.10480833053588867
179509,0.10248804092407227
159420,0.11721420288085938
111075,0.10087180137634277
110428,0.10484933853149414
106606,0.09935307502746582
105261,0.10490155220031738
107178,0.11468076705932617
175673,0.10558795928955078
127776,0.10026955604553223
107770,0.10601234436035156
101569,0.10526084899902344
108690,0.11005997657775879
108096,0.11502552032470703
144007,0.10023856163024902
145241,0.0987844467163086
142225,0.1007835865020752
112805,0.11512994766235352
107111,0.11615872383117676
128104,0.10430598258972168
118470,0.10524654388427734
115692,0.10318207740783691
133454,0.09904646873474121
122438,0.12320733070373535
122472,0.10654783248901367
123883,0.10350966453552246
181439,0.10095643997192383
160494,0.1074984073638916
132564,0.11146926879882812
131561,0.09488892555236816
167797,0.09749579429626465
102143,0.08974766731262207
99018,0.10697627067565918
100229,0.09965276718139648
100494,0.10552144050598145
103959,0.11475610733032227
111429,0.10551714897155762
116826,0.0984034538269043
109619,0.0996701717376709
133496,0.09166288375854492
133307,0.09783339500427246
175736,0.09515213966369629
117132,0.11437797546386719
171533,0.1012871265411377
185369,0.10664677619934082
109237,0.09960150718688965
104074,0.0996863842010498
107987,0.08826327323913574
104248,0.10000133514404297
106785,0.11862897872924805
115295,0.10948967933654785
151488,0.10255289077758789
154343,0.10915207862854004
190238,0.10569620132446289
121795,0.09936666488647461
102998,0.10825753211975098
105608,0.11181259155273438
126173,0.10061812400817871
187523,0.10392212867736816
198675,0.10483169555664062
136136,0.10111427307128906
164537,0.1148386001586914
101204,0.10893869400024414
101054,0.09539675712585449
111958,0.10947966575622559
163729,0.1055610179901123
158608,0.10181164741516113
119389,0.09866213798522949
156911,0.11181068420410156
113154,0.10285019874572754
155719,0.12230420112609863
112593,0.12394332885742188
111056,0.11208224296569824
147072,0.1077578067779541
171248,0.10808324813842773
156757,0.09944272041320801
174715,0.11454963684082031
119473,0.10022664070129395
101655,0.09918522834777832
102389,0.10797929763793945
122107,0.10433602333068848
183942,0.11589646339416504
181694,0.10705304145812988
170031,0.10025334358215332
178563,0.09959745407104492
175822,0.11362242698669434
168260,0.10489177703857422
169353,0.10152912139892578
104627,0.10336017608642578
106209,0.10268473625183105
157423,0.11456680297851562
114153,0.10308599472045898
106527,0.09088611602783203
145967,0.10326814651489258
111834,0.09906005859375
102245,0.10279226303100586
110578,0.10647082328796387
170154,0.10595822334289551
181534,0.1147925853729248
106932,0.08451294898986816
115548,0.0996100902557373
160981,0.10099506378173828
