287202,0.20721840858459473
229304,0.1955575942993164
209139,0.18420934677124023
197943,0.20023441314697266
243839,0.18773746490478516
237122,0.19424009323120117
215295,0.1988201141357422
309321,0.19206714630126953
232332,0.19024896621704102
221312,0.1463298797607422
202449,0.16167330741882324
199073,0.16963672637939453
218594,0.17780661582946777
242038,0.16382813453674316
209178,0.16895365715026855
203349,0.17089605331420898
208495,0.17544150352478027
330529,0.14807653427124023
226825,0.14780259132385254
271023,0.16558289527893066
320797,0.1738142967224121
305728,0.18014073371887207
309318,0.15649056434631348
266526,0.16900944709777832
311893,0.180985689163208
223859,0.17078733444213867
189200,0.1676192283630371
188450,0.17658162117004395
197785,0.15965914726257324
193856,0.16797161102294922
240213,0.17093276977539062
202256,0.1687183380126953
254083,0.16753005981445312
217636,0.1717691421508789
198511,0.16850566864013672
187025,0.17409563064575195
190049,0.17056894302368164
197441,0.17438173294067383
200090,0.1684892177581787
204194,0.168687105178833
201390,0.17848491668701172
200347,0.18060016632080078
202345,0.14658308029174805
196255,0.17023277282714844
198348,0.15522456169128418
193958,0.16497087478637695
195351,0.16521716117858887
201949,0.16454672813415527
276737,0.17734193801879883
333415,0.17123079299926758
291175,0.17644453048706055
212944,0.1776561737060547
212729,0.17089629173278809
203806,0.17540884017944336
202985,0.17054986953735352
205832,0.1707298755645752
331743,0.17959856986999512
250613,0.1698322296142578
208186,0.17217493057250977
195391,0.168593168258667
207570,0.17541718482971191
210555,0.16060376167297363
260516,0.18588781356811523
273130,0.18073248863220215
270513,0.18095135688781738
224544,0.16713547706604004
213507,0.16831231117248535
245257,0.17937946319580078
232897,0.23935437202453613
222502,0.17448830604553223
258330,0.1557018756866455
252442,0.2500181198120117
229166,0.17414212226867676
237846,0.16805195808410645
345904,0.16888117790222168
335057,0.17488408088684082
265436,0.18154549598693848
262503,0.16817164421081543
297519,0.1513967514038086
199280,0.1685473918914795
192817,0.1667468547821045
196328,0.17298412322998047
197522,0.17330384254455566
205162,0.15356159210205078
216044,0.14931559562683105
227030,0.1876685619354248
214421,0.17207860946655273
260845,0.17363381385803223
265007,0.17210936546325684
325648,0.17811012268066406
229861,0.1771397590637207
304278,0.15750408172607422
346139,0.18999934196472168
216646,0.1718149185180664
204725,0.16749262809753418
210960,0.1519451141357422
205400,0.17223834991455078
209150,0.16354751586914062
225638,0.18082380294799805
282062,0.1635890007019043
306307,0.18310236930847168
354741,0.17520809173583984
239824,0.15497398376464844
202705,0.17126035690307617
207818,0.17527318000793457
242372,0.17848825454711914
371293,0.18502283096313477
397863,0.18226265907287598
271486,0.17276573181152344
306711,0.17712736129760742
200727,0.16588139533996582
201835,0.1660311222076416
221630,0.17311549186706543
294910,0.17060637474060059
287430,0.16466093063354492
236539,0.1744682788848877
284650,0.1932055950164795
224722,0.17271113395690918
292639,0.17730045318603516
220676,0.17144322395324707
219561,0.16660737991333008
278845,0.17755961418151855
330116,0.17127180099487305
277750,0.17113113403320312
333563,0.1894688606262207
229025,0.17046332359313965
199822,0.1560525894165039
201395,0.17227411270141602
240200,0.1489577293395996
340791,0.17820978164672852
353622,0.16601276397705078
316668,0.15880966186523438
346675,0.1714332103729248
321831,0.16783881187438965
315408,0.171614408493042
307989,0.1736440658569336
208585,0.1637406349182129
210145,0.17942595481872559
292859,0.16692352294921875
229715,0.17160272598266602
210671,0.17305707931518555
277683,0.17479944229125977
218143,0.17091655731201172
203575,0.16829156875610352
220251,0.175858736038208
324537,0.16806936264038086
345215,0.18305206298828125
211952,0.15770435333251953
229158,0.17832350730895996
293787,0.17413640022277832
