116354,0.11522674560546875
91872,0.10697722434997559
84609,0.1020662784576416
83436,0.10734677314758301
100843,0.10240721702575684
95766,0.10821413993835449
87176,0.10540246963500977
137635,0.10789752006530762
104203,0.11013936996459961
89629,0.11069846153259277
83581,0.11422228813171387
82308,0.11077404022216797
89024,0.10715150833129883
96849,0.11146283149719238
86468,0.10200715065002441
83988,0.1055152416229248
86936,0.10742449760437012
139618,0.12114119529724121
92332,0.10985755920410156
107459,0.11300492286682129
144040,0.09572649002075195
125851,0.11539626121520996
125549,0.11803293228149414
109336,0.11635613441467285
128393,0.09218692779541016
98443,0.10306549072265625
82090,0.11228394508361816
81531,0.1007833480834961
82871,0.09387850761413574
83018,0.10630393028259277
104124,0.11750650405883789
84818,0.10796093940734863
113899,0.10303878784179688
88331,0.09189605712890625
83124,0.09233689308166504
80681,0.09323525428771973
81268,0.11457324028015137
82022,0.11340665817260742
83540,0.1162421703338623
84736,0.11319971084594727
83831,0.103759765625
83152,0.10486960411071777
84302,0.10461139678955078
82446,0.10468244552612305
83735,0.1145787239074707
83614,0.10793161392211914
82924,0.11465978622436523
84254,0.10054469108581543
116960,0.10770082473754883
133205,0.10453271865844727
117102,0.09472370147705078
86294,0.09889030456542969
86005,0.10059905052185059
83785,0.105804443359375
83766,0.10050582885742188
84995,0.10941338539123535
118924,0.11230802536010742
94471,0.10910654067993164
84326,0.10924959182739258
82181,0.1024324893951416
85146,0.10867190361022949
85514,0.11176848411560059
109575,0.10534429550170898
109887,0.11368012428283691
108760,0.10072755813598633
89923,0.11472010612487793
89201,0.1069328784942627
100388,0.11112213134765625
91123,0.11223435401916504
89090,0.0969700813293457
101740,0.12309026718139648
95377,0.10552120208740234
93107,0.11635875701904297
94988,0.11737060546875
133765,0.10888481140136719
116765,0.11469769477844238
95218,0.10634040832519531
96271,0.11757612228393555
131936,0.10898017883300781
83908,0.09557485580444336
81583,0.11343598365783691
82095,0.10372734069824219
82273,0.09599876403808594
83207,0.09754180908203125
87208,0.11404156684875488
89361,0.10991740226745605
87044,0.1110386848449707
103264,0.11300897598266602
102456,0.11597156524658203
132212,0.1083986759185791
90397,0.12352204322814941
128262,0.10922956466674805
135926,0.11317753791809082
88141,0.11411857604980469
85305,0.1002035140991211
86009,0.09983539581298828
84027,0.1078798770904541
87129,0.10986161231994629
88978,0.10844230651855469
112348,0.10651826858520508
113687,0.10278105735778809
137702,0.12100028991699219
96103,0.10615038871765137
84086,0.09124636650085449
85006,0.10581135749816895
98310,0.11398649215698242
131491,0.12008857727050781
134305,0.1197972297668457
101860,0.11239266395568848
135765,0.11482906341552734
84219,0.11093950271606445
82763,0.09677767753601074
88135,0.10070323944091797
127326,0.0990755558013916
120878,0.11095046997070312
93178,0.10911941528320312
123020,0.11345052719116211
88219,0.11200761795043945
116402,0.10727834701538086
89353,0.10691523551940918
88124,0.10848379135131836
109517,0.1013026237487793
129806,0.10698151588439941
119401,0.09931373596191406
133757,0.10506224632263184
98416,0.1086430549621582
83584,0.09838747978210449
83145,0.1066737174987793
94540,0.09184527397155762
140941,0.108642578125
129962,0.11374878883361816
126899,0.0997152328491211
138818,0.11573028564453125
141847,0.11343765258789062
131327,0.10926079750061035
137521,0.09984755516052246
84656,0.11082863807678223
85964,0.10708856582641602
122233,0.11489295959472656
91941,0.10487937927246094
86920,0.103729248046875
114465,0.10084915161132812
88347,0.103729248046875
84637,0.10626006126403809
89295,0.10363650321960449
130790,0.10388493537902832
141601,0.12057304382324219
87077,0.10880136489868164
90620,0.10891962051391602
130924,0.09563207626342773
