52810,0.07543230056762695
48995,0.0820169448852539
49689,0.07515573501586914
49283,0.08075308799743652
53275,0.0867302417755127
49802,0.08015298843383789
49219,0.07913994789123535
61545,0.07923340797424316
53958,0.07982134819030762
48934,0.0856318473815918
48955,0.07409453392028809
48972,0.08157563209533691
49883,0.0915989875793457
50470,0.0736696720123291
49267,0.07661795616149902
49171,0.0737764835357666
49503,0.07333207130432129
61318,0.07750415802001953
49535,0.07202839851379395
52667,0.07346296310424805
68173,0.0771784782409668
54437,0.07950687408447266
54823,0.074188232421875
51105,0.08614253997802734
55738,0.08126592636108398
51240,0.08890676498413086
49509,0.09341025352478027
49008,0.07563972473144531
48850,0.07178449630737305
49532,0.07123565673828125
54384,0.07105684280395508
49060,0.07986140251159668
55660,0.07560038566589355
49379,0.07169747352600098
48598,0.07126665115356445
49112,0.07462239265441895
48593,0.0723733901977539
48739,0.07876300811767578
48641,0.06832194328308105
49503,0.07606792449951172
49363,0.08503460884094238
48897,0.07617974281311035
49437,0.08313107490539551
48649,0.07606220245361328
49090,0.07781434059143066
49676,0.07865571975708008
48903,0.07750892639160156
49121,0.07903242111206055
55586,0.07869863510131836
58727,0.07695794105529785
52999,0.0797271728515625
48509,0.081268310546875
49076,0.08015656471252441
49315,0.07106184959411621
49268,0.07713770866394043
49368,0.0868372917175293
55094,0.07918047904968262
50436,0.08402371406555176
49454,0.08086848258972168
48827,0.06969714164733887
49076,0.08721160888671875
49124,0.0763397216796875
53763,0.08066368103027344
52360,0.08783674240112305
52814,0.0779874324798584
49206,0.08474183082580566
50078,0.09226346015930176
52049,0.07803964614868164
49671,0.0704641342163086
49548,0.0744173526763916
52360,0.09588313102722168
49892,0.07237005233764648
49247,0.08321714401245117
49736,0.0837554931640625
55282,0.07957720756530762
52088,0.08061027526855469
48478,0.08225536346435547
49106,0.07441067695617676
58747,0.07950115203857422
50270,0.07801938056945801
48580,0.09067606925964355
48788,0.08497214317321777
49004,0.08137679100036621
49077,0.08518528938293457
49839,0.08563637733459473
49363,0.08588910102844238
49571,0.08085465431213379
52053,0.08006787300109863
53071,0.08698391914367676
56453,0.07172918319702148
49077,0.07669186592102051
56592,0.07382965087890625
57413,0.08607888221740723
50181,0.0706338882446289
49800,0.0832364559173584
49169,0.08221220970153809
48561,0.07996797561645508
50053,0.07655167579650879
49897,0.07703208923339844
54315,0.07870149612426758
53442,0.07455253601074219
57081,0.07886481285095215
50972,0.0778818130493164
49312,0.07400131225585938
49627,0.08018851280212402
51708,0.08749818801879883
60656,0.07582569122314453
56798,0.07623696327209473
51219,0.07255935668945312
62901,0.07761096954345703
49548,0.08440351486206055
49133,0.08502984046936035
50613,0.08325791358947754
56796,0.07944083213806152
55861,0.07811832427978516
49841,0.07636690139770508
58004,0.08990812301635742
49187,0.08497023582458496
55316,0.07733273506164551
50602,0.07921767234802246
49729,0.07009267807006836
53447,0.07772636413574219
56918,0.07410883903503418
53920,0.0750722885131836
59149,0.09202361106872559
50537,0.08266115188598633
49440,0.08700919151306152
49184,0.07980823516845703
50505,0.07912421226501465
58977,0.07753825187683105
55219,0.08255219459533691
57556,0.0783545970916748
58871,0.07471537590026855
65014,0.07164955139160156
57367,0.0874936580657959
62500,0.08733940124511719
49194,0.07414865493774414
49876,0.0718071460723877
55138,0.08152413368225098
49834,0.07650899887084961
49054,0.08364176750183105
55876,0.07979536056518555
49242,0.07358193397521973
49027,0.07710814476013184
50147,0.08026456832885742
60853,0.09114742279052734
58105,0.07387042045593262
49826,0.07509422302246094
49491,0.07582712173461914
62016,0.08409309387207031
