96964,0.09862685203552246
80357,0.10621356964111328
77694,0.0984334945678711
76957,0.09552836418151855
88438,0.1060800552368164
83928,0.10366988182067871
78486,0.11105966567993164
115650,0.09881114959716797
92677,0.1010129451751709
79521,0.1149907112121582
76358,0.10732007026672363
75847,0.10493326187133789
80140,0.11621713638305664
84516,0.11125040054321289
77588,0.10884594917297363
76923,0.1151435375213623
78880,0.10003256797790527
116957,0.10735630989074707
80942,0.10771584510803223
89943,0.10718297958374023
128535,0.11041522026062012
103703,0.09923744201660156
105162,0.10659003257751465
93972,0.09750509262084961
104924,0.11335039138793945
87656,0.1146543025970459
75754,0.08898091316223145
75297,0.12723326683044434
76124,0.10848069190979004
76124,0.10647106170654297
92420,0.10485696792602539
77575,0.09801149368286133
98593,0.11038064956665039
78219,0.10597991943359375
75926,0.10025978088378906
74791,0.10625505447387695
75372,0.10437250137329102
75173,0.09788870811462402
75589,0.0940711498260498
76461,0.10219383239746094
75973,0.1137847900390625
76345,0.09790492057800293
76319,0.11301517486572266
74982,0.11118364334106445
76221,0.10844945907592773
76372,0.10685181617736816
75441,0.1066586971282959
76489,0.1048586368560791
98811,0.10500121116638184
112542,0.11815500259399414
97901,0.11666560173034668
78092,0.11065292358398438
77179,0.09936881065368652
76137,0.09443330764770508
75805,0.10826444625854492
77147,0.1120142936706543
98857,0.11437129974365234
81133,0.10807442665100098
76343,0.09798240661621094
74867,0.09714961051940918
76563,0.10725617408752441
76857,0.09982919692993164
95396,0.1211092472076416
91665,0.12091350555419922
91977,0.10045719146728516
78776,0.11931228637695312
79410,0.11554193496704102
85841,0.11511087417602539
79841,0.11746811866760254
78883,0.10834312438964844
87171,0.10192275047302246
81242,0.10779571533203125
79539,0.12432408332824707
80511,0.10140275955200195
104103,0.11002802848815918
91597,0.12221384048461914
79108,0.11303544044494629
80420,0.11171722412109375
112426,0.10518121719360352
76098,0.10755562782287598
74084,0.09729123115539551
74428,0.0915069580078125
74510,0.1101846694946289
75235,0.1106719970703125
77663,0.10865426063537598
77932,0.11377620697021484
77199,0.11327886581420898
86518,0.11528539657592773
86352,0.10587787628173828
109314,0.10917520523071289
78933,0.10551118850708008
103459,0.11574387550354004
110955,0.09395623207092285
77234,0.09259843826293945
75910,0.11093974113464355
75870,0.10808777809143066
74921,0.09725570678710938
76835,0.130096435546875
77887,0.10097765922546387
93451,0.09814333915710449
92701,0.11617016792297363
109544,0.11244535446166992
84584,0.10360264778137207
74905,0.11440491676330566
75855,0.09447264671325684
83579,0.10650277137756348
114375,0.11405301094055176
118527,0.10139107704162598
83751,0.09103989601135254
110570,0.10016036033630371
75415,0.11340618133544922
74163,0.10022974014282227
77797,0.10187149047851562
105594,0.11028242111206055
99183,0.09224534034729004
80616,0.09581685066223145
102897,0.11103153228759766
76660,0.10328173637390137
96167,0.10358262062072754
77411,0.1122281551361084
76846,0.10410499572753906
90609,0.11608076095581055
103233,0.1061558723449707
95284,0.1103067398071289
110219,0.10658836364746094
86002,0.10685229301452637
74526,0.11490535736083984
74045,0.0979759693145752
80729,0.11115550994873047
111569,0.11382603645324707
101722,0.10742783546447754
103248,0.11174321174621582
113329,0.09230780601501465
119928,0.09798192977905273
104951,0.11250519752502441
116342,0.11015796661376953
74999,0.09046339988708496
75976,0.10512685775756836
99327,0.09585785865783691
80826,0.11464858055114746
75762,0.10230398178100586
96740,0.11166739463806152
77219,0.11940169334411621
74245,0.12288594245910645
78051,0.11127257347106934
106690,0.09911513328552246
113032,0.10997557640075684
75866,0.10803699493408203
77525,0.09109067916870117
110591,0.10950684547424316
