172112,0.10666775703430176
129425,0.10931658744812012
117545,0.11896157264709473
114166,0.11539626121520996
142936,0.1157677173614502
138135,0.1063232421875
125307,0.10940313339233398
197324,0.12146854400634766
140957,0.1228477954864502
129952,0.11495590209960938
116349,0.11488509178161621
113519,0.10100460052490234
126459,0.1158592700958252
142001,0.10638713836669922
121923,0.09712886810302734
117913,0.10983800888061523
122121,0.11700272560119629
203300,0.11751818656921387
133212,0.12466192245483398
156315,0.09766530990600586
208276,0.11255693435668945
186739,0.11979889869689941
187529,0.11920571327209473
158847,0.11411714553833008
186860,0.10892558097839355
130679,0.10688495635986328
108844,0.09340214729309082
108393,0.11728072166442871
113468,0.10485243797302246
113205,0.11597156524658203
151976,0.10211443901062012
116937,0.10778045654296875
160177,0.11496734619140625
124190,0.10366201400756836
112197,0.09755301475524902
107213,0.09515953063964844
107438,0.1061711311340332
109315,0.10622262954711914
112187,0.12449264526367188
112834,0.11444616317749023
114061,0.11362528800964355
113472,0.09813714027404785
113867,0.1039738655090332
110382,0.10505390167236328
112043,0.11518120765686035
111092,0.11505460739135742
111305,0.12120699882507324
113406,0.11545801162719727
167902,0.11757445335388184
196887,0.09966897964477539
169039,0.1097569465637207
118628,0.0913538932800293
115963,0.12318158149719238
110537,0.10653424263000488
110488,0.1255500316619873
112487,0.10767984390258789
175158,0.13012194633483887
129626,0.09960699081420898
111559,0.11792182922363281
107617,0.10865926742553711
114011,0.11307215690612793
112732,0.11678433418273926
155625,0.10287737846374512
155103,0.117919921875
154511,0.11415743827819824
123271,0.10679745674133301
119917,0.11536860466003418
142810,0.11515021324157715
126641,0.11549854278564453
121029,0.1077122688293457
138231,0.10153841972351074
132782,0.11736202239990234
128237,0.1196599006652832
129106,0.1100015640258789
190700,0.10904121398925781
171395,0.11138176918029785
136614,0.10957765579223633
134157,0.12066078186035156
183430,0.1119852066040039
107560,0.11191129684448242
105628,0.1091303825378418
105476,0.10568881034851074
106555,0.10821175575256348
109595,0.10866522789001465
116305,0.12140512466430664
121250,0.1211843490600586
114293,0.10825824737548828
141617,0.10335707664489746
139701,0.1201784610748291
187643,0.10703349113464355
121176,0.11791729927062988
175294,0.13111448287963867
192858,0.09955334663391113
113067,0.10356545448303223
108984,0.11450695991516113
110561,0.10037922859191895
108170,0.11861395835876465
112159,0.10729718208312988
118501,0.10065031051635742
156111,0.09555411338806152
159489,0.11881804466247559
192636,0.12009620666503906
130351,0.11792254447937012
107416,0.11039233207702637
109770,0.10547637939453125
132490,0.10091257095336914
193453,0.10790681838989258
198518,0.12310576438903809
136123,0.11208152770996094
185876,0.11777091026306152
106432,0.10443401336669922
105739,0.10688352584838867
114726,0.11722970008850098
173826,0.10791778564453125
167000,0.11994099617004395
125197,0.10927438735961914
168735,0.1085057258605957
115584,0.11654400825500488
162173,0.1167452335357666
115897,0.10902738571166992
113053,0.1160440444946289
152530,0.11046504974365234
180763,0.10488557815551758
162434,0.11410045623779297
187579,0.10756349563598633
132674,0.11224818229675293
106136,0.11204648017883301
106454,0.11048364639282227
124586,0.11908268928527832
194626,0.1083822250366211
182043,0.11687207221984863
176027,0.10597062110900879
192999,0.10839962959289551
195322,0.11600422859191895
178261,0.0960381031036377
189453,0.09873127937316895
107661,0.10816597938537598
109403,0.11362814903259277
165321,0.09924554824829102
119933,0.10405492782592773
109870,0.11824464797973633
155497,0.11443233489990234
114085,0.1003103256225586
105837,0.10669326782226562
114231,0.09725403785705566
178872,0.10112953186035156
189775,0.12046003341674805
109038,0.11120414733886719
116788,0.11154460906982422
176374,0.11503982543945312
