168387,0.11598849296569824
128955,0.12123394012451172
116355,0.12383508682250977
111463,0.11731100082397461
142080,0.12107324600219727
132822,0.11034917831420898
123725,0.11650443077087402
192992,0.10911178588867188
145580,0.11728382110595703
125825,0.11812591552734375
113562,0.08858585357666016
111565,0.10397505760192871
123244,0.11471915245056152
138344,0.08970046043395996
118601,0.12488174438476562
113946,0.11259317398071289
119232,0.10688233375549316
203932,0.12106466293334961
128551,0.11229753494262695
156899,0.10948681831359863
207005,0.10572338104248047
184056,0.11407828330993652
184248,0.12177252769470215
157778,0.11399221420288086
185543,0.10129785537719727
133181,0.10947179794311523
109005,0.10884308815002441
107789,0.11225605010986328
111360,0.11374616622924805
111072,0.10843396186828613
146236,0.1010580062866211
114075,0.10905051231384277
157667,0.11580705642700195
121754,0.10025978088378906
111867,0.10315442085266113
106502,0.11090755462646484
107900,0.10860085487365723
110240,0.1134040355682373
112422,0.11344408988952637
114441,0.10742902755737305
114631,0.11066007614135742
114029,0.10230278968811035
114668,0.1234438419342041
110629,0.11410856246948242
111564,0.12335395812988281
110218,0.12462496757507324
110070,0.11234831809997559
112201,0.11647605895996094
167943,0.10546994209289551
196713,0.1108407974243164
171664,0.11562538146972656
116775,0.11031341552734375
118022,0.11691999435424805
113054,0.1134798526763916
112874,0.1163640022277832
115298,0.09941720962524414
178927,0.10825014114379883
134894,0.09877347946166992
114710,0.12829113006591797
110093,0.10024356842041016
115745,0.10881400108337402
116355,0.11759757995605469
157004,0.09798192977905273
158481,0.11296772956848145
155189,0.09624481201171875
125698,0.10239911079406738
119305,0.11741232872009277
140994,0.122039794921875
126130,0.10290169715881348
122807,0.10702800750732422
138366,0.1166682243347168
134923,0.13190221786499023
132723,0.11253976821899414
133089,0.12699294090270996
190442,0.0995323657989502
176891,0.11174607276916504
134576,0.10599207878112793
133273,0.12360382080078125
182199,0.11041879653930664
111269,0.10725617408752441
108149,0.11736559867858887
108718,0.09921026229858398
109703,0.1097564697265625
112352,0.120452880859375
119390,0.11387348175048828
123960,0.11330151557922363
116615,0.11072516441345215
143153,0.10978102684020996
142882,0.10518646240234375
190036,0.10577082633972168
123820,0.1092064380645752
183097,0.09861493110656738
196696,0.11420655250549316
117731,0.1079564094543457
112198,0.10599780082702637
114319,0.11098027229309082
111886,0.10885739326477051
115140,0.09591054916381836
122596,0.09968113899230957
160071,0.11841440200805664
164443,0.11651206016540527
204074,0.1062471866607666
127057,0.10800409317016602
110476,0.09996247291564941
113329,0.09640789031982422
135270,0.09975910186767578
192182,0.11270999908447266
191692,0.11970829963684082
143871,0.11768269538879395
182488,0.10053253173828125
109948,0.12066507339477539
109641,0.10953068733215332
119055,0.11131429672241211
180502,0.11443471908569336
170074,0.11224126815795898
123248,0.1029500961303711
169786,0.09724760055541992
115690,0.11147618293762207
166331,0.1113131046295166
119401,0.11142230033874512
117115,0.1078805923461914
155732,0.11689257621765137
185752,0.11151313781738281
168814,0.11368894577026367
197175,0.108428955078125
135960,0.12491822242736816
110211,0.11612915992736816
109372,0.11926460266113281
129371,0.10462498664855957
201521,0.10994982719421387
184787,0.11429309844970703
173131,0.10155773162841797
204265,0.11991429328918457
200661,0.11773967742919922
189580,0.11063265800476074
191889,0.10941338539123535
111823,0.10214805603027344
115121,0.11720752716064453
174091,0.11682534217834473
120118,0.11454081535339355
115569,0.11838436126708984
163368,0.10819053649902344
121261,0.10567212104797363
112595,0.10494399070739746
121250,0.1207876205444336
190630,0.11295819282531738
197671,0.12839031219482422
117504,0.09882283210754395
125847,0.10900521278381348
185651,0.11972904205322266
