84442,0.09579920768737793
74325,0.10141992568969727
69762,0.12974905967712402
68688,0.11273980140686035
78200,0.1110684871673584
74826,0.10239863395690918
70659,0.11597466468811035
100205,0.10805821418762207
82311,0.1093912124633789
71875,0.11007952690124512
69080,0.1085503101348877
68377,0.1080007553100586
73009,0.11099600791931152
75219,0.11318254470825195
69969,0.10058832168579102
69127,0.1146707534790039
70901,0.10573315620422363
105561,0.11261606216430664
73890,0.11637735366821289
78747,0.09931755065917969
113662,0.09756731986999512
91519,0.1131446361541748
93294,0.1009681224822998
83223,0.10481381416320801
92098,0.11053299903869629
78243,0.09103155136108398
67895,0.10732054710388184
67465,0.10401749610900879
68087,0.09781169891357422
68498,0.10328960418701172
81685,0.11120986938476562
69349,0.10813212394714355
87341,0.10298705101013184
70826,0.11528730392456055
68252,0.10469627380371094
66865,0.09369015693664551
67352,0.11429619789123535
67552,0.10809206962585449
68097,0.10089802742004395
68541,0.11078906059265137
68168,0.10304522514343262
68722,0.1031038761138916
68045,0.11231541633605957
67404,0.10231614112854004
68189,0.1079099178314209
68067,0.11732172966003418
67956,0.10707473754882812
68540,0.09695076942443848
87460,0.10720515251159668
100184,0.1049351692199707
87675,0.10991239547729492
69907,0.11587357521057129
69252,0.10410594940185547
68168,0.09359359741210938
67859,0.10540008544921875
69180,0.11452651023864746
89563,0.10479903221130371
72992,0.10104966163635254
68688,0.10518193244934082
67267,0.08738493919372559
68458,0.09430694580078125
69740,0.09084367752075195
84823,0.11466026306152344
81787,0.12211823463439941
81790,0.11423087120056152
71530,0.09118890762329102
71602,0.10478878021240234
75416,0.11480069160461426
71505,0.10598015785217285
71504,0.11104154586791992
79023,0.10418963432312012
72447,0.10604000091552734
70928,0.10401058197021484
72867,0.10595583915710449
94263,0.11070847511291504
81088,0.10867500305175781
70516,0.09661650657653809
71441,0.1138913631439209
99203,0.10985851287841797
68568,0.10199666023254395
66687,0.10811710357666016
67408,0.10146665573120117
67119,0.11045145988464355
68168,0.09674525260925293
69788,0.10722541809082031
70436,0.0994415283203125
70032,0.11158275604248047
78390,0.11641383171081543
79209,0.09350109100341797
97436,0.09635210037231445
70910,0.09762907028198242
93475,0.10066914558410645
98859,0.11209821701049805
70681,0.10768842697143555
69290,0.0935983657836914
68506,0.10112810134887695
67624,0.09275126457214355
69633,0.11373066902160645
70487,0.10601663589477539
84833,0.11172747611999512
82804,0.10688495635986328
97847,0.12064766883850098
76408,0.1112222671508789
68513,0.11661553382873535
69160,0.09563684463500977
75658,0.10889148712158203
98965,0.10097765922546387
102516,0.1136784553527832
76933,0.10678243637084961
100128,0.10906028747558594
68501,0.10604214668273926
67562,0.0985877513885498
71139,0.11504745483398438
94867,0.1211097240447998
89857,0.0961613655090332
72828,0.11605262756347656
92027,0.1113739013671875
69927,0.11259722709655762
87284,0.11000323295593262
70778,0.11059927940368652
70367,0.09813499450683594
82126,0.11546468734741211
93982,0.11052751541137695
87567,0.09443378448486328
98918,0.11261391639709473
78324,0.10655760765075684
67930,0.10255122184753418
67682,0.1099240779876709
73868,0.1095588207244873
101178,0.11768412590026855
91812,0.11759638786315918
92830,0.09534454345703125
103123,0.10378766059875488
107615,0.10591530799865723
95638,0.09962344169616699
102015,0.09292721748352051
67923,0.0973818302154541
69166,0.11086130142211914
90539,0.11406874656677246
73701,0.09385108947753906
68932,0.12250900268554688
84303,0.12237191200256348
69648,0.11641740798950195
67377,0.11100339889526367
70707,0.11675739288330078
93966,0.10579395294189453
101831,0.1131446361541748
68515,0.10700345039367676
70299,0.10276317596435547
99436,0.11512017250061035
