205635,0.18283939361572266
168060,0.16933274269104004
151726,0.1840062141418457
144506,0.1751391887664795
174644,0.17330574989318848
170631,0.1734623908996582
158324,0.1706836223602295
223553,0.1743907928466797
180930,0.17191243171691895
160032,0.1649177074432373
148972,0.1679399013519287
145421,0.16442418098449707
160826,0.15123677253723145
174641,0.1517040729522705
152383,0.16541433334350586
148067,0.16358399391174316
151651,0.1547987461090088
234567,0.16440296173095703
165641,0.14632654190063477
195801,0.16833758354187012
228043,0.16516423225402832
221866,0.17948412895202637
223929,0.15360689163208008
195755,0.17067360877990723
224995,0.15964365005493164
164326,0.15900015830993652
139940,0.1685500144958496
140555,0.16369366645812988
145747,0.17106938362121582
143180,0.1486494541168213
174881,0.16986322402954102
149081,0.16024184226989746
183841,0.1557307243347168
159072,0.1616683006286621
146309,0.15880870819091797
138330,0.1546792984008789
140515,0.1469895839691162
144737,0.17050600051879883
146366,0.1480259895324707
148697,0.16825199127197266
148227,0.15481781959533691
147602,0.15982341766357422
149145,0.17395615577697754
145103,0.1702871322631836
147988,0.15140700340270996
144579,0.17174744606018066
144714,0.1521148681640625
149931,0.16692304611206055
203311,0.1662132740020752
243496,0.1712033748626709
208060,0.1742417812347412
157115,0.171370267868042
157097,0.15393352508544922
150611,0.1549668312072754
149628,0.16601228713989258
152789,0.16645598411560059
248051,0.16930270195007324
185493,0.15488147735595703
154623,0.1570889949798584
144704,0.1693258285522461
154084,0.16345977783203125
154639,0.16620635986328125
187850,0.15065550804138184
200077,0.16241979598999023
203758,0.174515962600708
158542,0.16519641876220703
149472,0.15242266654968262
184043,0.1524801254272461
171950,0.16956830024719238
164733,0.18066835403442383
190723,0.17276334762573242
188185,0.21825504302978516
182388,0.16896629333496094
184321,0.17711091041564941
260035,0.19199180603027344
250999,0.15475916862487793
189168,0.16487741470336914
197685,0.1699373722076416
233647,0.16955232620239258
148559,0.15474867820739746
144022,0.15589499473571777
146323,0.1621847152709961
145431,0.15549302101135254
150817,0.1586899757385254
157415,0.16677641868591309
168614,0.1627824306488037
158111,0.16574335098266602
190257,0.1671907901763916
193094,0.16647815704345703
234680,0.15680313110351562
164124,0.153977632522583
239083,0.15701794624328613
246547,0.1607682704925537
158655,0.16266250610351562
150668,0.15365314483642578
155894,0.16258859634399414
151349,0.16452360153198242
155857,0.15291213989257812
167595,0.16073012351989746
206096,0.1660468578338623
223480,0.16736555099487305
246916,0.15766048431396484
177706,0.15758562088012695
150885,0.16904664039611816
154312,0.16905665397644043
178737,0.16649365425109863
289050,0.16788077354431152
313396,0.1693737506866455
185880,0.16459321975708008
230287,0.16914677619934082
149366,0.16146349906921387
149570,0.15146207809448242
159199,0.1624157428741455
207604,0.1635274887084961
215573,0.1685347557067871
172740,0.17192530632019043
210432,0.16849374771118164
165043,0.16944456100463867
213717,0.17357683181762695
163500,0.17233896255493164
158263,0.16659784317016602
205618,0.16202282905578613
219870,0.16571879386901855
208772,0.16736698150634766
228765,0.16869449615478516
180461,0.17033886909484863
149637,0.1660919189453125
149592,0.15858936309814453
173283,0.15869808197021484
245302,0.16524457931518555
246383,0.17221999168395996
223650,0.16172194480895996
248484,0.16978120803833008
232832,0.17145919799804688
233818,0.1607990264892578
220180,0.16204023361206055
156128,0.16210484504699707
155148,0.16556167602539062
211769,0.16722917556762695
170909,0.17241930961608887
160055,0.15193843841552734
206237,0.1714932918548584
165149,0.15901517868041992
153682,0.16799235343933105
159152,0.16699457168579102
230479,0.1635589599609375
245865,0.16813898086547852
159251,0.14115548133850098
164398,0.16197967529296875
221027,0.16694426536560059
