person 0.82127445936203 272 257 298 286
car 0.9809256196022034 686 215 753 272
car 0.9946033358573914 203 367 313 421
car 0.9157816767692566 189 499 309 575
car 0.9387353658676147 996 366 1064 416
car 0.7557494044303894 1018 267 1064 292
car 0.9933156371116638 619 89 642 105
car 0.9666078686714172 175 430 284 499
car 0.45071884989738464 1134 310 1161 335
car 0.9355168342590332 1028 302 1073 330
car 0.9861751794815063 111 382 191 427
car 0.9654862284660339 548 87 565 104
car 0.5641941428184509 1149 351 1181 377
traffic_light 0.39582860469818115 1103 279 1130 305
