person 0.6064167022705078 1143 312 1159 338
car 0.9584775567054749 1016 265 1068 296
car 0.906221330165863 173 432 283 497
car 0.9387915134429932 410 326 511 384
car 0.8276175260543823 188 498 310 576
car 0.9957337975502014 791 448 875 575
car 0.9872069954872131 564 177 591 205
car 0.7904407978057861 822 207 880 232
car 0.9506420493125916 516 120 541 145
car 0.6863222718238831 68 434 140 491
car 0.9589843153953552 511 177 538 202
car 0.9937839508056641 214 289 282 336
traffic_light 0.8694362044334412 719 211 743 241
traffic_light 0.7970649600028992 1106 273 1120 294
