person 0.9862952828407288 1071 236 1084 254
person 0.603613555431366 1103 279 1128 305
person 0.9610669016838074 940 194 953 218
car 0.9823160767555237 786 293 892 367
car 0.9963979721069336 590 90 619 110
car 0.9937350153923035 202 367 313 420
car 0.826960563659668 1120 315 1159 345
car 0.8768534660339355 187 498 311 575
car 0.6729685664176941 1019 267 1066 293
car 0.9423183798789978 175 431 284 498
car 0.9839609861373901 112 381 190 428
car 0.8620114922523499 1031 303 1069 328
traffic_light 0.6837498545646667 860 188 875 209
