person 0.6018264889717102 1104 279 1127 306
person 0.9682695269584656 1070 238 1084 256
person 0.9531010985374451 220 239 237 266
car 0.9934746623039246 806 246 879 302
car 0.9871828556060791 807 309 900 368
car 0.9947929978370667 204 367 311 420
car 0.9308677911758423 190 498 308 574
car 0.9725397825241089 176 430 283 499
car 0.9856122732162476 111 381 189 427
car 0.8597857356071472 1121 316 1159 345
car 0.6394652128219604 1019 267 1064 292
car 0.9925523996353149 616 119 643 146
car 0.9083192348480225 1029 303 1072 329
motorbike 0.5326583385467529 623 239 676 297
