person 0.9754788279533386 1070 238 1084 257
person 0.5943068861961365 1104 280 1127 306
person 0.9688926935195923 914 193 926 218
person 0.7265288829803467 273 257 298 287
car 0.9599568843841553 208 368 311 421
car 0.9708293080329895 113 381 187 427
car 0.9929143190383911 609 175 648 208
car 0.9649951457977295 583 113 610 145
car 0.9793550372123718 623 131 650 159
car 0.9824188351631165 645 157 673 181
car 0.9615989923477173 959 447 1050 541
car 0.882197916507721 644 88 664 103
car 0.9838410019874573 589 128 617 156
car 0.9912002682685852 681 161 718 184
car 0.9594157934188843 753 155 792 177
car 0.6776630878448486 1018 267 1063 293
car 0.9474092721939087 563 225 607 270
car 0.6811769008636475 515 185 536 214
traffic_light 0.9151464104652405 426 211 443 246
traffic_light 0.539638876914978 1142 314 1161 337
traffic_light 0.8476682305335999 900 186 912 212
