person 0.4789695739746094 1106 281 1127 304
person 0.6802024841308594 422 210 441 243
person 0.8768442273139954 912 213 925 240
person 0.7762073874473572 274 257 299 287
car 0.9431265592575073 206 367 312 423
car 0.9558549523353577 375 321 481 379
car 0.9860332608222961 558 179 589 206
car 0.9650166630744934 113 379 187 429
car 0.9893004298210144 151 296 222 329
car 0.9908487796783447 513 187 540 209
car 0.9864679574966431 641 157 674 181
car 0.9536557793617249 583 115 616 144
car 0.9167023301124573 865 316 940 382
car 0.9646481275558472 900 351 939 388
car 0.9811686277389526 558 166 585 192
car 0.9893895983695984 601 155 636 182
car 0.7831054329872131 1030 303 1073 329
car 0.9190779328346252 73 350 131 400
car 0.4834441542625427 1026 267 1064 291
traffic_light 0.6913450360298157 1142 316 1160 336
traffic_light 0.7934396266937256 780 211 808 239
traffic_light 0.9225040674209595 768 205 791 233
