person 0.7070462703704834 275 256 299 284
person 0.4264233708381653 711 193 742 223
car 0.9933132529258728 525 292 643 356
car 0.9784225225448608 561 161 587 191
car 0.9819164872169495 271 366 372 419
car 0.9424527287483215 925 320 987 375
car 0.9353170394897461 174 430 281 499
car 0.83360755443573 190 498 308 575
car 0.9559476375579834 68 434 141 489
car 0.8736506104469299 821 207 879 233
car 0.9852096438407898 491 201 530 229
car 0.9099253416061401 851 472 930 607
car 0.5482174754142761 1020 268 1067 292
car 0.9718590378761292 1 401 38 438
traffic_light 0.5005713701248169 1141 313 1159 336
traffic_light 0.8002137541770935 1069 240 1082 257
traffic_light 0.8832018375396729 1106 275 1119 294
