person 0.9344654083251953 866 190 882 215
person 0.5756714344024658 1080 267 1106 290
person 0.9194563031196594 1073 235 1084 253
person 0.7112310528755188 1142 315 1156 336
car 0.9954941272735596 837 407 952 483
car 0.9945595860481262 689 365 830 440
car 0.9851316809654236 587 113 617 138
car 0.9568333625793457 248 416 374 482
car 0.9864343404769897 949 247 1001 268
car 0.8916923403739929 85 488 177 551
car 0.9890140891075134 564 178 591 204
car 0.9616236090660095 993 261 1050 292
car 0.945487916469574 1035 291 1089 322
car 0.9332146644592285 672 157 713 182
