person 0.637423574924469 733 189 759 214
car 0.9531664252281189 855 265 927 312
car 0.9880849719047546 742 245 828 282
car 0.9827542901039124 565 178 590 206
car 0.9740559458732605 600 155 638 185
car 0.9271031022071838 1098 356 1147 400
car 0.628824770450592 255 323 338 371
car 0.9245511889457703 250 302 334 343
motorbike 0.9230547547340393 19 373 52 409
motorbike 0.4431529939174652 257 334 320 375
traffic_light 0.7295992374420166 864 192 882 213
traffic_light 0.8147880434989929 1072 236 1085 256
