person 0.4807014763355255 1140 313 1158 335
person 0.6197452545166016 1105 279 1125 304
person 0.8983238339424133 274 257 300 287
person 0.9719512462615967 1070 239 1084 257
car 0.9899265766143799 201 368 314 420
car 0.9096677899360657 190 500 309 576
car 0.9502060413360596 174 432 284 499
car 0.9595908522605896 113 382 189 427
car 0.9797539114952087 573 110 596 128
car 0.9732200503349304 610 112 634 131
car 0.38617992401123047 1022 268 1062 293
car 0.9844605326652527 662 136 691 159
car 0.9342887997627258 845 215 902 238
car 0.9033470153808594 1 428 36 474
car 0.8094738125801086 59 396 112 436
car 0.7183579802513123 1030 304 1070 328
car 0.9721466898918152 621 137 650 161
