person 0.8609050512313843 1074 237 1085 256
person 0.6926608085632324 1083 269 1105 290
car 0.9815705418586731 506 390 658 464
car 0.9479049444198608 663 451 805 524
car 0.977540135383606 950 246 999 268
car 0.7279582619667053 225 504 369 575
car 0.9630617499351501 1040 290 1091 320
car 0.9441686272621155 1013 254 1062 286
car 0.8850502371788025 168 433 263 494
car 0.9898058772087097 563 178 591 204
car 0.9728116989135742 586 97 613 116
car 0.9669113755226135 575 107 601 129
car 0.9786337614059448 46 487 128 547
