person 0.41674327850341797 1105 280 1128 305
car 0.8540117144584656 680 327 779 476
car 0.9615339636802673 208 368 311 421
car 0.9721428751945496 113 380 186 428
car 0.9561800956726074 634 561 728 691
car 0.9875743985176086 864 312 926 368
car 0.9856480360031128 590 135 616 157
car 0.9851720333099365 641 157 677 181
car 0.9745780825614929 623 133 648 157
car 0.742146372795105 1017 267 1064 292
car 0.8534489870071411 649 88 673 108
car 0.7283204197883606 742 179 774 199
traffic_light 0.9799990057945251 1031 376 1059 419
traffic_light 0.5400609374046326 1142 315 1160 336
traffic_light 0.8615907430648804 618 203 648 234
