person 0.6428630352020264 1106 274 1120 294
car 0.9799686670303345 973 246 1020 268
car 0.9547183513641357 1018 267 1067 295
car 0.9328349828720093 173 431 282 498
car 0.9247922897338867 191 498 308 574
car 0.8226697444915771 821 206 877 231
car 0.9787940979003906 563 165 589 195
car 0.7507765293121338 67 435 141 490
car 0.8990991711616516 620 97 639 112
car 0.9884939789772034 513 155 540 180
motorbike 0.40699002146720886 674 112 694 132
traffic_light 0.5696218013763428 1142 311 1159 337
traffic_light 0.7791640758514404 1147 261 1161 286
