person 0.4237681031227112 1143 314 1159 337
car 0.9934594631195068 636 256 720 308
car 0.9819694757461548 410 335 531 392
car 0.8273537755012512 880 352 956 450
car 0.8426638841629028 191 499 307 574
car 0.8951058387756348 173 432 283 498
car 0.9221377968788147 816 204 883 231
car 0.8940898776054382 1017 265 1069 295
car 0.9774051308631897 563 162 589 195
car 0.9703910946846008 715 167 750 188
car 0.5009498596191406 68 435 140 488
car 0.7863488793373108 966 306 1026 337
motorbike 0.7012279629707336 66 428 141 481
