person 0.5893921256065369 1105 281 1127 305
person 0.519417405128479 1143 315 1161 337
person 0.6434206962585449 1058 237 1080 254
car 0.9390298128128052 207 367 311 421
car 0.9785253405570984 114 380 185 427
car 0.9839817881584167 136 323 202 360
car 0.9643460512161255 823 242 884 291
car 0.7895385026931763 1020 267 1064 291
car 0.7701530456542969 727 172 758 192
car 0.48800280690193176 1048 481 1131 565
car 0.9853085875511169 640 157 675 181
car 0.9873714447021484 622 135 650 156
car 0.8491128087043762 405 228 475 281
traffic_light 0.5738632678985596 393 438 421 469
