person 0.5575178265571594 1142 312 1159 336
person 0.6111761331558228 1105 274 1120 294
car 0.9562358856201172 1015 262 1065 294
car 0.9425228834152222 173 431 282 496
car 0.9068840146064758 190 499 309 575
car 0.9447214603424072 63 333 104 367
car 0.8478502035140991 819 205 882 232
car 0.9392849206924438 616 86 634 99
car 0.9654555916786194 514 140 540 168
car 0.8888158798217773 68 436 142 489
car 0.9743623733520508 563 177 591 206
car 0.7441850304603577 1004 246 1037 266
car 0.9708425998687744 667 223 739 274
motorbike 0.5291945934295654 491 208 519 235
