person 0.8768011927604675 1073 235 1084 253
person 0.46683305501937866 1143 315 1156 336
car 0.9283619523048401 468 470 628 556
car 0.9432827830314636 358 408 502 482
car 0.9877699017524719 949 245 1002 268
car 0.9691981673240662 573 96 597 115
car 0.9691712260246277 1018 257 1064 292
car 0.9874380230903625 564 178 591 205
car 0.9578992128372192 1053 284 1107 319
car 0.6923372149467468 147 493 261 563
truck 0.7096466422080994 149 502 266 573
traffic_light 0.7294394969940186 885 190 898 213
traffic_light 0.4827027916908264 452 204 464 232
