person 0.8849711418151855 421 210 442 248
person 0.8458789587020874 274 256 298 287
person 0.9230350255966187 300 231 319 259
car 0.9684523344039917 203 368 315 425
car 0.989561140537262 582 115 614 145
car 0.9313042759895325 7 402 52 438
car 0.9958794116973877 594 151 630 181
car 0.9716101288795471 517 158 538 178
car 0.9040970206260681 549 96 563 112
car 0.9299028515815735 620 133 649 166
traffic_light 0.95371413230896 1143 314 1160 338
traffic_light 0.9538096189498901 890 214 901 236
traffic_light 0.7245990633964539 1070 239 1082 259
