person 0.4728342890739441 1143 314 1162 334
person 0.5682005286216736 1105 281 1130 305
person 0.957724928855896 1071 236 1085 255
person 0.5997000336647034 388 473 416 509
person 0.7224758863449097 365 526 393 553
car 0.959298312664032 209 369 311 421
car 0.9698919653892517 113 382 187 427
car 0.8612592220306396 932 331 1010 402
car 0.5861306190490723 72 338 115 371
car 0.9206349849700928 1096 341 1138 383
car 0.9636743664741516 327 258 395 305
car 0.5866153836250305 1019 267 1063 292
car 0.9242282509803772 1028 301 1077 330
car 0.9692636132240295 640 113 667 131
car 0.9900400042533875 621 136 650 157
