person 0.5903580784797668 1106 279 1127 302
person 0.9669411182403564 1071 238 1084 256
person 0.8520703911781311 272 257 299 287
car 0.9698087573051453 595 356 676 508
car 0.9027279019355774 1071 354 1124 390
car 0.9925958514213562 203 367 312 423
car 0.9346765279769897 189 500 309 576
car 0.9725225567817688 174 430 284 497
car 0.7136200666427612 1018 268 1063 292
car 0.9678868055343628 598 98 624 117
car 0.9778062701225281 111 381 190 428
car 0.908113420009613 1029 303 1073 329
car 0.9297682642936707 717 194 785 243
traffic_light 0.519243597984314 1141 313 1158 336
