person 0.6235334873199463 1141 313 1159 336
person 0.596024751663208 1106 279 1127 304
person 0.5314533710479736 1154 244 1174 261
person 0.9792389273643494 1071 237 1085 256
person 0.777471125125885 273 257 299 287
person 0.8463037014007568 859 188 875 209
car 0.9946200847625732 203 367 312 421
car 0.993765115737915 618 128 652 156
car 0.9591309428215027 1038 374 1100 413
car 0.951688826084137 187 498 311 575
car 0.9714846611022949 175 430 284 498
car 0.6121190786361694 1021 268 1065 292
car 0.98311847448349 111 381 190 428
car 0.8954601287841797 772 221 841 269
car 0.9949433207511902 585 127 615 152
