person 0.9800911545753479 1070 236 1085 255
person 0.6864253878593445 1106 278 1126 303
car 0.9717848300933838 929 348 1021 410
car 0.9925615191459656 203 367 312 421
car 0.9681486487388611 916 292 993 344
car 0.9817239046096802 629 140 662 167
car 0.969184160232544 189 498 309 574
car 0.9803126454353333 176 430 283 499
car 0.5786313414573669 1020 267 1065 292
car 0.969529390335083 699 234 771 298
car 0.9803034067153931 110 381 191 427
car 0.992061972618103 705 445 789 588
car 0.8157402873039246 67 435 141 490
car 0.9601978063583374 591 64 608 74
traffic_light 0.6275342702865601 1142 313 1159 336
