person 0.6627271175384521 1106 280 1126 303
person 0.7582438588142395 1141 314 1161 338
person 0.9556916952133179 1070 239 1084 258
person 0.7507990598678589 969 192 984 215
car 0.9494903683662415 209 368 311 422
car 0.9747526049613953 596 95 622 115
car 0.9434831738471985 113 380 187 427
car 0.5537170767784119 1022 267 1064 291
car 0.9544321298599243 550 570 695 689
car 0.9802104830741882 506 168 539 199
car 0.9905765056610107 622 133 651 154
car 0.6429042220115662 904 221 945 241
car 0.9515802264213562 9 404 57 440
car 0.9756425619125366 641 159 673 183
motorbike 0.6910099387168884 1086 383 1114 415
motorbike 0.3569006025791168 1140 337 1166 368
motorbike 0.6213878989219666 1031 303 1070 329
