person 0.6606614589691162 422 211 441 242
car 0.9612119197845459 519 273 635 329
car 0.9644533395767212 442 334 572 408
car 0.997158408164978 195 282 269 320
car 0.9642715454101562 207 368 312 422
car 0.9830467104911804 557 177 590 205
car 0.6966045498847961 804 540 946 684
car 0.9532833099365234 113 379 189 428
car 0.9894405007362366 512 185 539 209
car 0.9719313383102417 584 113 617 146
car 0.990882396697998 640 157 673 181
car 0.8381356596946716 108 354 161 381
car 0.9874288439750671 600 156 637 184
car 0.4798848628997803 273 260 299 289
car 0.7778986096382141 737 180 773 201
traffic_light 0.5803938508033752 1143 315 1161 337
traffic_light 0.5536143779754639 1106 280 1126 304
