person 0.7128314971923828 423 212 444 243
person 0.694471001625061 273 258 298 287
person 0.9110630750656128 1071 239 1084 258
car 0.8598873019218445 913 331 998 425
car 0.9873299598693848 558 179 590 209
car 0.9732266068458557 208 369 311 420
car 0.9843754172325134 115 380 185 428
car 0.963053822517395 584 111 617 144
car 0.939755916595459 811 253 877 308
car 0.9750869870185852 50 356 101 399
car 0.9950674772262573 641 158 672 181
car 0.867999792098999 667 107 694 124
car 0.9936761260032654 597 154 628 181
car 0.48824286460876465 1019 267 1061 294
car 0.9471774697303772 2 334 30 369
car 0.813637375831604 706 152 738 169
car 0.9828621745109558 683 158 719 179
car 0.9149373769760132 619 72 639 88
truck 0.41074901819229126 913 334 999 437
traffic_light 0.7727451920509338 1142 314 1160 337
traffic_light 0.4534093141555786 1105 280 1127 305
