person 0.8696996569633484 898 205 909 228
person 0.9534209966659546 1073 237 1085 256
person 0.6435657739639282 1105 281 1127 305
person 0.8914903998374939 425 210 447 248
person 0.7619481682777405 273 258 299 288
car 0.9605597853660583 206 368 312 421
car 0.9661740064620972 113 380 187 427
car 0.982269287109375 583 116 615 144
car 0.9920876622200012 606 158 639 186
car 0.4602205753326416 678 122 706 140
car 0.9706948399543762 620 134 650 160
car 0.6060360670089722 1022 267 1064 291
car 0.9418771266937256 560 189 593 223
car 0.9260385036468506 649 89 673 108
car 0.9889525175094604 642 157 671 181
traffic_light 0.6063932776451111 1142 315 1161 336
