person 0.9592182040214539 941 242 957 264
person 0.8149598836898804 423 211 441 241
person 0.8905833959579468 973 276 990 309
person 0.895388662815094 1070 238 1083 259
person 0.3811701834201813 1144 314 1160 337
person 0.8923352360725403 275 256 298 286
person 0.9463005661964417 297 229 317 259
car 0.985917866230011 355 265 434 314
car 0.9067476391792297 486 356 591 421
car 0.9597874879837036 562 261 661 315
car 0.9432282447814941 210 371 313 424
car 0.9747047424316406 189 331 262 373
car 0.970737874507904 556 160 586 188
car 0.7791459560394287 949 421 1035 515
car 0.9888650178909302 511 186 538 210
car 0.9104862213134766 115 380 186 427
car 0.9838472008705139 582 113 616 144
car 0.9617156386375427 16 368 50 404
car 0.9747607707977295 601 155 638 183
car 0.8467223644256592 803 247 854 282
car 0.9016180038452148 620 136 649 166
car 0.9700955152511597 641 158 672 181
