person 0.8722107410430908 1072 237 1086 256
car 0.9677207469940186 208 369 311 421
car 0.9786059260368347 113 381 187 428
car 0.993602454662323 622 132 650 155
car 0.9347493648529053 731 170 763 190
car 0.6502363681793213 1019 267 1065 292
car 0.8537421822547913 878 334 949 398
car 0.903785765171051 490 212 529 241
car 0.7953550219535828 1088 480 1136 556
car 0.9775852560997009 641 159 674 182
car 0.6600743532180786 512 166 537 194
car 0.8926700353622437 1028 301 1076 329
traffic_light 0.5412470698356628 377 263 390 292
traffic_light 0.7198701500892639 1143 315 1162 337
traffic_light 0.524675190448761 1105 280 1126 305
