person 0.9284747838973999 275 256 298 287
person 0.934771716594696 424 209 441 244
person 0.9350664019584656 299 230 319 260
car 0.9870284795761108 510 336 640 408
car 0.978706419467926 206 368 313 424
car 0.9035699367523193 807 550 948 688
car 0.9639685153961182 838 400 938 493
car 0.9760097861289978 929 404 1008 485
car 0.9940271377563477 585 115 615 145
car 0.9831113815307617 549 115 575 140
car 0.9602502584457397 509 176 538 208
car 0.995881199836731 594 151 631 182
car 0.9522872567176819 87 383 154 430
car 0.9649918079376221 619 133 649 168
traffic_light 0.7298948764801025 1144 314 1161 338
traffic_light 0.526049017906189 1163 268 1190 284
