person 0.8748084306716919 422 211 441 244
person 0.9415880441665649 961 258 980 290
person 0.8229239583015442 274 256 298 287
person 0.7534621357917786 1071 238 1084 259
person 0.9520505666732788 298 229 317 257
person 0.4575272798538208 1105 281 1128 305
car 0.9834042191505432 479 264 567 312
car 0.9812167286872864 319 322 412 371
car 0.941315770149231 679 296 792 379
car 0.9439386129379272 210 369 311 424
car 0.9879576563835144 79 352 138 388
car 0.9926222562789917 510 185 539 210
car 0.9476067423820496 116 382 186 427
car 0.9296551942825317 640 421 775 532
car 0.9512500166893005 858 311 930 376
car 0.9905847907066345 582 113 615 145
car 0.9854902029037476 554 152 585 179
car 0.9929303526878357 596 153 628 181
car 0.9889569878578186 640 157 671 181
car 0.9585889577865601 620 135 649 167
traffic_light 0.8841245174407959 1143 312 1161 336
traffic_light 0.9324455857276917 1109 270 1126 290
traffic_light 0.9093568921089172 834 226 872 260
