person 0.8468038439750671 423 208 440 241
person 0.8817808032035828 958 261 973 285
person 0.4800774157047272 1106 282 1126 305
person 0.886374294757843 297 229 317 257
car 0.968768835067749 594 402 752 506
car 0.9962413311004639 312 261 389 301
car 0.9333444833755493 665 313 796 397
car 0.9538108110427856 210 369 311 422
car 0.9924659729003906 512 187 540 210
car 0.9508797526359558 582 112 617 145
car 0.9809291362762451 559 178 589 204
car 0.8723347187042236 17 373 54 404
car 0.7056440114974976 792 234 842 270
car 0.9267466068267822 113 381 190 426
car 0.9416268467903137 221 330 297 358
car 0.9877378940582275 600 154 639 183
car 0.9888908863067627 639 158 671 181
motorbike 0.8583008646965027 147 312 189 343
traffic_light 0.6526438593864441 1144 313 1160 337
