car 0.9735268354415894 207 362 306 426
car 0.9822912216186523 668 315 792 390
car 0.9880387187004089 612 413 796 528
car 0.9946123361587524 556 179 590 204
car 0.996321439743042 598 390 672 453
car 0.9982812404632568 318 252 401 300
car 0.9972988963127136 508 185 540 209
car 0.9698576331138611 116 376 186 425
car 0.994248628616333 636 160 668 184
car 0.9796608090400696 24 367 60 392
car 0.9921109676361084 606 155 641 183
car 0.9929839372634888 681 161 718 183
car 0.8666926622390747 790 237 846 271
car 0.9925884008407593 697 457 801 532
car 0.9548625946044922 582 114 615 145
car 0.9732794761657715 446 354 557 400
