127621,0.05619525909423828
116651,0.0669710636138916
134100,0.061197519302368164
126182,0.05608081817626953
108534,0.06025433540344238
101482,0.05415201187133789
131007,0.06459569931030273
125501,0.06316685676574707
125958,0.07159209251403809
131151,0.06751370429992676
105758,0.05322694778442383
134271,0.0665431022644043
130496,0.05527973175048828
128402,0.061722755432128906
133400,0.07453036308288574
129552,0.06462478637695312
132648,0.05101156234741211
124386,0.06545710563659668
102681,0.03146672248840332
