69849,1.696805715560913,0.329048216342926,0.329048216342926,3.7890429496765137,0.8445231318473816
74077,1.4890806674957275,0.3172396421432495,0.3172396421432495,4.2980804443359375,0.8425732851028442
74027,1.3721745014190674,0.3613262176513672,0.3613262176513672,4.475284099578857,0.8473315834999084
63437,1.3277380466461182,0.34904855489730835,0.34904855489730835,3.432304859161377,0.8654951453208923
56195,1.5131068229675293,0.4115394353866577,0.4115394353866577,3.565967082977295,0.8776315450668335
55496,1.3863263130187988,0.35102811455726624,0.35102811455726624,4.064805030822754,0.88203364610672
69519,1.3471384048461914,0.3456065356731415,0.3456065356731415,4.5695576667785645,0.8485231399536133
73279,1.316213846206665,0.3784230947494507,0.3784230947494507,4.0559210777282715,0.8421289324760437
75165,1.3244092464447021,0.33645692467689514,0.33645692467689514,3.0035552978515625,0.842605710029602
75643,1.5485868453979492,0.37129902839660645,0.37129902839660645,3.50689959526062,0.8525888919830322
68814,1.5300166606903076,0.3362714648246765,0.3362714648246765,3.773048162460327,0.8590471744537354
58323,1.2163541316986084,0.359942227602005,0.359942227602005,3.908938407897949,0.8714173436164856
66166,1.4266383647918701,0.34468379616737366,0.34468379616737366,4.35032844543457,0.8548973798751831
79064,1.3307557106018066,0.3260192573070526,0.3260192573070526,4.151161193847656,0.8344739079475403
68926,1.530207872390747,0.3407258093357086,0.3407258093357086,4.425514221191406,0.8614665269851685
72992,1.1841270923614502,0.36365726590156555,0.36365726590156555,3.406991481781006,0.850021481513977
71647,1.3397836685180664,0.35677406191825867,0.35677406191825867,15.5864896774292,0.8494549989700317
65353,1.189728021621704,0.3528550863265991,0.3528550863265991,3.3333115577697754,0.8699856400489807
67366,1.2018487453460693,0.3872068524360657,0.3872068524360657,3.688908100128174,0.8600818514823914
71929,1.1910710334777832,0.33528152108192444,0.33528152108192444,5.287135601043701,0.8436435461044312
70455,1.187598466873169,0.34556859731674194,0.34556859731674194,3.308481454849243,0.859832763671875
25783,0.5925862789154053,0.3627111315727234,0.3627111315727234,3.031431198120117,0.8741692304611206
