149886,0.3217582702636719,0.17582125961780548,0.17582125961780548,15.819293975830078,0.926317036151886
145905,0.3108499050140381,0.15577039122581482,0.15577039122581482,14.37818717956543,0.8776067495346069
143898,0.33445119857788086,0.16901889443397522,0.16901889443397522,32.03380584716797,0.917930006980896
144722,0.3157315254211426,0.1707979291677475,0.1707979291677475,24.428272247314453,0.9121725559234619
154565,0.31586718559265137,0.18391966819763184,0.18391966819763184,40.07857131958008,0.9496127963066101
140091,0.30805540084838867,0.15906460583209991,0.15906460583209991,13.285855293273926,0.8852924704551697
137576,0.31296801567077637,0.15618444979190826,0.15618444979190826,17.320934295654297,0.8784278035163879
147025,0.3139512538909912,0.15623465180397034,0.15623465180397034,13.857318878173828,0.871503472328186
143041,0.3030087947845459,0.1566009223461151,0.1566009223461151,20.720849990844727,0.8795338273048401
149461,0.3172898292541504,0.16194206476211548,0.16194206476211548,18.97121810913086,0.8920276165008545
162882,0.32061147689819336,0.17951926589012146,0.17951926589012146,19.249204635620117,0.929948627948761
154512,0.3283967971801758,0.18731923401355743,0.18731923401355743,26.438629150390625,0.9496796727180481
137273,0.31897854804992676,0.16333359479904175,0.16333359479904175,12.903634071350098,0.8867723941802979
149037,0.3152332305908203,0.15568087995052338,0.15568087995052338,29.161806106567383,0.8641504645347595
142730,0.31198787689208984,0.17131726443767548,0.17131726443767548,34.14734649658203,0.9080084562301636
142861,0.3372766971588135,0.17420636117458344,0.17420636117458344,26.84303092956543,0.9246076941490173
145812,0.3248012065887451,0.16904982924461365,0.16904982924461365,13.025300025939941,0.9064238667488098
147493,0.31452274322509766,0.18399101495742798,0.18399101495742798,82.19149780273438,0.948133647441864
152388,0.31350278854370117,0.17796462774276733,0.17796462774276733,19.102596282958984,0.9312025308609009
144012,0.2980015277862549,0.15744467079639435,0.15744467079639435,21.246469497680664,0.885036289691925
145605,0.30524396896362305,0.1762017458677292,0.1762017458677292,16.947956085205078,0.9337406754493713
106554,0.16427850723266602,0.14932867884635925,0.14932867884635925,15.48831844329834,0.8612716794013977
