94801,0.30457544326782227,0.12255756556987762,0.12255756556987762,8.119050025939941,0.9185396432876587
84735,0.30190134048461914,0.117173932492733,0.117173932492733,11.317325592041016,0.9156711101531982
86810,0.30839061737060547,0.1236591562628746,0.1236591562628746,9.484901428222656,0.9233628511428833
89806,0.3047356605529785,0.12476908415555954,0.12476908415555954,12.364933967590332,0.9158573746681213
94429,0.3213202953338623,0.13135342299938202,0.13135342299938202,8.399012565612793,0.9539939165115356
88939,0.3135185241699219,0.12013091146945953,0.12013091146945953,7.099178791046143,0.912286639213562
89765,0.3211326599121094,0.12158841639757156,0.12158841639757156,10.488020896911621,0.913016140460968
90507,0.31056833267211914,0.12188670784235,0.12188670784235,7.4682087898254395,0.9091025590896606
88874,0.2979567050933838,0.12270613759756088,0.12270613759756088,7.856771945953369,0.9128841161727905
96217,0.2929863929748535,0.1252140998840332,0.1252140998840332,8.370159149169922,0.9215790629386902
96377,0.31199145317077637,0.13166923820972443,0.13166923820972443,10.28663444519043,0.9462195634841919
88829,0.29901647567749023,0.12965194880962372,0.12965194880962372,9.323210716247559,0.9491164684295654
86966,0.29962849617004395,0.11880072951316833,0.11880072951316833,6.517808437347412,0.9076999425888062
89443,0.29604578018188477,0.12068482488393784,0.12068482488393784,9.943892478942871,0.9097033739089966
91293,0.30055665969848633,0.1283462643623352,0.1283462643623352,15.956960678100586,0.9395629167556763
91085,0.2900245189666748,0.1239900216460228,0.1239900216460228,7.769314765930176,0.9195583462715149
89531,0.3000602722167969,0.1232229620218277,0.1232229620218277,6.787973403930664,0.9259676337242126
95434,0.2913696765899658,0.12950323522090912,0.12950323522090912,16.45198631286621,0.9390726685523987
94773,0.2938370704650879,0.12971261143684387,0.12971261143684387,7.101106643676758,0.933772623538971
90282,0.3006608486175537,0.1212293952703476,0.1212293952703476,10.968000411987305,0.9130392670631409
86683,0.302234411239624,0.12614493072032928,0.12614493072032928,11.002447128295898,0.9396511912345886
62219,0.16199088096618652,0.1175505518913269,0.1175505518913269,7.982386589050293,0.9149964451789856
