81975,0.33971285820007324,0.26007506251335144,0.26007506251335144,61.279170989990234,1.0520445108413696
80768,0.31206703186035156,0.16266794502735138,0.16266794502735138,29.382720947265625,1.0135056972503662
79520,0.32103991508483887,0.27262502908706665,0.27262502908706665,21.10272789001465,1.0580551624298096
81362,0.31632304191589355,0.21205253899097443,0.21205253899097443,17.4615421295166,1.0261738300323486
81274,0.3083345890045166,0.2140963226556778,0.2140963226556778,17.45134735107422,1.0562384128570557
80721,0.31093311309814453,0.174660325050354,0.174660325050354,29.192432403564453,1.0209486484527588
81109,0.31754112243652344,0.18450717628002167,0.18450717628002167,16.75145721435547,1.0184872150421143
81357,0.33434343338012695,0.18046753108501434,0.18046753108501434,16.16763687133789,1.0468086004257202
83062,0.3125030994415283,0.179429292678833,0.179429292678833,18.92898178100586,1.0530880689620972
81273,0.3111155033111572,0.20210590958595276,0.20210590958595276,17.117921829223633,1.0082991123199463
80906,0.3740270137786865,0.17666681110858917,0.17666681110858917,15.677613258361816,1.0310570001602173
79421,0.34282445907592773,0.181512713432312,0.181512713432312,66.88261413574219,1.058014154434204
79258,0.3138573169708252,0.1679186075925827,0.1679186075925827,15.779691696166992,0.9964256286621094
85724,0.30817413330078125,0.1687503159046173,0.1687503159046173,25.014789581298828,1.034887671470642
81105,0.3075988292694092,0.188665509223938,0.188665509223938,25.79338264465332,1.0456210374832153
82208,0.32260656356811523,0.1790832132101059,0.1790832132101059,16.3493709564209,1.033243179321289
81192,0.3099062442779541,0.1727083921432495,0.1727083921432495,18.545883178710938,1.0244015455245972
83724,0.3071587085723877,0.17393040657043457,0.17393040657043457,15.17510986328125,1.0416390895843506
80604,0.3209104537963867,0.18983055651187897,0.18983055651187897,26.648380279541016,1.0380398035049438
81571,0.3121316432952881,0.1744585484266281,0.1744585484266281,19.01093292236328,1.0150301456451416
78486,0.31098341941833496,0.192939892411232,0.192939892411232,24.648448944091797,1.0592741966247559
47078,0.16027021408081055,0.28163301944732666,0.28163301944732666,19.902339935302734,1.0263755321502686
