102238,0.3739132881164551,0.34191635251045227,0.34191635251045227,33.59901809692383,0.1829664707183838
98505,0.3141181468963623,0.3615404963493347,0.3615404963493347,0.8736576437950134,0.17347821593284607
98686,0.3152329921722412,0.3673917055130005,0.3673917055130005,0.8933814167976379,0.17974960803985596
100823,0.3614983558654785,0.3489895462989807,0.3489895462989807,0.7612470388412476,0.18527767062187195
108008,0.31245875358581543,0.41935813426971436,0.41935813426971436,0.6412070989608765,0.19593021273612976
90592,0.3182337284088135,0.36514782905578613,0.36514782905578613,0.816233217716217,0.17343223094940186
96053,0.31960415840148926,0.2724781334400177,0.2724781334400177,1.0048691034317017,0.16904377937316895
102163,0.31331777572631836,0.3006056845188141,0.3006056845188141,0.7098523378372192,0.1734650582075119
99235,0.3126411437988281,0.3846220374107361,0.3846220374107361,1.3891429901123047,0.17809106409549713
104668,0.3178246021270752,0.32623186707496643,0.32623186707496643,0.8701732754707336,0.18215520679950714
112386,0.33571863174438477,0.3458262085914612,0.3458262085914612,0.888848602771759,0.19010600447654724
99550,0.3138620853424072,0.3734135627746582,0.3734135627746582,0.8242453336715698,0.1933354288339615
93908,0.30885934829711914,0.4299435615539551,0.4299435615539551,0.8008983731269836,0.17200739681720734
100127,0.3201894760131836,0.51482754945755,0.51482754945755,0.6710741519927979,0.16983658075332642
100767,0.3145637512207031,0.36089277267456055,0.36089277267456055,0.7640483379364014,0.18820820748806
102682,0.3153417110443115,0.3066732883453369,0.3066732883453369,0.8887116312980652,0.18284860253334045
98510,0.31710052490234375,0.3575216829776764,0.3575216829776764,0.7025393843650818,0.1846669465303421
97950,0.31003403663635254,0.3829217553138733,0.3829217553138733,1.115975022315979,0.19670000672340393
100559,0.32489705085754395,0.3862868845462799,0.3862868845462799,0.8161190748214722,0.18996523320674896
97712,0.330308198928833,0.298535019159317,0.298535019159317,0.7729290723800659,0.17790566384792328
96118,0.31572532653808594,0.4422551989555359,0.4422551989555359,0.9312039613723755,0.1895153522491455
67211,0.1654064655303955,0.3010036051273346,0.3010036051273346,0.6900489926338196,0.1678699404001236
