33593,3.618760347366333,0.6541844010353088,0.6541844010353088,3.709163188934326,0.9092981219291687
34313,3.814218044281006,0.5712754130363464,0.5712754130363464,3.6019771099090576,0.8984776735305786
31664,3.9504458904266357,0.5851338505744934,0.5851338505744934,4.379806041717529,0.9183007478713989
31798,3.508606433868408,0.7689371705055237,0.7689371705055237,4.13364315032959,0.9139085412025452
30383,3.4565486907958984,0.6013701558113098,0.6013701558113098,3.586357831954956,0.9026321172714233
30028,3.9179179668426514,0.624306857585907,0.624306857585907,3.8535709381103516,0.90830397605896
32286,3.398165464401245,0.5763568878173828,0.5763568878173828,4.361477851867676,0.9196286201477051
33046,3.6660420894622803,0.5803940296173096,0.5803940296173096,4.1225481033325195,0.9133644700050354
35192,3.6369035243988037,0.5811164379119873,0.5811164379119873,3.73874568939209,0.9037615656852722
32722,3.135127067565918,0.6785309314727783,0.6785309314727783,3.515737771987915,0.9095667600631714
29639,3.0598180294036865,0.6473050713539124,0.6473050713539124,4.193211555480957,0.9135413765907288
30456,3.039325475692749,0.6125468611717224,0.6125468611717224,4.824329853057861,0.9114325046539307
30013,3.321399450302124,0.6155494451522827,0.6155494451522827,3.4310715198516846,0.9052085876464844
32721,3.2752044200897217,0.5862807035446167,0.5862807035446167,3.7418439388275146,0.8944870829582214
31135,2.985485792160034,0.6464146971702576,0.6464146971702576,3.8907666206359863,0.9188661575317383
31464,3.3842403888702393,0.5757618546485901,0.5757618546485901,3.9728190898895264,0.8862928748130798
32805,2.9823482036590576,0.6219662427902222,0.6219662427902222,3.6495964527130127,0.9035977721214294
30724,3.200615644454956,0.6836222410202026,0.6836222410202026,5.543267250061035,0.9186984896659851
30919,3.4119582176208496,0.6029170751571655,0.6029170751571655,5.180542945861816,0.9069380164146423
33033,3.416653633117676,0.6158855557441711,0.6158855557441711,4.446449279785156,0.9012335538864136
33219,2.8767402172088623,0.6305063962936401,0.6305063962936401,4.239432334899902,0.8982642292976379
14841,1.4295070171356201,0.5640004873275757,0.5640004873275757,4.35746431350708,0.903577983379364
