66797,1.8291821479797363,0.2999734878540039,0.2999734878540039,49.549049377441406,1.0480908155441284
71752,1.708801031112671,0.28586772084236145,0.28586772084236145,21.351295471191406,1.034421443939209
68907,1.6302101612091064,0.29469501972198486,0.29469501972198486,22.88886260986328,1.0652559995651245
70709,1.677668571472168,0.29729393124580383,0.29729393124580383,28.111968994140625,1.0625090599060059
62581,1.6278009414672852,0.30917707085609436,0.30917707085609436,24.120500564575195,1.0920320749282837
67230,1.5597424507141113,0.3033623695373535,0.3033623695373535,28.20009994506836,1.0791277885437012
70139,1.638284683227539,0.2924054265022278,0.2924054265022278,42.15495681762695,1.0627211332321167
70162,1.6467170715332031,0.30349382758140564,0.30349382758140564,25.091487884521484,1.0524805784225464
67684,1.5583915710449219,0.2859495282173157,0.2859495282173157,23.627098083496094,1.0463606119155884
69384,1.6021783351898193,0.29614531993865967,0.29614531993865967,22.400951385498047,1.0378446578979492
64677,1.6333866119384766,0.2997760474681854,0.2997760474681854,29.315052032470703,1.08065927028656
63728,1.5692875385284424,0.30106276273727417,0.30106276273727417,64.08828735351562,1.075234293937683
64466,1.5576519966125488,0.3002568781375885,0.3002568781375885,29.59807777404785,1.0789909362792969
72086,1.591803789138794,0.2935318946838379,0.2935318946838379,36.30758285522461,1.0335744619369507
67300,1.5805304050445557,0.2957684397697449,0.2957684397697449,22.487462997436523,1.0583386421203613
67667,1.5700335502624512,0.2924521565437317,0.2924521565437317,28.760698318481445,1.0619592666625977
66504,1.574131727218628,0.536220371723175,0.536220371723175,31.657243728637695,1.0608819723129272
65307,1.4819025993347168,0.30383455753326416,0.30383455753326416,26.63153839111328,1.0835086107254028
63552,1.5414378643035889,0.30329629778862,0.30329629778862,40.27976608276367,1.0760663747787476
70740,1.5541515350341797,0.29049602150917053,0.29049602150917053,41.16239929199219,1.0610891580581665
65791,1.5380585193634033,0.30048510432243347,0.30048510432243347,25.202573776245117,1.0771843194961548
30745,0.596555233001709,0.31531453132629395,0.31531453132629395,24.991687774658203,1.1142103672027588
