96248,0.6755707263946533,0.09875559061765671,0.09875559061765671,7.923254013061523,0.8599547147750854
105854,0.6564483642578125,0.08866000920534134,0.08866000920534134,9.364349365234375,0.8062986731529236
112992,0.6345012187957764,0.09038936346769333,0.09038936346769333,8.028366088867188,0.799034059047699
109880,0.6297485828399658,0.09279011934995651,0.09279011934995651,9.720311164855957,0.8142509460449219
109253,0.8620641231536865,0.09458407759666443,0.09458407759666443,7.6548285484313965,0.8185223340988159
122053,0.7832350730895996,0.09610391408205032,0.09610391408205032,16.556169509887695,0.8233979344367981
118434,0.6471037864685059,0.08724330365657806,0.08724330365657806,15.739089012145996,0.7824541926383972
103928,0.6617848873138428,0.09198010712862015,0.09198010712862015,10.007448196411133,0.8241891264915466
107956,0.6572718620300293,0.09012456238269806,0.09012456238269806,9.958756446838379,0.8030153512954712
102669,0.620030403137207,0.0955006405711174,0.0955006405711174,8.8468599319458,0.8237820267677307
111752,0.6277675628662109,0.09691023826599121,0.09691023826599121,7.2110443115234375,0.8282402753829956
110691,0.6333632469177246,0.09551545977592468,0.09551545977592468,31.913869857788086,0.8285661339759827
108809,0.6584329605102539,0.09164957702159882,0.09164957702159882,8.034571647644043,0.8027073740959167
108187,0.8940591812133789,0.09102404862642288,0.09102404862642288,7.421719074249268,0.7977262139320374
124195,0.6254909038543701,0.09156334400177002,0.09156334400177002,7.992818832397461,0.8011998534202576
121346,0.9550063610076904,0.09064764529466629,0.09064764529466629,8.237180709838867,0.7960270047187805
112045,0.6470091342926025,0.0922955572605133,0.0922955572605133,9.550765037536621,0.8083059191703796
116413,0.6425375938415527,0.09542033821344376,0.09542033821344376,9.131508827209473,0.8195634484291077
107566,0.8322920799255371,0.09528905898332596,0.09528905898332596,8.461853981018066,0.824317455291748
110218,0.8784587383270264,0.09172877669334412,0.09172877669334412,7.635316848754883,0.8107808232307434
118709,0.6411612033843994,0.09480103105306625,0.09480103105306625,15.251232147216797,0.8127925992012024
77941,0.3278529644012451,0.09210258722305298,0.09210258722305298,7.509016513824463,0.8149987459182739
