48749,1.5711181163787842,1.5258969068527222,1.5258969068527222,5.65552282333374,0.9483376145362854
54347,1.4455764293670654,1.406708002090454,1.406708002090454,4.3765549659729,0.9335756897926331
56569,1.5141146183013916,1.3046278953552246,1.3046278953552246,4.455808162689209,0.9415225386619568
52420,1.4426865577697754,1.74972665309906,1.74972665309906,10.599287033081055,0.9482131004333496
50935,1.4178504943847656,1.5635607242584229,1.5635607242584229,4.146684646606445,0.9553954601287842
53823,1.6047570705413818,1.6843560934066772,1.6843560934066772,5.925644874572754,0.9736896753311157
53579,1.4412052631378174,1.774547815322876,1.774547815322876,4.2536234855651855,0.9440872073173523
55393,1.4301187992095947,1.4887560606002808,1.4887560606002808,4.206616401672363,0.93772292137146
54690,1.399273157119751,inf,inf,4.06635046005249,0.9372338056564331
53838,1.4702751636505127,2.0898051261901855,2.0898051261901855,4.938615798950195,0.9479654431343079
51439,1.3394274711608887,1.615335464477539,1.615335464477539,4.306741237640381,0.9614487886428833
51623,1.2204337120056152,1.5835793018341064,1.5835793018341064,4.2370924949646,0.9636569023132324
51963,1.2809007167816162,inf,inf,5.132951259613037,0.9527828097343445
65650,1.1999809741973877,1.6917303800582886,1.6917303800582886,3.7779290676116943,0.9268242716789246
52116,1.4048774242401123,inf,inf,3.9455807209014893,0.9507536292076111
49532,1.213449478149414,1.3840135335922241,1.3840135335922241,4.8365888595581055,0.9515956044197083
51739,1.1808512210845947,1.4867398738861084,1.4867398738861084,6.26200532913208,0.9432476162910461
55189,1.1821129322052002,1.5454970598220825,1.5454970598220825,5.094083786010742,0.9699317812919617
53527,1.1645698547363281,2.2849957942962646,2.2849957942962646,4.503536224365234,0.9517130851745605
50358,1.206601858139038,1.5279313325881958,1.5279313325881958,4.457867622375488,0.9485982656478882
50234,1.1993160247802734,1.6494842767715454,1.6494842767715454,3.945624828338623,0.9584051966667175
20018,0.5850584506988525,1.5460472106933594,1.5460472106933594,4.686059474945068,0.9694794416427612
