63103,1.2996346950531006,2.977609157562256,2.977609157562256,26.35393714904785,1.2702792882919312
61566,1.4134454727172852,inf,inf,21.712186813354492,1.241996169090271
73411,1.2251005172729492,2.958388566970825,2.958388566970825,13.278059959411621,1.2721797227859497
69457,1.2669332027435303,3.349644660949707,3.349644660949707,12.803633689880371,1.2329638004302979
72485,1.246203899383545,4.002202033996582,4.002202033996582,15.704230308532715,1.2605589628219604
73465,1.202876091003418,3.364264726638794,3.364264726638794,12.572301864624023,1.2746241092681885
67952,1.2299811840057373,3.4188430309295654,3.4188430309295654,13.923091888427734,1.2750914096832275
57905,1.2678656578063965,3.113663673400879,3.113663673400879,16.82788848876953,1.2251533269882202
70399,1.188993215560913,3.3590433597564697,3.3590433597564697,12.936599731445312,1.2219476699829102
65010,1.2473676204681396,3.6044063568115234,3.6044063568115234,12.726873397827148,1.2337119579315186
68268,1.2299902439117432,3.5051839351654053,3.5051839351654053,12.504012107849121,1.2412924766540527
69053,1.218259334564209,3.053899049758911,3.053899049758911,22.25068473815918,1.253678798675537
76428,1.2704975605010986,inf,inf,14.60932445526123,1.2658610343933105
65202,1.163602590560913,3.2993249893188477,3.2993249893188477,13.759856224060059,1.220908522605896
62815,1.1936397552490234,3.655574083328247,3.655574083328247,18.822872161865234,1.2332115173339844
70962,1.1640617847442627,3.08317494392395,3.08317494392395,12.047675132751465,1.2504613399505615
61903,1.1718924045562744,3.388343334197998,3.388343334197998,20.241424560546875,1.2594918012619019
63406,1.2054612636566162,inf,inf,10.388056755065918,1.296022653579712
71247,1.1435840129852295,3.8224503993988037,3.8224503993988037,15.5335693359375,1.2779831886291504
77169,1.1713814735412598,inf,inf,18.82581901550293,1.2574187517166138
64648,1.1689462661743164,inf,inf,13.205121994018555,1.2531486749649048
19592,0.5342855453491211,4.468950271606445,4.468950271606445,18.783546447753906,1.2949055433273315
