165893,0.2960784435272217,0.16299153864383698,0.16299153864383698,15.763298034667969,0.9275771975517273
167943,0.31224656105041504,0.14718836545944214,0.14718836545944214,12.344313621520996,0.8799859881401062
154207,0.31172704696655273,0.16311801970005035,0.16311801970005035,11.856877326965332,0.9337984323501587
168055,0.5234146118164062,0.16014552116394043,0.16014552116394043,11.03943157196045,0.920928955078125
179872,0.3410205841064453,0.17171581089496613,0.17171581089496613,14.81210708618164,0.9490582346916199
171502,0.32450389862060547,0.16949717700481415,0.16949717700481415,13.448334693908691,0.9242792129516602
167892,0.30649352073669434,0.1562381088733673,0.1562381088733673,10.016904830932617,0.9060611128807068
156656,0.4169795513153076,0.1551632583141327,0.1551632583141327,10.375471115112305,0.9047430753707886
156025,0.3054482936859131,0.15519577264785767,0.15519577264785767,14.755524635314941,0.8946208953857422
154486,0.3077728748321533,0.16228900849819183,0.16228900849819183,18.536712646484375,0.9131932854652405
162302,0.313612699508667,0.182289719581604,0.182289719581604,14.4735746383667,0.9745796918869019
150855,0.2985851764678955,0.18071983754634857,0.18071983754634857,19.10773468017578,0.9612401723861694
169119,0.30054259300231934,0.16319622099399567,0.16319622099399567,29.17776870727539,0.9146229028701782
149795,0.31301021575927734,0.15603476762771606,0.15603476762771606,13.017011642456055,0.9051429033279419
161035,0.3009481430053711,0.1716700941324234,0.1716700941324234,16.006959915161133,0.9346399307250977
166305,0.31156468391418457,0.16688089072704315,0.16688089072704315,11.559053421020508,0.9315008521080017
143263,0.30521297454833984,0.17184822261333466,0.17184822261333466,12.261178016662598,0.9459805488586426
166619,0.3172264099121094,0.1773914396762848,0.1773914396762848,14.473973274230957,0.9546797871589661
156429,0.3081493377685547,0.17676639556884766,0.17676639556884766,14.196925163269043,0.9567276239395142
149478,0.31856250762939453,0.16385222971439362,0.16385222971439362,33.70949172973633,0.9195689558982849
164007,0.30422472953796387,0.17031535506248474,0.17031535506248474,21.610212326049805,0.9325754046440125
141850,0.162611722946167,0.143528014421463,0.143528014421463,87.78449249267578,0.8567198514938354
