57154,1.5405914783477783,2.2948038578033447,2.2948038578033447,6.9984540939331055,0.9774199724197388
58537,1.5453670024871826,inf,inf,4.526116371154785,0.9704887866973877
57208,1.4493744373321533,inf,inf,6.207008361816406,0.9788097143173218
59787,1.3655965328216553,3.036526918411255,3.036526918411255,4.816266059875488,0.9722194075584412
53850,1.5289950370788574,3.5826029777526855,3.5826029777526855,7.820319175720215,0.9822707176208496
53557,1.4786436557769775,inf,inf,7.383495807647705,0.9882379770278931
58312,1.3726680278778076,inf,inf,7.1142897605896,0.964173436164856
60121,1.346604824066162,2.4369494915008545,2.4369494915008545,4.465964317321777,0.9642261862754822
61053,1.3145782947540283,2.3743300437927246,2.3743300437927246,5.04929780960083,0.9790580868721008
62258,1.3530380725860596,2.630430221557617,2.630430221557617,4.618391036987305,0.9794900417327881
52070,1.623046636581421,2.7035179138183594,2.7035179138183594,4.475499629974365,0.986446738243103
54720,1.2852742671966553,2.7395737171173096,2.7395737171173096,6.762218475341797,0.9869478940963745
53913,1.3311359882354736,2.6439690589904785,2.6439690589904785,5.649176120758057,0.9755105376243591
60933,1.2983169555664062,2.863391399383545,2.863391399383545,6.224693298339844,0.9644353985786438
52201,1.6342647075653076,2.386417865753174,2.386417865753174,7.034262657165527,0.9811657071113586
56666,1.1957876682281494,inf,inf,4.960495471954346,0.9765037298202515
56535,1.2983417510986328,2.379429817199707,2.379429817199707,5.592923641204834,0.9765747785568237
54452,1.19278883934021,inf,inf,5.955270767211914,0.983733057975769
52460,1.3210551738739014,2.5078721046447754,2.5078721046447754,5.563432693481445,0.9880864024162292
59102,1.2347383499145508,2.8410861492156982,2.8410861492156982,5.736704349517822,0.9714987277984619
57077,1.272244930267334,2.679100275039673,2.679100275039673,5.276453495025635,0.9871408343315125
22629,0.6177172660827637,3.0435736179351807,3.0435736179351807,4.940384387969971,0.9980707168579102
