75487,0.32408809661865234,0.11208681762218475,0.11208681762218475,11.123259544372559,1.0003019571304321
71298,0.3000624179840088,0.11147400736808777,0.11147400736808777,14.854744911193848,0.9839832186698914
72548,0.3045816421508789,0.11630728840827942,0.11630728840827942,12.164634704589844,1.0048062801361084
77176,0.29335522651672363,0.11440683156251907,0.11440683156251907,14.349151611328125,1.0157922506332397
75191,0.29290199279785156,0.12147428095340729,0.12147428095340729,11.215108871459961,1.0119304656982422
76066,0.3086581230163574,0.11862748861312866,0.11862748861312866,12.634207725524902,0.9956470727920532
72465,0.32895565032958984,0.11516790091991425,0.11516790091991425,24.160844802856445,0.987625777721405
72892,0.310361385345459,0.11511091887950897,0.11511091887950897,12.302888870239258,0.9995043277740479
73086,0.329542875289917,0.11621709913015366,0.11621709913015366,11.152240753173828,1.0048208236694336
79225,0.2967641353607178,0.11551725119352341,0.11551725119352341,16.44783592224121,1.0009523630142212
74501,0.29451608657836914,0.12087712436914444,0.12087712436914444,10.180070877075195,1.0121262073516846
74089,0.2996408939361572,0.12026689946651459,0.12026689946651459,12.981928825378418,1.0348422527313232
71277,0.30626869201660156,0.11756086349487305,0.11756086349487305,10.918242454528809,0.9890927672386169
77468,0.30585289001464844,0.10991131514310837,0.10991131514310837,9.45811653137207,0.999344527721405
76054,0.2953808307647705,0.11753115057945251,0.11753115057945251,8.811593055725098,1.0068156719207764
74251,0.2890491485595703,0.11666666716337204,0.11666666716337204,27.399267196655273,1.0057971477508545
76348,0.29850125312805176,0.11777766048908234,0.11777766048908234,11.149992942810059,1.00631844997406
76050,0.291126012802124,0.11686286330223083,0.11686286330223083,12.978372573852539,1.0036436319351196
74179,0.29300475120544434,0.11635912209749222,0.11635912209749222,13.484747886657715,1.0021929740905762
74907,0.30158448219299316,0.11066412925720215,0.11066412925720215,9.699899673461914,0.9827271699905396
72246,0.30298328399658203,0.12160597741603851,0.12160597741603851,12.129326820373535,1.0168629884719849
46697,0.16334795951843262,0.11612744629383087,0.11612744629383087,9.3599271774292,1.0041152238845825
