86231,0.2181394100189209,0.17103441059589386,0.17103441059589386,17.142988204956055,1.1253101825714111
86460,0.18481183052062988,0.22487223148345947,0.22487223148345947,25.24987030029297,1.0664615631103516
86610,0.1884317398071289,0.1541564017534256,0.1541564017534256,19.37922477722168,1.0745048522949219
86506,0.18810606002807617,0.15999913215637207,0.15999913215637207,18.562210083007812,1.0900177955627441
86210,0.1921083927154541,0.1645481437444687,0.1645481437444687,20.70817756652832,1.0998739004135132
86692,0.18511152267456055,0.16766732931137085,0.16766732931137085,15.589082717895508,1.0557599067687988
86563,0.18631935119628906,0.1632453352212906,0.1632453352212906,16.891883850097656,1.0580295324325562
86221,0.18544316291809082,0.1534527689218521,0.1534527689218521,14.139634132385254,1.0762150287628174
87321,0.18344569206237793,0.14604464173316956,0.14604464173316956,30.28666114807129,1.0402276515960693
90955,0.18981313705444336,0.14816591143608093,0.14816591143608093,16.097829818725586,1.0370945930480957
88944,0.18992972373962402,0.165321484208107,0.165321484208107,29.890811920166016,1.1027202606201172
86446,0.29396796226501465,0.1693887859582901,0.1693887859582901,18.803207397460938,1.127601981163025
86095,0.1848769187927246,0.15086540579795837,0.15086540579795837,25.41322135925293,1.040920376777649
86837,0.17400455474853516,0.15162895619869232,0.15162895619869232,17.121694564819336,1.0664334297180176
87143,0.18179988861083984,0.16445201635360718,0.16445201635360718,15.928735733032227,1.0865628719329834
85896,0.18228554725646973,0.16027449071407318,0.16027449071407318,29.400699615478516,1.0886439085006714
89421,0.18262767791748047,0.15980874001979828,0.15980874001979828,13.710569381713867,1.0878275632858276
87280,0.1833651065826416,0.17022356390953064,0.17022356390953064,19.578718185424805,1.1193413734436035
87274,0.17736363410949707,0.16774173080921173,0.16774173080921173,19.40310287475586,1.1033782958984375
87691,0.18117475509643555,0.15104132890701294,0.15104132890701294,16.80457305908203,1.049074649810791
85440,0.18430137634277344,0.1629112958908081,0.1629112958908081,79.79618835449219,1.1087090969085693
56601,0.10506796836853027,0.15425145626068115,0.15425145626068115,16.646617889404297,1.0656694173812866
