38375,3.7659354209899902,0.23985446989536285,0.23985446989536285,16.177845001220703,1.0264546871185303
39754,3.1201424598693848,0.24413609504699707,0.24413609504699707,15.567116737365723,1.0259894132614136
41277,3.3817245960235596,0.26951083540916443,0.26951083540916443,18.610788345336914,1.023010015487671
41475,3.293200731277466,0.24369899928569794,0.24369899928569794,19.310457229614258,1.0187357664108276
34896,3.1834211349487305,0.25084951519966125,0.25084951519966125,15.578691482543945,1.0504584312438965
35801,3.366429090499878,0.2571818232536316,0.2571818232536316,18.56377410888672,1.0477608442306519
40068,3.1577060222625732,0.24885761737823486,0.24885761737823486,15.773432731628418,1.002811074256897
36669,3.144606590270996,0.25039592385292053,0.25039592385292053,19.084144592285156,1.06143057346344
41369,3.302612543106079,0.24731341004371643,0.24731341004371643,16.179779052734375,1.0108407735824585
35323,2.998486042022705,0.24618053436279297,0.24618053436279297,21.587289810180664,1.0353230237960815
33631,3.2449793815612793,0.2617291808128357,0.2617291808128357,17.618083953857422,1.0754632949829102
36244,2.93424129486084,0.24863436818122864,0.24863436818122864,24.673765182495117,1.0349726676940918
35797,2.8907275199890137,0.2550028860569,0.2550028860569,16.293413162231445,1.0514848232269287
38608,3.0586767196655273,0.24529486894607544,0.24529486894607544,20.837533950805664,1.0871877670288086
35709,2.9071831703186035,0.250275194644928,0.250275194644928,34.3348503112793,1.0337071418762207
37135,2.9513602256774902,0.2468663454055786,0.2468663454055786,28.45615577697754,1.0235326290130615
38095,2.93161940574646,0.2769729793071747,0.2769729793071747,16.59089469909668,1.0537211894989014
36488,3.1179745197296143,0.24907806515693665,0.24907806515693665,18.28837013244629,1.03923761844635
32404,3.1796352863311768,0.2619886100292206,0.2619886100292206,19.05685806274414,1.0839953422546387
37367,3.293440103530884,0.24443773925304413,0.24443773925304413,19.680511474609375,1.029714584350586
36770,2.8999710083007812,0.27298280596733093,0.27298280596733093,14.809554100036621,1.0411198139190674
15086,1.4308404922485352,0.2527344822883606,0.2527344822883606,26.047550201416016,1.062458872795105
