67385,0.852135181427002,0.2544509470462799,0.2544509470462799,17.988752365112305,1.1260396242141724
68612,0.828829288482666,0.21224865317344666,0.21224865317344666,34.54540252685547,1.0916101932525635
69215,0.7841415405273438,0.2176951766014099,0.2176951766014099,18.298463821411133,1.1238341331481934
75148,0.8395795822143555,0.2164832055568695,0.2164832055568695,23.89517593383789,1.0881168842315674
68676,0.8235082626342773,0.22914071381092072,0.22914071381092072,18.649658203125,1.0938241481781006
71443,0.964531660079956,0.22199034690856934,0.22199034690856934,22.627426147460938,1.0866228342056274
69984,0.7936491966247559,0.21786591410636902,0.21786591410636902,27.95064353942871,1.0935741662979126
73434,0.8117237091064453,0.21337687969207764,0.21337687969207764,16.4462947845459,1.0678472518920898
71626,0.776221752166748,0.2051876038312912,0.2051876038312912,19.105093002319336,1.0756194591522217
75428,0.7751262187957764,0.20635424554347992,0.20635424554347992,22.986724853515625,1.0710593461990356
71267,0.8395497798919678,0.21276402473449707,0.21276402473449707,21.175344467163086,1.0964200496673584
72098,0.7457475662231445,0.22002734243869781,0.22002734243869781,20.61530876159668,1.0891364812850952
70893,0.8402395248413086,0.24783490598201752,0.24783490598201752,111.90361785888672,1.0846785306930542
72724,0.7317557334899902,0.20446206629276276,0.20446206629276276,19.881839752197266,1.0778412818908691
72255,0.7592887878417969,0.218962624669075,0.218962624669075,26.96647071838379,1.0770541429519653
69952,0.7162449359893799,0.2117367833852768,0.2117367833852768,17.74681854248047,1.087148666381836
70802,0.7345311641693115,0.21080134809017181,0.21080134809017181,27.506914138793945,1.1044996976852417
66634,0.7004201412200928,0.6884997487068176,0.6884997487068176,20.458284378051758,1.1288598775863647
68920,0.7419626712799072,0.2340090423822403,0.2340090423822403,17.636249542236328,1.1164345741271973
71900,0.694420576095581,0.21641689538955688,0.21641689538955688,17.00548553466797,1.0895277261734009
70226,0.7421884536743164,0.21820729970932007,0.21820729970932007,24.62089729309082,1.12714684009552
32838,0.32739925384521484,0.22975510358810425,0.22975510358810425,20.5407657623291,1.1317777633666992
