99138,1.3062176704406738,0.2439384013414383,0.2439384013414383,22.4350643157959,1.041756510734558
80381,1.211759328842163,0.21401472389698029,0.21401472389698029,14.233161926269531,1.065995693206787
87362,1.3377470970153809,0.21201787889003754,0.21201787889003754,14.500537872314453,1.0847564935684204
88172,1.6004297733306885,0.21266306936740875,0.21266306936740875,13.959352493286133,1.0638490915298462
82593,1.2222626209259033,0.22026969492435455,0.22026969492435455,11.44675350189209,1.0980751514434814
77376,1.3006086349487305,0.2267349362373352,0.2267349362373352,14.541397094726562,1.1129666566848755
76960,1.334350824356079,0.2142973244190216,0.2142973244190216,11.240801811218262,1.0970227718353271
82723,1.3714375495910645,0.21100664138793945,0.21100664138793945,11.138962745666504,1.0666556358337402
94234,1.2608087062835693,0.22767966985702515,0.22767966985702515,14.947944641113281,1.058152198791504
103111,1.5913031101226807,0.21006226539611816,0.21006226539611816,14.503154754638672,1.05182945728302
83970,1.279494047164917,0.2185589224100113,0.2185589224100113,11.207514762878418,1.085115671157837
89733,1.2502727508544922,0.22085890173912048,0.22085890173912048,14.341448783874512,1.094762921333313
78550,1.2480018138885498,0.21678075194358826,0.21678075194358826,12.761791229248047,1.1029468774795532
100539,1.262819766998291,0.21465443074703217,0.21465443074703217,19.880802154541016,1.060068130493164
84379,1.82039475440979,0.21589122712612152,0.21589122712612152,13.036547660827637,1.071489930152893
81796,1.2007248401641846,0.21818946301937103,0.21818946301937103,10.741524696350098,1.1000419855117798
100381,1.802257776260376,0.21113137900829315,0.21113137900829315,10.883842468261719,1.0743825435638428
92989,1.613509178161621,0.22157590091228485,0.22157590091228485,15.961817741394043,1.0857571363449097
93878,1.262303113937378,0.21451091766357422,0.21451091766357422,12.322684288024902,1.095531940460205
93888,1.1678016185760498,0.21104614436626434,0.21104614436626434,32.158138275146484,1.0644690990447998
103476,1.7113807201385498,0.216345876455307,0.216345876455307,13.623263359069824,1.0728261470794678
51397,0.6268341541290283,0.2130180150270462,0.2130180150270462,12.442475318908691,1.0647536516189575
