75582,0.7615723609924316,0.17975269258022308,0.17975269258022308,10.484387397766113,0.9946671724319458
74266,0.740985631942749,0.18704268336296082,0.18704268336296082,8.501947402954102,0.9921378493309021
80849,0.6981682777404785,0.17465589940547943,0.17465589940547943,23.482818603515625,0.993622899055481
85083,0.7171530723571777,0.18242008984088898,0.18242008984088898,9.154545783996582,1.0002299547195435
71658,0.6973190307617188,0.17811276018619537,0.17811276018619537,10.327275276184082,0.9991437196731567
77093,0.7136776447296143,0.17660850286483765,0.17660850286483765,9.765480995178223,0.9876128435134888
74942,0.733893871307373,0.17673183977603912,0.17673183977603912,21.97683334350586,0.9881388545036316
79125,0.6930439472198486,0.18257039785385132,0.18257039785385132,9.90776252746582,0.9922823309898376
77207,0.6952817440032959,0.17688028514385223,0.17688028514385223,7.334455490112305,0.9929537773132324
82381,0.7174198627471924,0.18922266364097595,0.18922266364097595,9.860489845275879,0.9930586218833923
80587,0.6715457439422607,0.1794193685054779,0.1794193685054779,9.572916030883789,1.0074355602264404
68084,0.6540205478668213,0.17974543571472168,0.17974543571472168,14.495759963989258,0.997510552406311
74076,0.6779122352600098,0.18767227232456207,0.18767227232456207,10.833333015441895,0.9943422675132751
79928,0.653369665145874,0.17239800095558167,0.17239800095558167,13.02657699584961,0.9936143159866333
76407,0.678818941116333,0.18522348999977112,0.18522348999977112,12.836686134338379,0.9982743859291077
77880,0.6571218967437744,0.17763982713222504,0.17763982713222504,8.261764526367188,0.9957733154296875
83683,0.6727895736694336,0.17663365602493286,0.17663365602493286,8.893657684326172,1.0009649991989136
78233,0.6538152694702148,0.18253318965435028,0.18253318965435028,8.777505874633789,0.9997488260269165
73425,0.6407876014709473,0.18552476167678833,0.18552476167678833,10.06663703918457,1.0030381679534912
76632,0.6407139301300049,0.17779213190078735,0.17779213190078735,10.761905670166016,0.9952603578567505
70116,0.6224575042724609,0.18010276556015015,0.18010276556015015,9.341268539428711,0.9959632158279419
35772,0.3219747543334961,0.17660705745220184,0.17660705745220184,13.964228630065918,1.00405752658844
