81825,0.3139071464538574,0.21127574145793915,0.21127574145793915,29.079038619995117,0.9841610789299011
81672,0.3139209747314453,0.1919088363647461,0.1919088363647461,11.421398162841797,0.9512774348258972
78212,0.3117697238922119,0.21166589856147766,0.21166589856147766,15.307975769042969,0.9803614616394043
86075,0.3086884021759033,0.22671113908290863,0.22671113908290863,13.481735229492188,0.9352527260780334
83859,0.31268954277038574,0.2224714756011963,0.2224714756011963,21.365140914916992,0.9608631730079651
82216,0.3093116283416748,0.22040198743343353,0.22040198743343353,14.574383735656738,0.9412901997566223
82297,0.3107748031616211,0.2044665515422821,0.2044665515422821,12.770811080932617,0.9272729754447937
86801,0.3087632656097412,0.19309809803962708,0.19309809803962708,11.831815719604492,0.9167338609695435
87057,0.30254244804382324,0.20147323608398438,0.20147323608398438,8.406086921691895,0.9163178205490112
90828,0.3061337471008301,0.2038830816745758,0.2038830816745758,10.09935474395752,0.9336821436882019
89200,0.30324721336364746,0.23380888998508453,0.23380888998508453,10.271440505981445,0.9409093260765076
84916,0.2999446392059326,0.222576305270195,0.222576305270195,9.775213241577148,0.9504709839820862
78583,0.31340575218200684,0.21780532598495483,0.21780532598495483,11.982321739196777,0.9581186771392822
91252,0.3015909194946289,0.19312241673469543,0.19312241673469543,11.46492862701416,0.922747015953064
90573,0.2941114902496338,0.22919398546218872,0.22919398546218872,11.755833625793457,0.9543465971946716
84779,0.29118919372558594,0.21515601873397827,0.21515601873397827,11.265276908874512,0.9700556397438049
82763,0.386380672454834,0.21338972449302673,0.21338972449302673,9.016221046447754,0.9767329692840576
81725,0.29660606384277344,0.23112939298152924,0.23112939298152924,13.194785118103027,1.0186657905578613
83385,0.30150890350341797,0.23279745876789093,0.23279745876789093,22.220640182495117,0.988571047782898
82068,0.29428958892822266,0.21003450453281403,0.21003450453281403,12.729690551757812,0.9720009565353394
83806,0.2975311279296875,0.22766420245170593,0.22766420245170593,13.510225296020508,0.9511855840682983
50383,0.16077160835266113,0.22108086943626404,0.22108086943626404,10.284626007080078,0.985824465751648
