91528,1.8315095901489258,0.11026077717542648,0.11026077717542648,7.402780532836914,0.8185861706733704
86699,1.2768738269805908,0.10796289891004562,0.10796289891004562,5.3567376136779785,0.8112307190895081
82726,1.5194268226623535,0.11241114884614944,0.11241114884614944,10.376486778259277,0.8311718702316284
83630,1.1840593814849854,0.1148485615849495,0.1148485615849495,6.168914794921875,0.8384928703308105
86323,1.2725670337677002,0.11343064159154892,0.11343064159154892,7.7453203201293945,0.8262097239494324
71033,1.2715280055999756,0.11843352764844894,0.11843352764844894,5.859098434448242,0.8627774119377136
78370,1.1755714416503906,0.11131047457456589,0.11131047457456589,7.759817600250244,0.8275668621063232
80945,1.1768231391906738,0.1127731129527092,0.1127731129527092,8.491737365722656,0.8466272950172424
81996,1.1670587062835693,0.1143229529261589,0.1143229529261589,5.801299095153809,0.8607044219970703
83851,1.6372735500335693,0.1183534562587738,0.1183534562587738,6.845391273498535,0.8629435896873474
76115,1.4149806499481201,0.11839393526315689,0.11839393526315689,6.979918479919434,0.8512336015701294
78198,1.1863937377929688,0.11607929319143295,0.11607929319143295,13.522747993469238,0.8505722880363464
74108,1.180406093597412,0.11260117590427399,0.11260117590427399,7.912450790405273,0.829552173614502
88308,1.2117860317230225,0.10842038691043854,0.10842038691043854,5.277068614959717,0.8135560154914856
82594,1.5052402019500732,0.11633677780628204,0.11633677780628204,7.706428050994873,0.8686752915382385
83061,1.28336763381958,0.11191334575414658,0.11191334575414658,4.862441062927246,0.8199182748794556
88024,1.6770250797271729,0.11317183077335358,0.11317183077335358,6.186191082000732,0.829507052898407
83031,1.248044729232788,0.11913268268108368,0.11913268268108368,7.729884624481201,0.8606602549552917
73766,1.225851058959961,0.11708840727806091,0.11708840727806091,8.632340431213379,0.8453060388565063
73014,1.1911983489990234,0.11613067984580994,0.11613067984580994,6.0878705978393555,0.8546776175498962
71624,1.7685060501098633,0.1223829910159111,0.1223829910159111,5.705905914306641,0.8991110324859619
38153,0.6101377010345459,0.11105085164308548,0.11105085164308548,6.233545303344727,0.8296092748641968
