84178,0.8383560180664062,0.2279062271118164,0.2279062271118164,62.438331604003906,1.158789873123169
88282,0.8054423332214355,0.2100348174571991,0.2100348174571991,17.618270874023438,1.1449631452560425
91075,0.779869556427002,0.21908745169639587,0.21908745169639587,23.346397399902344,1.1427843570709229
86049,0.7786993980407715,0.21458423137664795,0.21458423137664795,20.528717041015625,1.1622314453125
81969,0.7960858345031738,0.21433143317699432,0.21433143317699432,18.29009437561035,1.1711351871490479
87084,0.757577657699585,0.20848500728607178,0.20848500728607178,19.074932098388672,1.1528093814849854
85477,0.7969188690185547,0.21180741488933563,0.21180741488933563,46.15964126586914,1.15338134765625
87269,0.7747108936309814,0.2077191174030304,0.2077191174030304,21.880815505981445,1.146125078201294
86048,0.7442710399627686,0.2032865285873413,0.2032865285873413,20.619487762451172,1.1556371450424194
87229,0.7861530780792236,0.2209068387746811,0.2209068387746811,26.565372467041016,1.1660857200622559
80076,0.7832403182983398,0.22013288736343384,0.22013288736343384,19.309762954711914,1.1630197763442993
80251,0.7569923400878906,0.2171243578195572,0.2171243578195572,20.371479034423828,1.1661572456359863
85506,0.743586540222168,0.21379777789115906,0.21379777789115906,20.487815856933594,1.1443521976470947
91877,0.7642240524291992,0.20999231934547424,0.20999231934547424,17.72093963623047,1.1328569650650024
83609,0.7553238868713379,0.2447187900543213,0.2447187900543213,33.30893325805664,1.1543852090835571
87502,0.70452880859375,0.21521928906440735,0.21521928906440735,32.2234992980957,1.1525192260742188
83085,0.7064945697784424,0.21202312409877777,0.21202312409877777,25.429161071777344,1.1632403135299683
84671,0.7049744129180908,0.2176988124847412,0.2176988124847412,19.549962997436523,1.1685584783554077
81640,0.716998815536499,0.2159992903470993,0.2159992903470993,150.86480712890625,1.1618082523345947
86018,0.6673400402069092,0.20847946405410767,0.20847946405410767,18.442455291748047,1.1533043384552002
82079,0.714794397354126,0.2183486372232437,0.2183486372232437,16.958967208862305,1.1573773622512817
47877,0.3245584964752197,0.21957345306873322,0.21957345306873322,31.78030776977539,1.1887567043304443
