88053,0.3633570671081543,0.19564101099967957,0.19564101099967957,20.789188385009766,1.1225998401641846
84849,0.3168613910675049,0.18931889533996582,0.18931889533996582,23.801681518554688,1.123126745223999
85272,0.31618499755859375,0.19358570873737335,0.19358570873737335,15.479304313659668,1.0988807678222656
86926,0.49108123779296875,0.19667474925518036,0.19667474925518036,15.894444465637207,1.136806607246399
86184,0.3114778995513916,0.20241153240203857,0.20241153240203857,17.8797664642334,1.1557142734527588
86666,0.32178688049316406,0.19082605838775635,0.19082605838775635,16.756887435913086,1.0640379190444946
87209,0.3342716693878174,0.18728235363960266,0.18728235363960266,16.892152786254883,1.0582120418548584
85449,0.3225388526916504,0.19075055420398712,0.19075055420398712,21.29810905456543,1.1216639280319214
88245,0.30950427055358887,0.1889708936214447,0.1889708936214447,15.566767692565918,1.1226718425750732
92935,0.33792948722839355,0.19050562381744385,0.19050562381744385,17.093931198120117,1.0588419437408447
89271,0.3226299285888672,0.20330767333507538,0.20330767333507538,22.967863082885742,1.1504011154174805
83352,0.3263282775878906,0.20418128371238708,0.20418128371238708,15.788105010986328,1.148436427116394
84197,0.30739402770996094,0.1938808560371399,0.1938808560371399,18.601947784423828,1.0683892965316772
85335,0.32754015922546387,0.190801739692688,0.190801739692688,26.139644622802734,1.1137956380844116
84204,0.3177764415740967,0.20138487219810486,0.20138487219810486,42.40553665161133,1.155940055847168
85864,0.3169541358947754,0.1970597505569458,0.1970597505569458,20.472347259521484,1.1117521524429321
87022,0.31107234954833984,0.19623816013336182,0.19623816013336182,35.3614387512207,1.1203110218048096
87155,0.31968235969543457,0.20521125197410583,0.20521125197410583,22.552949905395508,1.1018658876419067
86890,0.3111691474914551,0.20246067643165588,0.20246067643165588,16.643756866455078,1.0965125560760498
88605,0.3237948417663574,0.1912149339914322,0.1912149339914322,22.391414642333984,1.080639362335205
83806,0.31751251220703125,0.20031028985977173,0.20031028985977173,16.339948654174805,1.166218876838684
54639,0.16657018661499023,0.1918526589870453,0.1918526589870453,26.49605941772461,1.0671045780181885
