101962,0.18311381340026855,0.10461936891078949,0.10461936891078949,45.97255325317383,0.7835215926170349
97664,0.18266558647155762,0.09516023844480515,0.09516023844480515,10.501527786254883,0.7647882699966431
98303,0.18113422393798828,0.1095304861664772,0.1095304861664772,7.944762229919434,0.7843435406684875
99346,0.18164396286010742,0.10486138612031937,0.10486138612031937,12.953987121582031,0.7945250272750854
103976,0.17873620986938477,0.11543206125497818,0.11543206125497818,11.146638870239258,0.8187403678894043
95504,0.18555855751037598,0.10619671642780304,0.10619671642780304,7.024736404418945,0.7917868494987488
96330,0.19832730293273926,0.1024097129702568,0.1024097129702568,6.5213823318481445,0.7860279083251953
96859,0.18135356903076172,0.1018153727054596,0.1018153727054596,12.259037971496582,0.778335452079773
97797,0.17545700073242188,0.10016767680644989,0.10016767680644989,7.045105934143066,0.7801015973091125
100544,0.17876100540161133,0.10405769944190979,0.10405769944190979,32.8389892578125,0.7903560400009155
105379,0.2644491195678711,0.12200480699539185,0.12200480699539185,9.843826293945312,0.8144073486328125
102324,0.17946887016296387,0.10967033356428146,0.10967033356428146,11.816286087036133,0.8004376292228699
96704,0.1818239688873291,0.10921165347099304,0.10921165347099304,7.633864402770996,0.7801864147186279
95872,0.1949622631072998,0.0998939573764801,0.0998939573764801,52.11763381958008,0.7671565413475037
100462,0.18226957321166992,0.11789018660783768,0.11789018660783768,6.747725486755371,0.7988294959068298
99804,0.1765594482421875,0.10987704247236252,0.10987704247236252,8.950532913208008,0.7877871990203857
99390,0.17779064178466797,0.10549472272396088,0.10549472272396088,7.776020526885986,0.7873289585113525
103118,0.17716765403747559,0.11029160767793655,0.11029160767793655,8.065176963806152,0.8173298835754395
103399,0.1751718521118164,0.10778278112411499,0.10778278112411499,7.359920978546143,0.8035634160041809
99001,0.19711995124816895,0.10012330114841461,0.10012330114841461,10.693804740905762,0.7802411913871765
100440,0.1845254898071289,0.10359728336334229,0.10359728336334229,18.487468719482422,0.7944872379302979
74282,0.10332655906677246,0.10345537960529327,0.10345537960529327,7.945725440979004,0.7628252506256104
