120150,0.7291090488433838,0.15732838213443756,0.15732838213443756,29.79554557800293,1.090928077697754
89591,0.6709482669830322,0.16287149488925934,0.16287149488925934,19.882179260253906,1.1013554334640503
111106,0.7783284187316895,0.16302895545959473,0.16302895545959473,14.499882698059082,1.1242759227752686
98201,0.8279855251312256,0.16923126578330994,0.16923126578330994,34.32630920410156,1.1201848983764648
114126,0.7339372634887695,0.16813211143016815,0.16813211143016815,12.70550537109375,1.105240821838379
119117,0.7097129821777344,0.16948506236076355,0.16948506236076355,13.982828140258789,1.1194740533828735
129921,0.6614446640014648,0.15755575895309448,0.15755575895309448,14.776805877685547,1.0943992137908936
110771,0.6509702205657959,0.16106779873371124,0.16106779873371124,10.972247123718262,1.110163688659668
110538,0.6546280384063721,0.16175268590450287,0.16175268590450287,29.852649688720703,1.0965263843536377
114310,0.6531720161437988,0.16337865591049194,0.16337865591049194,29.27718734741211,1.0989713668823242
97390,0.7248256206512451,0.17073121666908264,0.17073121666908264,12.138632774353027,1.110205888748169
88984,0.8914768695831299,0.17333142459392548,0.17333142459392548,14.73272705078125,1.139743685722351
88801,0.736358642578125,0.17284655570983887,0.17284655570983887,14.24744701385498,1.1666339635849
120836,0.9028220176696777,0.15828390419483185,0.15828390419483185,21.211729049682617,1.0847450494766235
98001,0.7115616798400879,0.17111040651798248,0.17111040651798248,26.24859619140625,1.1253234148025513
89459,0.6328775882720947,0.16887615621089935,0.16887615621089935,15.47934341430664,1.1154978275299072
98253,0.9434528350830078,0.1676626205444336,0.1676626205444336,18.249958038330078,1.116246223449707
93830,0.6756119728088379,0.17291918396949768,0.17291918396949768,19.688135147094727,1.1264272928237915
97946,0.8255035877227783,0.1703086942434311,0.1703086942434311,19.645105361938477,1.112860918045044
114868,0.631619930267334,0.16188114881515503,0.16188114881515503,10.06249713897705,1.087801218032837
106102,0.8776693344116211,0.17045655846595764,0.17045655846595764,20.078266143798828,1.1189181804656982
67306,0.3390388488769531,0.16786456108093262,0.16786456108093262,10.07963752746582,1.1467036008834839
