98565,0.7848436832427979,0.4289855360984802,0.4289855360984802,4.646831035614014,0.9364490509033203
101127,0.7178144454956055,0.5068188309669495,0.5068188309669495,4.135268211364746,0.9193376302719116
91674,0.7529957294464111,0.42585158348083496,0.42585158348083496,4.056220054626465,0.9507302641868591
89596,0.6804561614990234,0.46926799416542053,0.46926799416542053,5.456451416015625,0.9753301739692688
81675,0.7313759326934814,0.4714076519012451,0.4714076519012451,4.7857561111450195,0.9917404651641846
94932,0.7671198844909668,0.698267936706543,0.698267936706543,4.612328052520752,0.9645052552223206
95107,0.7543485164642334,0.49409183859825134,0.49409183859825134,5.084946632385254,0.9378646612167358
86046,0.7217874526977539,0.468514084815979,0.468514084815979,4.685333251953125,0.95257169008255
101800,0.6646158695220947,0.479270339012146,0.479270339012146,8.265510559082031,0.9371486902236938
85489,0.6688663959503174,0.46376264095306396,0.46376264095306396,4.680544853210449,0.962936520576477
90260,0.6548478603363037,0.5260747671127319,0.5260747671127319,4.02340841293335,0.9740545749664307
89317,0.7232828140258789,0.4524235427379608,0.4524235427379608,4.698309898376465,0.9773752093315125
93035,0.6455659866333008,0.44357362389564514,0.44357362389564514,3.936007022857666,0.9517355561256409
100285,0.6643691062927246,0.42790335416793823,0.42790335416793823,5.230404853820801,0.9273543357849121
82133,0.6273517608642578,0.5128165483474731,0.5128165483474731,4.25320291519165,0.9760569930076599
93633,0.6314964294433594,0.431706041097641,0.431706041097641,4.467518329620361,0.9586331248283386
97509,0.6351404190063477,0.7292302250862122,0.7292302250862122,4.6367597579956055,0.9414324164390564
87743,0.6235649585723877,0.49252554774284363,0.49252554774284363,5.124525547027588,0.9783032536506653
90426,0.6336467266082764,0.4643845856189728,0.4643845856189728,4.997893333435059,0.9800085425376892
94442,0.6285641193389893,0.45119917392730713,0.45119917392730713,5.821606159210205,0.9466219544410706
84244,0.6470091342926025,0.4826548099517822,0.4826548099517822,4.385217666625977,0.9733076095581055
49332,0.32559919357299805,0.4736843705177307,0.4736843705177307,6.027858257293701,0.9982631206512451
