76599,0.7686843872070312,0.2862563729286194,0.2862563729286194,64.44593811035156,1.236802101135254
84966,0.7311074733734131,0.28850772976875305,0.28850772976875305,25.696430206298828,1.242207646369934
89713,0.7017886638641357,0.284425288438797,0.284425288438797,20.34938621520996,1.2329967021942139
89053,0.6865487098693848,0.29599547386169434,0.29599547386169434,31.073461532592773,1.2636414766311646
104037,0.7207615375518799,0.2876284122467041,0.2876284122467041,29.808168411254883,1.23783278465271
83702,0.7083728313446045,0.2879844903945923,0.2879844903945923,21.27088165283203,1.2370587587356567
81470,0.7100636959075928,0.28999996185302734,0.28999996185302734,21.25507164001465,1.2349601984024048
85894,0.6847963333129883,0.29989999532699585,0.29989999532699585,28.50279998779297,1.2547630071640015
86501,0.6725633144378662,0.2943376302719116,0.2943376302719116,20.5134334564209,1.2574666738510132
96344,0.6962473392486572,0.2926386296749115,0.2926386296749115,29.845108032226562,1.2567403316497803
99677,0.6499390602111816,0.2911977767944336,0.2911977767944336,20.936145782470703,1.2468441724777222
95414,0.6632082462310791,0.28491511940956116,0.28491511940956116,21.273000717163086,1.243091344833374
94183,0.6917157173156738,0.28486961126327515,0.28486961126327515,23.769664764404297,1.2377381324768066
84157,0.6234955787658691,0.2901113033294678,0.2901113033294678,25.533945083618164,1.2624244689941406
89757,0.6765861511230469,0.29375481605529785,0.29375481605529785,23.623998641967773,1.2546467781066895
88331,0.6215965747833252,0.28393855690956116,0.28393855690956116,19.488380432128906,1.244781255722046
97488,0.6383883953094482,0.28539159893989563,0.28539159893989563,22.43565559387207,1.2390960454940796
101789,0.6075658798217773,0.2890142500400543,0.2890142500400543,20.163551330566406,1.229038953781128
103828,0.6432950496673584,0.2839382588863373,0.2839382588863373,48.409915924072266,1.230973243713379
88285,0.6414895057678223,0.2860434353351593,0.2860434353351593,19.064979553222656,1.2394278049468994
94001,0.6134350299835205,0.28886547684669495,0.28886547684669495,26.73017692565918,1.2398301362991333
13492,0.3195955753326416,0.2842901647090912,0.2842901647090912,24.30843162536621,1.2527210712432861
