120506,0.7465274333953857,0.24293075501918793,0.24293075501918793,4.454754829406738,0.8600295782089233
125562,0.6975774765014648,0.23188193142414093,0.23188193142414093,4.072516441345215,0.8398211002349854
99843,0.6705114841461182,0.2563394606113434,0.2563394606113434,3.496877431869507,0.87997967004776
79038,0.6779446601867676,0.28169822692871094,0.28169822692871094,4.717122554779053,0.9224704504013062
80501,0.6661930084228516,0.2753216326236725,0.2753216326236725,6.822915554046631,0.9292986989021301
113283,0.729381799697876,0.2577054500579834,0.2577054500579834,4.166932582855225,0.8908678889274597
120610,0.7429924011230469,0.24301865696907043,0.24301865696907043,3.5865323543548584,0.8531790971755981
82400,0.6533234119415283,0.2646966576576233,0.2646966576576233,4.4167070388793945,0.9136406779289246
97796,0.7122142314910889,0.2536068260669708,0.2536068260669708,3.624469041824341,0.8816461563110352
77936,0.6448614597320557,0.2725927531719208,0.2725927531719208,5.868099689483643,0.9225435853004456
92920,0.6564192771911621,0.26684847474098206,0.26684847474098206,3.3970301151275635,0.916468620300293
101319,0.6463661193847656,0.2640754282474518,0.2640754282474518,52.6257209777832,0.9086149334907532
115208,0.653562068939209,0.2485233098268509,0.2485233098268509,4.073544979095459,0.8787397742271423
100903,0.6707537174224854,0.24851280450820923,0.24851280450820923,3.2348711490631104,0.8748673796653748
83132,0.6666390895843506,0.2743426561355591,0.2743426561355591,5.232415199279785,0.9299889802932739
115433,0.6415996551513672,0.25111886858940125,0.25111886858940125,5.421106815338135,0.8697395920753479
95803,0.7009737491607666,0.26375240087509155,0.26375240087509155,3.9553587436676025,0.8942601084709167
82978,0.6293444633483887,0.27626311779022217,0.27626311779022217,4.03695821762085,0.9264691472053528
89992,0.7500021457672119,0.26646777987480164,0.26646777987480164,9.765806198120117,0.9054675698280334
90851,0.6442701816558838,0.2605549395084381,0.2605549395084381,3.7346599102020264,0.9015514850616455
81726,0.715864896774292,0.2819103002548218,0.2819103002548218,3.2594363689422607,0.9208047389984131
75054,0.3269171714782715,0.25993770360946655,0.25993770360946655,3.9317400455474854,0.8963298201560974
