153822,0.7462193965911865,0.1360490322113037,0.1360490322113037,11.355278015136719,0.9987108707427979
144405,0.9087522029876709,0.1333460807800293,0.1333460807800293,12.953392028808594,0.9845997095108032
132561,0.8405196666717529,0.1409405767917633,0.1409405767917633,11.392656326293945,1.0142625570297241
158843,0.6826076507568359,0.13819341361522675,0.13819341361522675,9.588776588439941,0.990536093711853
156973,0.8595371246337891,0.14254826307296753,0.14254826307296753,12.64483642578125,1.011224389076233
149420,0.8010146617889404,0.14635813236236572,0.14635813236236572,11.56001091003418,1.0180597305297852
150593,0.6921367645263672,0.13567782938480377,0.13567782938480377,14.837136268615723,0.9948935508728027
146039,0.6638922691345215,0.1357409656047821,0.1357409656047821,9.666584968566895,0.9907674193382263
146974,0.8960585594177246,0.1366218775510788,0.1366218775510788,24.683027267456055,0.9958452582359314
159580,0.6743259429931641,0.13751600682735443,0.13751600682735443,37.3298454284668,0.9925264716148376
145898,0.627709150314331,0.14901041984558105,0.14901041984558105,14.585078239440918,1.0314321517944336
132841,0.6233742237091064,0.1485428810119629,0.1485428810119629,11.878928184509277,1.0290738344192505
139747,0.7029423713684082,0.14421358704566956,0.14421358704566956,10.25059986114502,1.0146185159683228
156011,0.6876540184020996,0.1315063089132309,0.1315063089132309,10.356346130371094,0.9699780941009521
148509,0.6979916095733643,0.145137757062912,0.145137757062912,11.866179466247559,1.016923427581787
160307,0.9245145320892334,0.13811883330345154,0.13811883330345154,14.098787307739258,0.9951567053794861
154645,0.836674690246582,0.1390427201986313,0.1390427201986313,12.788796424865723,0.997313916683197
147961,0.7019834518432617,0.14763452112674713,0.14763452112674713,12.558209419250488,1.0409570932388306
164399,0.8423054218292236,0.14009803533554077,0.14009803533554077,37.19097137451172,1.0046273469924927
153314,0.9331457614898682,0.13781535625457764,0.13781535625457764,13.189871788024902,0.9971985220909119
155535,0.6225965023040771,0.1428607553243637,0.1428607553243637,11.977177619934082,0.9975077509880066
114201,0.42612147331237793,0.13630926609039307,0.13630926609039307,9.71319580078125,0.9927478432655334
