107427,0.6445777416229248,0.15477147698402405,0.15477147698402405,12.367830276489258,1.0844780206680298
130082,0.6948840618133545,0.14381499588489532,0.14381499588489532,14.233434677124023,1.0256197452545166
140353,0.692652702331543,0.1498304009437561,0.1498304009437561,31.0399112701416,1.0598481893539429
137804,0.7037632465362549,0.15093782544136047,0.15093782544136047,14.754462242126465,1.0366290807724
129061,0.8132789134979248,0.15875735878944397,0.15875735878944397,14.362709045410156,1.0775344371795654
105625,0.6654481887817383,0.16534806787967682,0.16534806787967682,14.497312545776367,1.0908973217010498
136157,0.7299771308898926,0.15076802670955658,0.15076802670955658,14.93978214263916,1.0654984712600708
116443,0.7054934501647949,0.15332601964473724,0.15332601964473724,26.124561309814453,1.0601316690444946
142081,0.7103226184844971,0.14614562690258026,0.14614562690258026,12.613520622253418,1.0250067710876465
136229,0.7056100368499756,0.15059873461723328,0.15059873461723328,16.67170524597168,1.0474454164505005
142739,0.6304628849029541,0.15516223013401031,0.15516223013401031,13.294677734375,1.0605195760726929
109535,0.8724973201751709,0.15994706749916077,0.15994706749916077,11.624846458435059,1.0691314935684204
137527,0.6318728923797607,0.1544850766658783,0.1544850766658783,15.870892524719238,1.0590918064117432
155233,0.6882724761962891,0.14288631081581116,0.14288631081581116,13.622721672058105,1.018283724784851
133790,0.6240646839141846,0.15508967638015747,0.15508967638015747,17.977584838867188,1.0636978149414062
133162,0.657050609588623,0.15267077088356018,0.15267077088356018,19.236282348632812,1.0549991130828857
123210,0.8345515727996826,0.15252962708473206,0.15252962708473206,11.896829605102539,1.0485835075378418
130357,0.6194005012512207,0.15823060274124146,0.15823060274124146,22.72477149963379,1.0713069438934326
139826,0.6385037899017334,0.1542472094297409,0.1542472094297409,13.96178150177002,1.0584187507629395
122211,0.6501731872558594,0.15262442827224731,0.15262442827224731,23.081628799438477,1.050327181816101
134299,0.7201340198516846,0.1566331833600998,0.1566331833600998,12.8405122756958,1.0608056783676147
107760,0.33030009269714355,0.14998628199100494,0.14998628199100494,10.402009010314941,1.060997486114502
