35631,6.895958662033081,0.8327652812004089,0.8327652812004089,4.913455963134766,1.1366132497787476
36522,6.29629373550415,0.8498634696006775,0.8498634696006775,5.98138952255249,1.0309077501296997
35222,6.728739500045776,0.7621349096298218,0.7621349096298218,4.940719127655029,1.083570122718811
35575,6.708139896392822,1.0228990316390991,1.0228990316390991,9.555305480957031,1.0936169624328613
35456,6.134762287139893,0.9014523029327393,0.9014523029327393,5.690398216247559,1.1110435724258423
35447,6.3892481327056885,1.1348867416381836,1.1348867416381836,6.718844413757324,1.0872694253921509
35673,6.532754898071289,0.9807462692260742,0.9807462692260742,6.29020881652832,1.1176344156265259
36522,6.588039398193359,inf,inf,7.414685249328613,1.0729397535324097
35737,6.54962420463562,inf,inf,7.1203460693359375,1.1340245008468628
37143,6.114029884338379,0.855812132358551,0.855812132358551,5.375732421875,1.1116135120391846
35956,6.575843095779419,inf,inf,5.592665195465088,1.041021466255188
35831,6.3922882080078125,0.8629378080368042,0.8629378080368042,4.24890661239624,1.148561954498291
35984,6.215447902679443,0.8564932346343994,0.8564932346343994,5.248984336853027,1.0870193243026733
36499,6.359581470489502,0.7652033567428589,0.7652033567428589,5.197722434997559,1.0312837362289429
35051,6.080551385879517,0.9131172895431519,0.9131172895431519,4.983694076538086,1.1540364027023315
36709,6.434131622314453,0.950080394744873,0.950080394744873,5.343762397766113,1.0933083295822144
36319,6.638208389282227,0.9978991746902466,0.9978991746902466,6.650094509124756,1.1281417608261108
36044,6.3894946575164795,0.8866049647331238,0.8866049647331238,4.718846321105957,1.0824347734451294
36765,6.362914800643921,0.7756645679473877,0.7756645679473877,4.936957359313965,1.05762779712677
37043,5.721434831619263,1.196843147277832,1.196843147277832,5.132040023803711,1.0581227540969849
36439,5.71406102180481,0.9717949032783508,0.9717949032783508,5.561060428619385,1.07123601436615
17784,2.458181858062744,0.8413192629814148,0.8413192629814148,4.344639778137207,1.055888056755066
