127783,0.292799711227417,0.11546432971954346,0.11546432971954346,9.812501907348633,0.8917492628097534
118188,0.4073643684387207,0.11091076582670212,0.11091076582670212,11.788590431213379,0.8557336330413818
123880,0.3133718967437744,0.11510315537452698,0.11510315537452698,11.177265167236328,0.8748341202735901
108162,0.3138284683227539,0.12717387080192566,0.12717387080192566,11.174895286560059,0.919782817363739
131789,0.327472448348999,0.12414158135652542,0.12414158135652542,9.251419067382812,0.9044063091278076
132360,0.32355499267578125,0.11872699856758118,0.11872699856758118,12.654143333435059,0.8888230919837952
116472,0.3674931526184082,0.11810633540153503,0.11810633540153503,7.9706902503967285,0.8860127925872803
118033,0.43297696113586426,0.11873598396778107,0.11873598396778107,9.033300399780273,0.889338493347168
111708,0.31731176376342773,0.11904042959213257,0.11904042959213257,9.570087432861328,0.8961770534515381
111137,0.30844545364379883,0.12533722817897797,0.12533722817897797,11.220168113708496,0.9121264219284058
128651,0.30029797554016113,0.1270071119070053,0.1270071119070053,9.85706615447998,0.9153870344161987
124459,0.2940700054168701,0.122026726603508,0.122026726603508,11.327742576599121,0.9028714895248413
129287,0.29917216300964355,0.11698240786790848,0.11698240786790848,8.190970420837402,0.8821844458580017
111271,0.32965612411499023,0.11902933567762375,0.11902933567762375,12.174585342407227,0.882935106754303
108214,0.3049159049987793,0.12962934374809265,0.12962934374809265,11.488678932189941,0.919748067855835
130348,0.2988700866699219,0.1166846826672554,0.1166846826672554,14.505131721496582,0.8812703490257263
105949,0.3538706302642822,0.12875264883041382,0.12875264883041382,19.650070190429688,0.9373231530189514
114711,0.2955167293548584,0.1320078819990158,0.1320078819990158,23.979740142822266,0.9360193610191345
127804,0.3215916156768799,0.12383657693862915,0.12383657693862915,12.343478202819824,0.908359706401825
110081,0.3023226261138916,0.12285520136356354,0.12285520136356354,199.44760131835938,0.9151353240013123
106047,0.3039891719818115,0.12814180552959442,0.12814180552959442,9.87100887298584,0.9133593440055847
106998,0.16597723960876465,0.11062221229076385,0.11062221229076385,23.999479293823242,0.8569362163543701
