43786,2.9601995944976807,2.6826462745666504,2.6826462745666504,11.741641998291016,1.112418532371521
36835,2.9148247241973877,2.520103931427002,2.520103931427002,11.236287117004395,1.1172946691513062
40547,2.812528371810913,2.2350995540618896,2.2350995540618896,13.923135757446289,1.1069189310073853
32182,2.8727986812591553,2.535287857055664,2.535287857055664,11.668008804321289,1.1588659286499023
33443,2.8992409706115723,2.7861788272857666,2.7861788272857666,14.937097549438477,1.1478495597839355
35014,2.7910847663879395,2.5743560791015625,2.5743560791015625,147.9562225341797,1.1479851007461548
33880,2.7553062438964844,2.4709596633911133,2.4709596633911133,15.239365577697754,1.1366829872131348
40084,2.9272329807281494,2.886322498321533,2.886322498321533,19.89186668395996,1.099226713180542
45112,2.842963218688965,2.4898884296417236,2.4898884296417236,12.571852684020996,1.0862196683883667
38179,2.7239952087402344,2.9505441188812256,2.9505441188812256,13.41198444366455,1.11864173412323
31078,2.7458553314208984,2.400101900100708,2.400101900100708,10.121793746948242,1.1469725370407104
29290,2.812816858291626,2.506711721420288,2.506711721420288,56.99166488647461,1.1696988344192505
36548,2.9375650882720947,3.0125668048858643,3.0125668048858643,10.84192943572998,1.1229183673858643
40256,2.822230577468872,2.882175922393799,2.882175922393799,13.532876968383789,1.131477952003479
41053,2.827819585800171,2.629715919494629,2.629715919494629,10.230653762817383,1.1199870109558105
32895,2.7413177490234375,2.555048704147339,2.555048704147339,10.322540283203125,1.1379238367080688
36739,2.7265682220458984,2.409743309020996,2.409743309020996,10.748666763305664,1.1171224117279053
36915,2.8303134441375732,2.6405513286590576,2.6405513286590576,13.619556427001953,1.1259677410125732
32545,2.7379515171051025,2.7008626461029053,2.7008626461029053,18.502763748168945,1.1332799196243286
39007,2.854571580886841,2.628455638885498,2.628455638885498,13.532083511352539,1.1200381517410278
33112,2.7795093059539795,2.713991641998291,2.713991641998291,19.748241424560547,1.139796257019043
18123,1.165386438369751,2.9373230934143066,2.9373230934143066,10.870550155639648,1.13504159450531
