81439,0.3133678436279297,0.23481380939483643,0.23481380939483643,5.25400972366333,0.8602810502052307
80810,0.30052661895751953,0.24493356049060822,0.24493356049060822,4.271541118621826,0.845335841178894
77015,0.30302929878234863,0.2937547266483307,0.2937547266483307,4.109565734863281,0.8686021566390991
81126,0.3009512424468994,0.23324939608573914,0.23324939608573914,3.9243762493133545,0.8617867231369019
80170,0.29390835762023926,0.24761515855789185,0.24761515855789185,3.8119149208068848,0.8845208287239075
84998,0.33222532272338867,0.2254154533147812,0.2254154533147812,7.184934139251709,0.8538857102394104
82404,0.32810354232788086,0.33178621530532837,0.33178621530532837,4.213109493255615,0.8503474593162537
82930,0.30517077445983887,0.24499152600765228,0.24499152600765228,3.5297858715057373,0.8475813865661621
82838,0.2956118583679199,0.2433273196220398,0.2433273196220398,4.0742316246032715,0.8487577438354492
87793,0.2922017574310303,0.2803308367729187,0.2803308367729187,3.624441385269165,0.8537521958351135
80305,0.30484461784362793,0.23385781049728394,0.23385781049728394,3.6195292472839355,0.8853075504302979
77390,0.34529852867126465,0.22707267105579376,0.22707267105579376,3.984935760498047,0.881486713886261
79426,0.2908601760864258,0.3794034719467163,0.3794034719467163,4.40472412109375,0.8591657280921936
80610,0.30240654945373535,0.20337502658367157,0.20337502658367157,3.8709185123443604,0.8488035202026367
80198,0.29613208770751953,0.22185590863227844,0.22185590863227844,4.9808268547058105,0.8670024871826172
81094,0.2886946201324463,0.24429896473884583,0.24429896473884583,12.282865524291992,0.8646596074104309
83092,0.2934448719024658,0.22689446806907654,0.22689446806907654,3.704072952270508,0.8598864078521729
82702,0.2937314510345459,0.2925914227962494,0.2925914227962494,4.296261787414551,0.8846389651298523
80500,0.29161906242370605,0.30031445622444153,0.30031445622444153,3.692737102508545,0.8802438974380493
82427,0.2910473346710205,0.31149184703826904,0.31149184703826904,10.793432235717773,0.85732102394104
76344,0.3006751537322998,0.2800091803073883,0.2800091803073883,3.6221861839294434,0.8725147247314453
48775,0.16273283958435059,0.34754231572151184,0.34754231572151184,3.939347267150879,0.8722109794616699
