59049,1.5256004333496094,0.20228581130504608,0.20228581130504608,11.110116958618164,1.0722888708114624
72179,1.4867312908172607,0.2053372710943222,0.2053372710943222,11.314894676208496,1.0487958192825317
68536,1.383603811264038,0.20369821786880493,0.20369821786880493,10.436671257019043,1.060295581817627
67413,1.3760771751403809,0.2087506651878357,0.2087506651878357,22.64747428894043,1.0787521600723267
65422,1.4280145168304443,0.20397107303142548,0.20397107303142548,54.49370574951172,1.0765817165374756
62668,1.503183126449585,0.20860326290130615,0.20860326290130615,11.735841751098633,1.0908770561218262
63787,1.3786189556121826,0.20763428509235382,0.20763428509235382,11.651541709899902,1.0648349523544312
56133,1.4613330364227295,0.21119457483291626,0.21119457483291626,18.71140480041504,1.1010671854019165
66603,1.31669020652771,0.20111696422100067,0.20111696422100067,19.65300178527832,1.0899577140808105
60971,1.3210244178771973,0.20362402498722076,0.20362402498722076,9.222637176513672,1.0654512643814087
63038,1.33103609085083,0.20895268023014069,0.20895268023014069,9.909642219543457,1.0553004741668701
56497,1.2490382194519043,0.22013433277606964,0.22013433277606964,10.444746017456055,1.1000100374221802
59537,1.3082373142242432,0.21463117003440857,0.21463117003440857,11.37458610534668,1.0866745710372925
61394,1.278670072555542,0.21223625540733337,0.21223625540733337,24.020910263061523,1.1067523956298828
59883,1.1948988437652588,0.20211239159107208,0.20211239159107208,17.161008834838867,1.0823891162872314
62894,1.1792898178100586,0.20358675718307495,0.20358675718307495,11.41714859008789,1.0731902122497559
64885,1.2917139530181885,0.20063351094722748,0.20063351094722748,10.939310073852539,1.075195074081421
59323,1.155181646347046,0.21493840217590332,0.21493840217590332,11.957894325256348,1.0935888290405273
59187,1.1750450134277344,0.20334196090698242,0.20334196090698242,12.770132064819336,1.075775384902954
67626,1.4563770294189453,0.20145754516124725,0.20145754516124725,10.586180686950684,1.0523309707641602
63743,1.2164342403411865,0.20216478407382965,0.20216478407382965,11.074812889099121,1.080045223236084
24747,0.6027710437774658,0.20137225091457367,0.20137225091457367,12.589330673217773,1.0769554376602173
