37940,7.273799180984497,0.2640184760093689,0.2640184760093689,35.57686233520508,1.2064948081970215
37718,6.618913173675537,0.2376175820827484,0.2376175820827484,28.93878936767578,1.25344979763031
37882,6.633671522140503,0.2585196793079376,0.2585196793079376,62.42932891845703,1.2399835586547852
38691,6.609752416610718,0.2628118395805359,0.2628118395805359,43.431339263916016,1.1904338598251343
37138,6.663928747177124,0.23694901168346405,0.23694901168346405,49.06599044799805,1.1946301460266113
36888,6.3546435832977295,0.27542489767074585,0.27542489767074585,29.67451286315918,1.229688286781311
38084,6.383493661880493,0.2836035490036011,0.2836035490036011,26.07408905029297,1.177646279335022
38529,6.499273300170898,inf,inf,32.58063888549805,1.220090389251709
38658,6.172154188156128,0.25248533487319946,0.25248533487319946,43.923458099365234,1.2570492029190063
38617,6.449179410934448,0.24515700340270996,0.24515700340270996,25.956289291381836,1.1987290382385254
37266,6.416271209716797,0.24871884286403656,0.24871884286403656,61.436744689941406,1.2557523250579834
37339,6.134867191314697,0.24078431725502014,0.24078431725502014,26.51335906982422,1.1933789253234863
36207,5.887508153915405,0.2648507058620453,0.2648507058620453,35.94369125366211,1.26634681224823
38326,6.043978929519653,0.23505985736846924,0.23505985736846924,27.093372344970703,1.1975308656692505
37525,5.90646505355835,0.25335121154785156,0.25335121154785156,45.62031555175781,1.2019429206848145
37493,6.13163161277771,inf,inf,41.658416748046875,1.20945405960083
37123,6.202401876449585,0.2514113783836365,0.2514113783836365,30.927230834960938,1.2568273544311523
37468,5.758641958236694,0.2548925578594208,0.2548925578594208,29.52419662475586,1.2095750570297241
37223,6.205665111541748,inf,inf,47.982093811035156,1.232988953590393
37405,6.135287523269653,0.2811165750026703,0.2811165750026703,66.16157531738281,1.2043888568878174
37385,5.899477005004883,0.2461492270231247,0.2461492270231247,37.774776458740234,1.1815377473831177
18403,2.6247427463531494,0.25351327657699585,0.25351327657699585,25.922990798950195,1.1949892044067383
