92330,0.7228786945343018,0.0808342918753624,0.0808342918753624,8.218647003173828,0.747303307056427
88793,0.6757302284240723,0.07984946668148041,0.07984946668148041,7.50062894821167,0.7531152963638306
86795,0.65242600440979,0.08215248584747314,0.08215248584747314,6.5190582275390625,0.7625830173492432
92995,0.6814115047454834,0.08189794421195984,0.08189794421195984,6.673447608947754,0.7502857446670532
87628,0.6610093116760254,0.08359917253255844,0.08359917253255844,6.505041599273682,0.7645200490951538
91783,0.6590526103973389,0.08111102133989334,0.08111102133989334,8.24905776977539,0.7426983714103699
90028,0.6634812355041504,0.08025626093149185,0.08025626093149185,6.4602460861206055,0.7489114999771118
92792,0.654341459274292,0.07998889684677124,0.07998889684677124,6.403014183044434,0.743626594543457
91861,0.6690866947174072,0.08093949407339096,0.08093949407339096,6.633386611938477,0.7511098980903625
96325,0.6758604049682617,0.08205745369195938,0.08205745369195938,7.583564758300781,0.7544549107551575
95438,0.6904127597808838,0.08383706212043762,0.08383706212043762,10.18480396270752,0.766769528388977
85948,0.6522932052612305,0.08457368612289429,0.08457368612289429,8.524191856384277,0.7617631554603577
88234,0.6444354057312012,0.08153820037841797,0.08153820037841797,6.744243144989014,0.7527816891670227
89801,0.6436669826507568,0.07901663333177567,0.07901663333177567,6.373810291290283,0.7397003769874573
93799,0.6611406803131104,0.08204542845487595,0.08204542845487595,6.408248424530029,0.7504765391349792
90483,0.6268527507781982,0.081215038895607,0.081215038895607,5.2886176109313965,0.755820631980896
92642,0.6174592971801758,0.08161953836679459,0.08161953836679459,11.903158187866211,0.7518033385276794
92005,0.6305696964263916,0.08389896154403687,0.08389896154403687,6.563756942749023,0.7598505020141602
93100,0.6250729560852051,0.08195033669471741,0.08195033669471741,11.976058959960938,0.7516674399375916
90472,0.6148595809936523,0.0796051174402237,0.0796051174402237,12.889593124389648,0.7475042343139648
91009,0.6169390678405762,0.08263133466243744,0.08263133466243744,8.795299530029297,0.7573249340057373
50453,0.3207864761352539,0.08303896337747574,0.08303896337747574,6.237058162689209,0.758316695690155
