59234,1.8397951126098633,0.26850393414497375,0.26850393414497375,25.573816299438477,1.2368230819702148
57977,1.659778356552124,0.2568799555301666,0.2568799555301666,26.434192657470703,1.205820083618164
52777,1.5929882526397705,0.24991104006767273,0.24991104006767273,23.97463607788086,1.2147486209869385
56281,1.6247344017028809,0.26727181673049927,0.26727181673049927,22.212974548339844,1.2206705808639526
50606,1.6157798767089844,0.25687524676322937,0.25687524676322937,19.6495361328125,1.2282105684280396
57761,1.5593929290771484,0.25220781564712524,0.25220781564712524,23.239192962646484,1.207305669784546
60915,1.6168463230133057,0.25008320808410645,0.25008320808410645,26.307605743408203,1.2084821462631226
58719,1.644946575164795,0.2495231181383133,0.2495231181383133,25.618791580200195,1.2158323526382446
59249,1.5447185039520264,0.25867003202438354,0.25867003202438354,25.43867301940918,1.2057355642318726
58553,1.603562593460083,0.25192970037460327,0.25192970037460327,31.922574996948242,1.2035554647445679
50714,1.6384437084197998,0.2595025599002838,0.2595025599002838,25.022762298583984,1.2213248014450073
49931,1.6174530982971191,0.2585507035255432,0.2585507035255432,20.109575271606445,1.23868727684021
55311,1.5584156513214111,0.27189475297927856,0.27189475297927856,25.200435638427734,1.2112363576889038
56846,1.5621867179870605,0.2529042959213257,0.2529042959213257,22.730390548706055,1.2104535102844238
55181,1.596792221069336,0.3631707429885864,0.3631707429885864,52.46599197387695,1.2336000204086304
53435,1.7314794063568115,0.2590351998806,0.2590351998806,23.62774085998535,1.2034214735031128
58427,1.5277307033538818,0.2503277063369751,0.2503277063369751,25.065818786621094,1.2159392833709717
49679,1.5167720317840576,0.28807300329208374,0.28807300329208374,25.846717834472656,1.2290152311325073
51082,1.5636684894561768,0.2569670081138611,0.2569670081138611,70.6323013305664,1.2266422510147095
61130,1.5406725406646729,0.25120827555656433,0.25120827555656433,30.39406394958496,1.2121384143829346
50103,1.5303730964660645,0.2638700008392334,0.2638700008392334,29.51091194152832,1.2385135889053345
24185,0.6032826900482178,0.2689025104045868,0.2689025104045868,17.709611892700195,1.2430636882781982
