79818,0.8315918445587158,inf,inf,5.2319016456604,1.0030573606491089
87224,0.755570650100708,1.154278039932251,1.154278039932251,4.674154758453369,0.9788858890533447
82555,0.688485860824585,1.0843425989151,1.0843425989151,7.361555099487305,0.9912923574447632
85749,0.6913228034973145,1.1925355195999146,1.1925355195999146,4.775017738342285,1.0046355724334717
78232,0.7798147201538086,1.1731438636779785,1.1731438636779785,4.9729084968566895,1.0294158458709717
90144,0.7118637561798096,1.2391525506973267,1.2391525506973267,5.169650077819824,1.0066297054290771
85174,0.7754456996917725,1.3501312732696533,1.3501312732696533,5.442271709442139,0.9878873229026794
86804,0.7061166763305664,0.9679151773452759,0.9679151773452759,5.7921881675720215,0.9881010055541992
82387,0.7282676696777344,0.9320270419120789,0.9320270419120789,4.98728609085083,0.9954343438148499
83872,0.6957395076751709,1.0953949689865112,1.0953949689865112,4.7909064292907715,0.9969978332519531
82413,0.6695151329040527,1.4238672256469727,1.4238672256469727,4.885058879852295,1.021565318107605
83487,0.8339965343475342,1.0649408102035522,1.0649408102035522,4.773448467254639,1.0147035121917725
79863,0.6635289192199707,1.1611708402633667,1.1611708402633667,4.965486526489258,1.0044636726379395
89646,0.6324498653411865,0.9020650386810303,0.9020650386810303,4.410286903381348,0.9807981848716736
80038,0.6406347751617432,1.1527881622314453,1.1527881622314453,5.3615522384643555,1.0097770690917969
80989,0.6166942119598389,0.9461337924003601,0.9461337924003601,9.228785514831543,1.0010725259780884
82077,0.6181302070617676,inf,inf,4.94873571395874,1.0178943872451782
84041,0.619025707244873,1.1388553380966187,1.1388553380966187,5.215278148651123,1.0253219604492188
80511,0.6603617668151855,1.052361249923706,1.052361249923706,6.464166164398193,1.011025071144104
84183,0.6821694374084473,1.1539325714111328,1.1539325714111328,10.134004592895508,1.0037719011306763
81700,0.6288495063781738,1.1326006650924683,1.1326006650924683,4.615175724029541,1.013171911239624
35884,0.324998140335083,1.0328741073608398,1.0328741073608398,4.4127278327941895,1.0671615600585938
