person 0.9106529355049133 1072 238 1086 260
person 0.5748211145401001 869 192 888 212
person 0.7617191672325134 451 212 464 237
person 0.8617470860481262 1084 241 1102 263
person 0.904452383518219 297 230 315 258
person 0.886988639831543 814 195 827 218
car 0.9936639070510864 521 466 684 538
car 0.9866598844528198 992 230 1036 253
car 0.9728304743766785 600 155 637 184
car 0.991915225982666 563 180 591 205
car 0.9562432765960693 1022 289 1119 327
car 0.9898368716239929 564 167 588 194
car 0.9498417377471924 635 152 670 179
motorbike 0.813870906829834 19 371 52 406
