person 0.5431891083717346 1104 281 1128 305
person 0.5202529430389404 1143 315 1161 338
person 0.6928281188011169 1058 237 1080 255
car 0.9172404408454895 207 367 311 422
car 0.9787090420722961 114 379 185 428
car 0.9873171448707581 136 323 203 361
car 0.9602323174476624 824 242 884 291
car 0.8142072558403015 1020 267 1064 291
car 0.9863288998603821 640 157 675 181
car 0.8309733867645264 727 172 758 192
car 0.8626230359077454 405 228 475 281
car 0.4455181956291199 1049 482 1130 564
car 0.9881383776664734 621 134 651 157
car 0.8836618661880493 1029 301 1075 330
traffic_light 0.5108149647712708 394 438 421 469
