person 0.6571619510650635 1105 278 1126 305
person 0.9765041470527649 1069 238 1083 257
person 0.7444416284561157 274 256 299 287
car 0.9819813370704651 202 368 313 420
car 0.8491820693016052 170 499 285 571
car 0.9293357133865356 169 433 266 498
car 0.9775296449661255 112 382 187 427
car 0.9664740562438965 57 397 114 435
car 0.9732698798179626 607 110 632 132
car 0.42154237627983093 1022 267 1061 292
car 0.9726823568344116 4 349 35 381
car 0.9914074540138245 640 158 673 183
car 0.9761131405830383 658 134 691 157
car 0.9884787201881409 623 138 648 160
car 0.9798102378845215 678 158 718 183
car 0.6872864961624146 899 219 940 243
traffic_light 0.5511659383773804 1140 311 1159 336
traffic_light 0.6326888799667358 659 108 679 129
