person 0.5438611507415771 1140 312 1160 333
person 0.4093080461025238 1104 281 1129 304
person 0.9711332321166992 1070 239 1084 257
car 0.6157630085945129 906 373 984 466
car 0.9539969563484192 208 368 312 421
car 0.9681241512298584 113 379 187 427
car 0.9938494563102722 589 85 614 102
car 0.7787477970123291 1018 267 1064 293
car 0.9803782105445862 929 229 969 250
car 0.9871876239776611 640 158 675 183
car 0.9957177042961121 620 133 652 157
car 0.5805643200874329 1151 349 1178 374
car 0.8489429950714111 1031 304 1070 329
car 0.9626237750053406 659 134 692 155
car 0.8385735154151917 659 85 682 101
truck 0.7132958173751831 260 497 392 579
