person 0.458464115858078 1105 280 1130 304
person 0.5477228760719299 388 412 415 443
person 0.7377570867538452 373 458 394 487
person 0.582547128200531 1141 312 1159 333
person 0.934101939201355 272 259 298 287
person 0.9611914157867432 297 230 314 257
car 0.9061826467514038 926 378 1005 458
car 0.9564385414123535 208 368 311 420
car 0.9874196648597717 228 301 301 346
car 0.9426092505455017 113 381 188 428
car 0.9875457882881165 614 93 638 110
car 0.68964684009552 1020 267 1065 291
car 0.9960712194442749 622 132 650 156
car 0.9851657748222351 640 158 674 183
car 0.8085198998451233 1029 303 1070 329
traffic_light 0.8065217733383179 774 211 808 248
traffic_light 0.9924255609512329 481 210 516 244
