person 0.6635246872901917 1106 279 1127 305
person 0.7635399103164673 273 258 299 287
person 0.97034752368927 1070 238 1084 257
car 0.9290592670440674 133 492 238 561
car 0.9784599542617798 206 369 310 420
car 0.9318314790725708 151 434 254 498
car 0.9874191880226135 60 330 100 363
car 0.9781218767166138 113 382 188 428
car 0.9885600209236145 606 110 633 134
car 0.9553241729736328 57 398 114 435
car 0.4475594162940979 1022 267 1063 292
car 0.990006685256958 621 135 649 160
car 0.9826464653015137 640 156 674 183
car 0.5216385126113892 905 222 946 241
traffic_light 0.5006728172302246 1142 313 1160 336
traffic_light 0.8389514088630676 915 188 929 209
