person 0.7809092402458191 1142 312 1159 336
person 0.5710015892982483 1105 279 1128 304
person 0.9445697665214539 1070 239 1084 258
person 0.8665183186531067 273 257 298 287
person 0.9184785485267639 865 187 879 210
car 0.9890807867050171 230 366 336 423
car 0.9000795483589172 189 499 308 576
car 0.9423195719718933 948 225 993 253
car 0.9808229804039001 1041 355 1101 402
car 0.738947331905365 1018 265 1065 292
car 0.98385089635849 114 381 191 427
car 0.9491991400718689 175 431 283 499
car 0.9424315690994263 551 98 571 118
car 0.9388219714164734 1029 300 1076 328
car 0.9603308439254761 505 174 539 206
