person 0.9919359683990479 366 562 389 591
person 0.5961260199546814 1105 280 1126 304
person 0.8294861316680908 371 504 397 538
person 0.9191226363182068 388 500 410 541
car 0.9380653500556946 210 367 311 422
car 0.953401505947113 236 282 312 317
car 0.9337493181228638 113 379 189 428
car 0.7281596660614014 1020 267 1064 292
car 0.9010583162307739 953 229 992 249
car 0.9925537705421448 621 133 650 157
motorbike 0.8298421502113342 22 352 49 382
motorbike 0.787653386592865 1134 327 1167 357
traffic_light 0.8757261633872986 845 237 887 271
