person 0.9765943884849548 1072 237 1085 255
person 0.5573654174804688 1105 278 1126 306
car 0.9480046629905701 1069 324 1126 361
car 0.993198573589325 202 367 313 420
car 0.8762206435203552 189 498 309 576
car 0.8878788948059082 701 234 772 293
car 0.9548977613449097 176 431 283 498
car 0.9781041145324707 112 380 189 428
car 0.8005979061126709 1018 267 1066 294
car 0.964282214641571 642 130 673 151
car 0.9540610909461975 1029 301 1075 330
traffic_light 0.6564581990242004 1144 313 1159 335
traffic_light 0.613411009311676 860 187 876 209
