person 0.5060993432998657 1105 280 1128 305
person 0.6204507946968079 1150 426 1176 468
car 0.9357744455337524 209 367 310 422
car 0.9748418927192688 113 380 186 426
car 0.7978323698043823 1019 267 1065 293
car 0.9925070405006409 622 132 651 155
car 0.9180671572685242 611 64 640 83
car 0.790111243724823 509 186 534 222
car 0.9879079461097717 640 155 676 183
car 0.6040941476821899 1138 314 1169 340
car 0.5606719851493835 989 397 1070 482
traffic_light 0.7859476804733276 848 238 891 275
traffic_light 0.8252514004707336 376 325 391 352
