9695,0.0653836727142334
9630,0.06000471115112305
11192,0.05595970153808594
9246,0.06051015853881836
9154,0.05532479286193848
9314,0.05589556694030762
9279,0.05579352378845215
9225,0.06316375732421875
9254,0.056522369384765625
9429,0.057734012603759766
9396,0.06066131591796875
9365,0.05734109878540039
9504,0.05418992042541504
9337,0.05622124671936035
9249,0.06075477600097656
9294,0.056360483169555664
9431,0.05814719200134277
9295,0.05486750602722168
9462,0.05718564987182617
9284,0.05955862998962402
9416,0.053639888763427734
10777,0.06087327003479004
9152,0.05829572677612305
9319,0.061122894287109375
9269,0.05489039421081543
9240,0.06189870834350586
9244,0.06400775909423828
9184,0.053151845932006836
9403,0.06296491622924805
9471,0.058849334716796875
9016,0.05399322509765625
9450,0.05883169174194336
9107,0.05846762657165527
9516,0.056668758392333984
9451,0.06206011772155762
9762,0.06126904487609863
11182,0.05666065216064453
9513,0.0561830997467041
9417,0.06235504150390625
9306,0.05846452713012695
9486,0.05936264991760254
9334,0.0577092170715332
9213,0.05793190002441406
9140,0.05786418914794922
9370,0.058295249938964844
9229,0.06336116790771484
9157,0.06406235694885254
9288,0.06210184097290039
9406,0.05777597427368164
9365,0.06034708023071289
9229,0.0590970516204834
9259,0.06025505065917969
9389,0.061214447021484375
9317,0.06099820137023926
9141,0.05794930458068848
9181,0.05706357955932617
9149,0.06034445762634277
9267,0.06282925605773926
9288,0.061369895935058594
9505,0.05817365646362305
9175,0.05910015106201172
9328,0.06275820732116699
9261,0.0564885139465332
9536,0.06185722351074219
9159,0.05861711502075195
9529,0.05693459510803223
9351,0.05975699424743652
9095,0.05711793899536133
9216,0.05846452713012695
9387,0.06070661544799805
10173,0.05739617347717285
9490,0.06156730651855469
9924,0.056543827056884766
9680,0.0608370304107666
9501,0.05904698371887207
9245,0.05830025672912598
9280,0.0591731071472168
9403,0.060373783111572266
9571,0.05790829658508301
9651,0.06040024757385254
9924,0.061205387115478516
9620,0.06257510185241699
9956,0.06293749809265137
9186,0.06271219253540039
9120,0.05993914604187012
9261,0.061379194259643555
9620,0.06106400489807129
9340,0.058756351470947266
9541,0.05995297431945801
9393,0.05855727195739746
9455,0.05848574638366699
9417,0.06062889099121094
9583,0.05825448036193848
9987,0.0563511848449707
9412,0.0625617504119873
9687,0.058460235595703125
9547,0.05871391296386719
9877,0.05782604217529297
9289,0.05969643592834473
9503,0.05979442596435547
9243,0.059583187103271484
9855,0.05717778205871582
9677,0.057845115661621094
9725,0.058641910552978516
10008,0.057589054107666016
9729,0.05863308906555176
9563,0.05723071098327637
9792,0.0605168342590332
9749,0.0606992244720459
9534,0.059456586837768555
9573,0.05981588363647461
9582,0.058828115463256836
9594,0.06052541732788086
9430,0.05898904800415039
9699,0.06010746955871582
9757,0.059105873107910156
9573,0.05946540832519531
9463,0.058026790618896484
9610,0.06079983711242676
9542,0.06305074691772461
9745,0.06025385856628418
9559,0.05834388732910156
9540,0.056409597396850586
9786,0.05561399459838867
9488,0.05896568298339844
9610,0.05669569969177246
9450,0.05881524085998535
9431,0.0573275089263916
9580,0.05995464324951172
9833,0.0637674331665039
9468,0.05841350555419922
9750,0.058034420013427734
9515,0.05832672119140625
9546,0.05980658531188965
9472,0.06146860122680664
9956,0.05907869338989258
9388,0.059034109115600586
9868,0.06017041206359863
9425,0.060286760330200195
9491,0.06205272674560547
9409,0.06032538414001465
9328,0.0595097541809082
9490,0.05867719650268555
9334,0.06134748458862305
9544,0.061394691467285156
9640,0.0594029426574707
9476,0.05996417999267578
9773,0.0576326847076416
9781,0.055327653884887695
9414,0.056493520736694336
9429,0.05834484100341797
9477,0.0579836368560791
9653,0.05860304832458496
9313,0.05748295783996582
9464,0.056340694427490234
9384,0.0599055290222168
9322,0.05985689163208008
9758,0.056845664978027344
9790,0.05857443809509277
9626,0.05984044075012207
9708,0.06100893020629883
9564,0.06083035469055176
9395,0.05975675582885742
9480,0.062097787857055664
9561,0.05811262130737305
9490,0.06320977210998535
9455,0.06044459342956543
9498,0.06044125556945801
9646,0.05545163154602051
9638,0.058325767517089844
9691,0.059621334075927734
9505,0.05833292007446289
9835,0.05328822135925293
9500,0.05652427673339844
9718,0.05755972862243652
9586,0.05688047409057617
9567,0.05814552307128906
9962,0.05737948417663574
9443,0.05931806564331055
9350,0.05519461631774902
9607,0.05641317367553711
9142,0.06201624870300293
9266,0.061865806579589844
9401,0.06137490272521973
9431,0.05416536331176758
9518,0.05989336967468262
9553,0.05653691291809082
9561,0.06032252311706543
9539,0.054537057876586914
10031,0.05899930000305176
10436,0.05889892578125
10175,0.06049466133117676
10307,0.061432600021362305
10245,0.0632328987121582
10351,0.05930829048156738
10284,0.06018567085266113
10314,0.06413531303405762
10564,0.0647878646850586
9469,0.05686306953430176
10332,0.05875682830810547
10477,0.059894561767578125
10433,0.05882859230041504
10368,0.06217026710510254
10571,0.05834007263183594
10379,0.05843520164489746
10195,0.06125068664550781
10389,0.0606846809387207
10178,0.0624852180480957
10394,0.059336185455322266
10658,0.058656930923461914

9429,0.06013321876525879
9507,0.0639500617980957
9587,0.054192543029785156
9357,0.0566411018371582
9429,0.06382155418395996
9368,0.06083416938781738
9502,0.06022906303405762
9444,0.05901074409484863
9706,0.060924530029296875
9408,0.0571897029876709
9346,0.06054496765136719
9404,0.06252503395080566
9352,0.060391902923583984
9484,0.06096673011779785
9124,0.05629897117614746
9245,0.06067252159118652
9436,0.05648088455200195
9364,0.06170368194580078
9333,0.06047320365905762
9342,0.05538797378540039
9090,0.05870532989501953
9284,0.05918455123901367
9180,0.05752229690551758
9177,0.06384587287902832
9117,0.05838155746459961
9466,0.0575559139251709
9344,0.056691646575927734
9332,0.05979728698730469
9281,0.05913591384887695
9909,0.05748176574707031
9953,0.06121563911437988
9705,0.06467747688293457
9721,0.0594329833984375
9611,0.05912041664123535
9622,0.05948209762573242
9702,0.05759787559509277
9669,0.06046700477600098
9634,0.060907602310180664
9597,0.061452388763427734
9610,0.05704450607299805
9693,0.05956220626831055
9435,0.06605315208435059
9987,0.060945749282836914
9594,0.06018352508544922
9597,0.05830717086791992
9639,0.06090736389160156
9609,0.05542349815368652
9409,0.05936861038208008
9392,0.059171438217163086
9629,0.06620573997497559
9687,0.060250043869018555
9682,0.0660240650177002
9608,0.06114697456359863
9556,0.06282877922058105
9586,0.0595402717590332
9574,0.05995583534240723
9757,0.056656599044799805
9759,0.06091499328613281
9523,0.05765843391418457
9466,0.06731319427490234
9597,0.05721020698547363
9559,0.06224966049194336
9572,0.06288003921508789
9419,0.05893826484680176
9723,0.06116223335266113
9693,0.060894012451171875
9566,0.06083416938781738
9645,0.07070565223693848
9528,0.06936979293823242
9722,0.05995893478393555
9584,0.06454873085021973
9681,0.06116628646850586
9643,0.06419754028320312
9510,0.05804705619812012
9714,0.05913972854614258
9650,0.055899620056152344
9674,0.05917811393737793
9647,0.0649714469909668
9597,0.05847501754760742
9602,0.06034255027770996
9644,0.05876421928405762
9568,0.05877208709716797
9464,0.060044288635253906
9572,0.06139993667602539
9639,0.062273502349853516
9783,0.06182241439819336
9822,0.06263184547424316
9367,0.06217169761657715
9095,0.06025052070617676
9566,0.06099128723144531
9418,0.05877232551574707
9212,0.06094050407409668
9293,0.06471061706542969
9225,0.05881786346435547
9334,0.05846762657165527
9240,0.056937217712402344
9462,0.05682706832885742
9355,0.06160616874694824
9384,0.06049370765686035
9377,0.058361053466796875
9495,0.05892777442932129
9494,0.05731010437011719
9568,0.059082984924316406
9487,0.060318946838378906
9752,0.058017730712890625
9532,0.05907559394836426
9778,0.05765223503112793
9681,0.058925628662109375
9861,0.06123471260070801
9755,0.06035876274108887
9504,0.062432289123535156
9558,0.05947518348693848
9788,0.05908489227294922
9932,0.0582730770111084
9868,0.059314727783203125
9670,0.06219840049743652
9757,0.061316728591918945
9625,0.0584416389465332
9634,0.061510324478149414
9592,0.05744576454162598
9759,0.06348800659179688
9796,0.05712580680847168
9700,0.06326436996459961
9645,0.06454658508300781
9544,0.05914616584777832
9544,0.058237314224243164
9615,0.06297469139099121
9849,0.0559694766998291
9525,0.06035971641540527
9577,0.059204816818237305
9831,0.06476163864135742
9897,0.06439805030822754
10029,0.06218290328979492
9750,0.057755231857299805
10032,0.06194138526916504
9779,0.05982851982116699
9952,0.062091827392578125
9839,0.05799269676208496
9800,0.05936384201049805
9848,0.05854511260986328
9842,0.0635988712310791
9683,0.06509518623352051
9833,0.06052446365356445
9797,0.06179189682006836
9730,0.057671308517456055
9551,0.057945966720581055
10933,0.059545278549194336
9298,0.058535099029541016
9758,0.0599207878112793
9507,0.05769658088684082
9770,0.06401681900024414
9820,0.05936765670776367
9754,0.06624794006347656
9454,0.06065821647644043
9823,0.05797243118286133
9961,0.0583033561706543
9633,0.06952738761901855
9353,0.06282854080200195
9996,0.06187772750854492
9640,0.05845046043395996
9684,0.0584721565246582
9733,0.05885124206542969
9793,0.061659812927246094
9643,0.060767412185668945
9702,0.0588836669921875
9761,0.060476064682006836
9614,0.06133413314819336
9569,0.059472084045410156
9798,0.06198573112487793
9624,0.05919384956359863
9522,0.05805611610412598
9808,0.059094905853271484
9719,0.06452488899230957
9581,0.06000161170959473
9670,0.05810666084289551
9854,0.05740237236022949
9830,0.058570146560668945
9615,0.05947375297546387
9752,0.06008720397949219
9684,0.05980038642883301
9780,0.05602288246154785
9538,0.05742526054382324
9824,0.057370662689208984
9475,0.0609898567199707
9583,0.061033010482788086
9770,0.05669879913330078
10088,0.06077861785888672
9856,0.059462785720825195
9364,0.060529470443725586
9505,0.05785703659057617
9826,0.0622553825378418
9787,0.0580143928527832
9783,0.06349563598632812
9955,0.05931591987609863
9901,0.06014609336853027
9995,0.06044960021972656
9452,0.058897972106933594
10819,0.059815168380737305
9817,0.059136390686035156
9653,0.05826139450073242
10014,0.05834364891052246
9652,0.05858564376831055
9533,0.06272315979003906
9629,0.058609724044799805
9585,0.05686759948730469
9891,0.06208157539367676
9637,0.05846452713012695
9676,0.059514760971069336
9639,0.05962395668029785
9607,0.05787348747253418
9737,0.061972856521606445
9960,0.05820178985595703
9769,0.06398487091064453
9457,0.06238675117492676
9482,0.06470394134521484
9360,0.05944561958312988
9267,0.060040950775146484
9055,0.06219887733459473
11127,0.0610194206237793
9620,0.0583958625793457
9952,0.06000876426696777
9784,0.0579371452331543
10040,0.0684061050415039
10085,0.06017184257507324
9919,0.06922650337219238
9734,0.058943986892700195
9319,0.05764126777648926
9694,0.05757761001586914
9466,0.05784320831298828
9683,0.05913567543029785
9631,0.06031465530395508
9713,0.057907819747924805
9614,0.05973362922668457
9611,0.05838346481323242
9673,0.06676220893859863
9909,0.05806088447570801
9692,0.0668036937713623
9673,0.061882734298706055
9639,0.05919909477233887
9722,0.05905938148498535
9781,0.05544757843017578
9888,0.0566251277923584
9892,0.05944085121154785
9495,0.05763673782348633
9677,0.05893230438232422
9854,0.0584104061126709
10088,0.058733463287353516
10071,0.06587481498718262
9565,0.05958914756774902
9801,0.06472039222717285
9627,0.06375932693481445
9770,0.05650615692138672
9713,0.06433606147766113
9896,0.058638811111450195
10044,0.05759239196777344
9703,0.058100223541259766
9373,0.05995821952819824
9691,0.05874490737915039
9706,0.05886363983154297
10055,0.06589293479919434
10012,0.06044340133666992
9960,0.06642007827758789
10010,0.058045148849487305
11222,0.06264162063598633
9666,0.05330920219421387
9943,0.05826687812805176
9899,0.06263613700866699
9775,0.059192657470703125
9815,0.05864071846008301
9787,0.058034420013427734
9721,0.06178450584411621
10109,0.05933094024658203
9852,0.06024885177612305
10005,0.05982232093811035
9995,0.056212425231933594
9768,0.06389713287353516
9758,0.05884122848510742
9856,0.057238101959228516
9732,0.05783724784851074
9559,0.05784773826599121
9286,0.05619049072265625
10032,0.060011863708496094
9825,0.060988664627075195
10044,0.06484746932983398
9589,0.057457923889160156
9592,0.05727696418762207
9542,0.05677008628845215
9343,0.059688568115234375
9389,0.05956459045410156
9542,0.056303977966308594
9743,0.060347795486450195
9848,0.06571459770202637
9787,0.05732369422912598
9865,0.06474924087524414
9624,0.05892801284790039
9693,0.058518409729003906
9708,0.057619571685791016
9732,0.060724496841430664
9756,0.0586850643157959
9745,0.05750250816345215
9635,0.057832956314086914
9912,0.06419825553894043
9876,0.057260990142822266
10061,0.05889081954956055
9775,0.0654606819152832
10066,0.0582430362701416
9756,0.058187007904052734
9591,0.06781554222106934
10052,0.06020164489746094
9843,0.0691533088684082
9490,0.057885169982910156
9780,0.05772590637207031
9984,0.05899667739868164
9665,0.05946993827819824
9954,0.05896925926208496
10312,0.06044363975524902
9270,0.05955076217651367
9698,0.058561086654663086
10033,0.05671191215515137
9725,0.05795860290527344
9385,0.05645036697387695
9911,0.0653684139251709
9454,0.06357932090759277
9216,0.06148266792297363
9574,0.059211015701293945
10050,0.059809207916259766
10182,0.059539794921875
9670,0.05830693244934082
9825,0.05892777442932129
9876,0.06395769119262695
10087,0.05790376663208008
9773,0.05790400505065918
9210,0.05968332290649414
9666,0.057769775390625
10022,0.06315851211547852
9647,0.05840110778808594
9984,0.06251716613769531
9988,0.05640816688537598
9797,0.0655508041381836
9732,0.05762648582458496
9618,0.06719708442687988
9667,0.06235504150390625
10011,0.05631446838378906
9915,0.05811595916748047
9231,0.05642342567443848
9615,0.06078457832336426
9721,0.05808091163635254
9702,0.06133627891540527
9855,0.05884242057800293
9737,0.062491655349731445
9775,0.059259891510009766
9742,0.05697298049926758
10109,0.05881857872009277
9750,0.06406903266906738
9875,0.0607609748840332
9787,0.06398940086364746
9670,0.06372714042663574
10068,0.059316396713256836
9788,0.0582273006439209
9760,0.06550049781799316
9775,0.05901026725769043
9880,0.058972835540771484
9816,0.05822134017944336
9812,0.056935787200927734
9842,0.05904507637023926
9846,0.05911111831665039
9782,0.05876636505126953
9938,0.058434247970581055
9811,0.05743050575256348
10093,0.06392741203308105
9983,0.05652928352355957
10048,0.06186699867248535
10873,0.061074018478393555
10421,0.06208682060241699
8801,0.059931039810180664
10964,0.06180715560913086
11141,0.05862021446228027
10927,0.06124567985534668
10968,0.06366944313049316
11121,0.05810689926147461
11040,0.061270713806152344
11064,0.05858445167541504
10902,0.05747866630554199
10850,0.06302952766418457
10934,0.05835366249084473
11282,0.06417608261108398
10817,0.06329655647277832
11114,0.05790424346923828
10978,0.05957508087158203
