22120,0.05726814270019531
18682,0.0643312931060791
18169,0.06487488746643066
18175,0.0784006118774414
19248,0.09084320068359375
18063,0.0617985725402832
18251,0.08798646926879883
18259,0.06508636474609375
18101,0.08898258209228516
18005,0.07482242584228516
18155,0.06453990936279297
18251,0.07395577430725098
18153,0.07631111145019531
18206,0.06415414810180664
17969,0.05751943588256836
18001,0.08073663711547852
17876,0.08250117301940918
18135,0.060004472732543945
18385,0.08868670463562012
18870,0.06768441200256348
18764,0.06733131408691406
18142,0.06590509414672852
18337,0.07535648345947266
18147,0.0626826286315918
17890,0.0657343864440918
18194,0.08174872398376465
18154,0.06969857215881348
18041,0.06614089012145996
18159,0.06064462661743164
21866,0.08503389358520508
18874,0.08593583106994629
17969,0.0771186351776123
19960,0.07576632499694824
18220,0.07659697532653809
18043,0.08521747589111328
18718,0.0876169204711914
18238,0.07094168663024902
18244,0.07693600654602051
18407,0.07650184631347656
18109,0.07670211791992188
18148,0.07700705528259277
21439,0.07687187194824219
21470,0.07679533958435059
21444,0.07541394233703613
18125,0.0833747386932373
18107,0.0851278305053711
18192,0.08417916297912598
18166,0.07421183586120605
18264,0.07855844497680664
17987,0.07601618766784668
18098,0.07795166969299316
18187,0.0758051872253418
18287,0.0833127498626709
18341,0.07700371742248535
18003,0.08700132369995117
21687,0.08609604835510254
21700,0.07552075386047363
21609,0.08520936965942383
17933,0.07663750648498535
17954,0.08124637603759766
21405,0.07616233825683594
21510,0.08529186248779297
21543,0.07797503471374512
21300,0.08782529830932617
21416,0.09253883361816406
17859,0.0862581729888916
18073,0.08563065528869629
21262,0.08439922332763672
23567,0.08482480049133301
23186,0.07785201072692871
25762,0.08991789817810059
24390,0.06002664566040039
24043,0.07431864738464355
24417,0.07667970657348633
24142,0.08837676048278809
24370,0.07634663581848145
24605,0.07649755477905273
24313,0.08591628074645996
25687,0.07839202880859375
24041,0.08617591857910156
23331,0.07354497909545898
23996,0.09503316879272461
24966,0.08758807182312012
24301,0.08613705635070801
24391,0.07706832885742188
25013,0.08974814414978027
24928,0.09623551368713379
24585,0.07675576210021973
24527,0.07707095146179199
24441,0.07679438591003418
23995,0.07659673690795898
23885,0.08086609840393066
25060,0.08814859390258789
24999,0.08552956581115723
24332,0.0779118537902832
24324,0.07673025131225586
24161,0.08750796318054199
24383,0.0769033432006836
24130,0.06404852867126465
23940,0.0753335952758789
23948,0.07430386543273926
23898,0.07675576210021973
23360,0.08720636367797852
23741,0.07665181159973145
24126,0.0773463249206543
24121,0.0764772891998291
24060,0.08892393112182617
24058,0.0767662525177002
23987,0.08475399017333984
24043,0.08873724937438965
23796,0.08858990669250488
23718,0.09091019630432129
23648,0.0773622989654541
23810,0.07686471939086914
23700,0.07758092880249023
23758,0.07754731178283691
23486,0.0775136947631836
23209,0.07530736923217773
23062,0.07732272148132324
22828,0.08947396278381348
23633,0.08639287948608398
23013,0.07537150382995605
23868,0.08987164497375488
23905,0.08732986450195312
23958,0.07680010795593262
23747,0.07690930366516113
23722,0.07678389549255371
23331,0.08730363845825195
23820,0.07724905014038086
23862,0.0873408317565918
23962,0.07459545135498047
23684,0.07746577262878418
24272,0.07612919807434082
23565,0.07752227783203125
23453,0.08106470108032227
23884,0.07506060600280762
23613,0.07681560516357422
23577,0.07722854614257812
23860,0.07869195938110352
23757,0.07622456550598145
23995,0.07554459571838379
23610,0.07713651657104492
23671,0.07508516311645508
23680,0.0869908332824707
23322,0.07667922973632812
23867,0.08806753158569336
24179,0.07649707794189453
23506,0.08620452880859375
24196,0.07729744911193848
23704,0.0572819709777832
24342,0.07925581932067871
23949,0.07867193222045898
23480,0.07639765739440918
24012,0.06226754188537598
23606,0.07753920555114746
24094,0.08477210998535156
23750,0.0776824951171875
24013,0.07709646224975586
22885,0.07365274429321289
24278,0.07773613929748535
27334,0.07667040824890137
23592,0.0759429931640625
26889,0.08001375198364258
25453,0.08968877792358398
23367,0.07830286026000977
24258,0.07940125465393066
24799,0.07564806938171387
24328,0.09700417518615723
24171,0.08759498596191406
23690,0.07710099220275879
24430,0.08737444877624512
24723,0.08649277687072754
24197,0.07740044593811035
23625,0.07722878456115723
27209,0.07927894592285156
24500,0.07575321197509766
25069,0.07687568664550781
24266,0.07513785362243652
24332,0.07703876495361328
23988,0.07219600677490234
24415,0.07824301719665527
23925,0.0756676197052002
24039,0.07636094093322754
24375,0.07751035690307617
24200,0.08546113967895508
24521,0.08786463737487793
24276,0.07578802108764648
25002,0.0759279727935791
25168,0.07922601699829102
23573,0.07774662971496582
19725,0.08432316780090332
19828,0.10323333740234375
20658,0.10039114952087402
20131,0.10168313980102539
20074,0.09756159782409668
19215,0.06840968132019043
20323,0.09367084503173828
20822,0.08453679084777832
22770,0.08273530006408691
20767,0.0858464241027832
20342,0.09211945533752441
20706,0.09654736518859863
20800,0.08458948135375977
20715,0.09696626663208008
20530,0.08731412887573242
20377,0.09313583374023438
20206,0.08457827568054199
20512,0.08057546615600586
21044,0.07642793655395508
21893,0.08806371688842773
20593,0.0825040340423584
19920,0.07366442680358887
19647,0.0754554271697998
19808,0.08637571334838867
19741,0.08878374099731445
19676,0.08463644981384277
20056,0.07756757736206055
20174,0.09812164306640625
20113,0.08506155014038086
19704,0.07517170906066895
19636,0.0854637622833252
19906,0.09535861015319824
19551,0.07608938217163086
19816,0.0924530029296875
20518,0.06358218193054199
19852,0.08458256721496582
18806,0.07700514793395996
19823,0.09503889083862305
20348,0.08561587333679199
19684,0.07767534255981445
19453,0.07622122764587402
19321,0.10118293762207031
19348,0.09007453918457031
20004,0.0848081111907959
19710,0.08707809448242188
19711,0.0914301872253418
19889,0.08658719062805176
19886,0.08808588981628418
19593,0.060717105865478516
19774,0.07709693908691406
21400,0.059610605239868164
21321,0.07277488708496094
21142,0.07876992225646973
21037,0.06175518035888672
21203,0.07606959342956543
21256,0.07901835441589355
21420,0.07880830764770508
21369,0.08617520332336426
21344,0.07608675956726074
21281,0.09121322631835938
21473,0.08581900596618652
21419,0.07739758491516113
21376,0.07472348213195801
21261,0.07459211349487305
21411,0.07686018943786621
21457,0.08826780319213867
21438,0.07601785659790039
21709,0.07764601707458496
21415,0.08548307418823242
21358,0.0783388614654541
21327,0.07627320289611816
21280,0.0823965072631836
21194,0.0872645378112793
20858,0.08403825759887695
20994,0.07830095291137695
21296,0.08325314521789551
21306,0.07861948013305664
21391,0.05881667137145996
21445,0.09713292121887207
21342,0.0795125961303711
21211,0.08485913276672363
21260,0.07477498054504395
21159,0.07922649383544922
21366,0.0766150951385498
21261,0.06320476531982422
21095,0.08253884315490723
21336,0.0775609016418457
21397,0.07585668563842773
21267,0.07726168632507324
21246,0.07868456840515137
21140,0.09258699417114258
21195,0.07654452323913574
21323,0.0784456729888916
21861,0.08055901527404785
21794,0.08724546432495117
21591,0.0841066837310791
21586,0.07826924324035645
21580,0.07370209693908691
21754,0.07218122482299805
21943,0.08671212196350098
22247,0.07375192642211914
22358,0.0877070426940918
22516,0.07503199577331543
22168,0.07915186882019043
22531,0.07691526412963867
22303,0.08468413352966309
22224,0.0862874984741211
22246,0.0742790699005127
22359,0.0754396915435791
22863,0.0754995346069336
22225,0.0748138427734375
22005,0.08026885986328125
22219,0.07714009284973145
22214,0.07773995399475098
21716,0.07648587226867676
22030,0.07759761810302734
22013,0.07411456108093262
21941,0.0791330337524414
21740,0.07578492164611816
21596,0.08522343635559082
21712,0.08253002166748047
21666,0.06696248054504395
21894,0.08263850212097168
22289,0.07517099380493164
21551,0.07689213752746582
21557,0.07969069480895996
21724,0.0756843090057373
21644,0.07886624336242676
21499,0.07831430435180664
21515,0.07656288146972656
21489,0.07150816917419434
21382,0.09147238731384277
21539,0.07621645927429199
21509,0.07686614990234375
21373,0.07512474060058594
21290,0.08407092094421387
21398,0.07615113258361816
21556,0.0771169662475586
21467,0.07531380653381348
21134,0.07429289817810059
21225,0.07062149047851562
21293,0.0746159553527832
21429,0.07675433158874512
21254,0.07658243179321289
21341,0.07946419715881348
21266,0.0787973403930664
21349,0.08063411712646484
20947,0.0759732723236084
21210,0.07865047454833984
21278,0.07354140281677246
21188,0.08486104011535645
21308,0.06258392333984375
21411,0.08397698402404785
21343,0.07792353630065918
21375,0.08618378639221191
21586,0.07671046257019043
21570,0.0749974250793457
21428,0.0773169994354248
21642,0.07596445083618164
21733,0.07641243934631348
21507,0.07658982276916504
21371,0.07496190071105957
21599,0.08276939392089844
21583,0.07781100273132324
21646,0.08410000801086426
22000,0.08255767822265625
21730,0.07798552513122559
21975,0.07717585563659668
22339,0.07803916931152344
21346,0.07399654388427734
21216,0.08413863182067871
21415,0.08571839332580566
21370,0.07718634605407715
21237,0.07601475715637207
21006,0.08487844467163086
21072,0.07623648643493652
21131,0.07293486595153809
21019,0.07340097427368164
21711,0.07595348358154297
21554,0.07533550262451172
22045,0.0926816463470459
22449,0.0721747875213623
21826,0.07679963111877441
21833,0.07845687866210938
21352,0.08886098861694336
21004,0.07868003845214844
21227,0.07674527168273926
21125,0.08621978759765625
21199,0.07432055473327637
21271,0.0771791934967041
21227,0.07611513137817383
21339,0.08130931854248047
21228,0.07814645767211914
21470,0.08238816261291504
21267,0.07879233360290527
21309,0.09043383598327637
21230,0.07750153541564941
21201,0.0839238166809082
21233,0.08004164695739746
21340,0.07727503776550293
21120,0.07563400268554688
21321,0.07294607162475586
21233,0.07891321182250977
20912,0.07330656051635742
21377,0.08134794235229492
21354,0.0747988224029541
21177,0.07706141471862793
20883,0.07663750648498535
20953,0.07649636268615723
21782,0.07742738723754883
22060,0.07756686210632324
21257,0.07434773445129395
21466,0.0751185417175293
21276,0.07759332656860352
21152,0.07610011100769043
21903,0.08255767822265625
21644,0.06388711929321289
21772,0.07320284843444824
21981,0.07780003547668457
21801,0.07511496543884277
21363,0.08270645141601562
21470,0.07731008529663086
21321,0.07414865493774414
21439,0.0857229232788086
21173,0.07377910614013672
21350,0.0759115219116211
21180,0.07528805732727051
21274,0.05877399444580078
21353,0.07658147811889648
21244,0.07660460472106934
21304,0.07664895057678223
21319,0.07760238647460938
21378,0.07683157920837402
21333,0.08434867858886719
21438,0.07602691650390625
21278,0.0758206844329834
20565,0.0740671157836914
21226,0.08722186088562012
20628,0.0807037353515625
24038,0.09196782112121582
23095,0.07834053039550781
21332,0.0772404670715332
22069,0.07815289497375488
22204,0.08532571792602539
21616,0.08237051963806152
21245,0.06843447685241699
21203,0.07608604431152344
21292,0.07649993896484375
20458,0.07578563690185547
21662,0.07348060607910156
21637,0.0772097110748291
21550,0.07768917083740234
21560,0.08190393447875977
21429,0.07686352729797363
21388,0.0710451602935791
21397,0.07725358009338379
21423,0.08279633522033691
21472,0.0819089412689209
21576,0.08499312400817871
21533,0.08037877082824707
21601,0.07704043388366699
21606,0.0797121524810791
21470,0.07444334030151367
21324,0.07744479179382324
21680,0.0742790699005127
22522,0.0778665542602539
21338,0.07477784156799316
21078,0.07950949668884277
21109,0.06685066223144531
21883,0.08222293853759766
20242,0.07576441764831543
21492,0.07768392562866211
21459,0.0777134895324707
21391,0.07575488090515137
21295,0.07823061943054199
21186,0.0735468864440918
21425,0.07546019554138184
22088,0.0751030445098877
21409,0.07593369483947754
21511,0.0802009105682373
21626,0.07820415496826172
21468,0.07670164108276367
22025,0.07623600959777832
21587,0.07708334922790527
21442,0.07690739631652832
21222,0.08393073081970215
21325,0.07622456550598145
21473,0.07428979873657227
21353,0.07552242279052734
21353,0.07620906829833984
21521,0.08293652534484863
21258,0.0749666690826416
21450,0.0757744312286377
21483,0.07462811470031738
21886,0.0784611701965332
21817,0.07682013511657715
21632,0.07628560066223145
21571,0.07645273208618164
21470,0.07604789733886719
21666,0.0776827335357666
21708,0.07772541046142578
21502,0.07497119903564453
21026,0.0760641098022461
21036,0.07964301109313965
21150,0.08045363426208496
21599,0.07880783081054688
22387,0.07805013656616211
23005,0.07840585708618164
22007,0.08211565017700195
22846,0.07840251922607422
20763,0.07718896865844727
21769,0.09460234642028809
21651,0.08128476142883301
21568,0.07809281349182129
21563,0.07649946212768555
21481,0.07361078262329102
21568,0.07534217834472656
21330,0.07776260375976562
21470,0.0842888355255127
21554,0.07735562324523926
21381,0.07818484306335449
21396,0.07577109336853027
21633,0.06699061393737793
21468,0.07487654685974121
21425,0.07340073585510254
21199,0.07729268074035645
21764,0.07498741149902344
21660,0.07880353927612305
22650,0.08360719680786133
20816,0.07716608047485352
21549,0.07572197914123535
21574,0.07731127738952637
21599,0.0750131607055664
20813,0.059658050537109375
22027,0.0774223804473877
21292,0.07600998878479004
21234,0.07564187049865723
21583,0.0746912956237793
22496,0.07661223411560059
21297,0.07378649711608887
21716,0.07615017890930176
22677,0.08031702041625977
21728,0.08455514907836914
21863,0.07940268516540527
22616,0.06640481948852539
21417,0.07777619361877441
21229,0.07502555847167969
21251,0.07831811904907227
21703,0.07491683959960938
22111,0.0781710147857666
21593,0.07738828659057617
21673,0.07774925231933594
22122,0.07970738410949707
22065,0.0732419490814209
21619,0.07513689994812012
21695,0.06452369689941406
21585,0.07420802116394043
21367,0.07491445541381836
21538,0.07521986961364746
21574,0.07613897323608398
21278,0.07752609252929688
21480,0.07318592071533203
21315,0.08235311508178711
21346,0.07635951042175293
21163,0.07788467407226562
21580,0.07583761215209961
22022,0.06356453895568848
21765,0.09258532524108887
21852,0.0756838321685791
21674,0.07553791999816895
21524,0.08599090576171875
21903,0.084197998046875
21784,0.0764460563659668
22121,0.07620716094970703
21714,0.07712364196777344
22408,0.08219742774963379
21810,0.07618045806884766
21927,0.07780647277832031
21674,0.08248519897460938
21777,0.07613086700439453
21854,0.07563090324401855
21819,0.08083319664001465
21924,0.07806086540222168
21998,0.07710528373718262
21945,0.07707357406616211
21866,0.0813608169555664
21819,0.07611751556396484
21898,0.07460284233093262
21834,0.07815265655517578
21725,0.07776188850402832
21641,0.0752558708190918
21711,0.07796597480773926
21592,0.08255624771118164
25494,0.07699847221374512
24823,0.09299993515014648
25378,0.09705066680908203
24924,0.10776782035827637
23873,0.08510804176330566
23784,0.0789940357208252
24606,0.08087635040283203
24341,0.07585930824279785
23945,0.09421682357788086
24051,0.08478307723999023
23712,0.08598613739013672
23658,0.08972454071044922
24019,0.09723901748657227
24159,0.08654117584228516
24060,0.09114360809326172
24791,0.08074808120727539
24430,0.0912790298461914
