16260,0.06171250343322754
16124,0.06255888938903809
15946,0.06080198287963867
16041,0.07441902160644531
17051,0.09167265892028809
15900,0.063323974609375
15868,0.08829784393310547
15895,0.07938575744628906
15831,0.07660365104675293
15873,0.0678853988647461
15974,0.05844712257385254
16000,0.06417632102966309
15928,0.0759115219116211
15742,0.06212258338928223
15820,0.06020712852478027
15665,0.08877921104431152
15758,0.08172392845153809
15826,0.06670427322387695
16174,0.07061100006103516
16565,0.06481790542602539
16340,0.056293487548828125
16004,0.08380603790283203
16056,0.05778908729553223
16294,0.06640148162841797
15839,0.06046748161315918
15916,0.09090495109558105
15868,0.06167864799499512
15917,0.05991935729980469
15993,0.06005501747131348
15967,0.08334779739379883
16608,0.08823561668395996
15871,0.07092618942260742
17639,0.07524752616882324
15972,0.07120513916015625
15754,0.08422660827636719
16373,0.07527875900268555
15866,0.08350110054016113
15899,0.0716245174407959
16033,0.08242177963256836
15820,0.07455635070800781
15905,0.0720207691192627
15634,0.08173227310180664
15645,0.085601806640625
15478,0.07892131805419922
16084,0.07313919067382812
16003,0.07762908935546875
15902,0.07487177848815918
15852,0.08442974090576172
15821,0.07336783409118652
15837,0.08191132545471191
15813,0.07546544075012207
15928,0.0841665267944336
16020,0.07332992553710938
15989,0.07232117652893066
15788,0.07510113716125488
15682,0.07340240478515625
15735,0.07698702812194824
15656,0.07590532302856445
15857,0.07493257522583008
15963,0.09156250953674316
15647,0.07414078712463379
15610,0.08084368705749512
15656,0.0816648006439209
15527,0.07628989219665527
15585,0.07995080947875977
15726,0.09125471115112305
15991,0.08450150489807129
15492,0.07530331611633301
23247,0.062204837799072266
23225,0.07622241973876953
25424,0.07904720306396484
23293,0.05979204177856445
23241,0.07636618614196777
23908,0.07578253746032715
23817,0.08814001083374023
24094,0.07638740539550781
23709,0.07491230964660645
24093,0.07527279853820801
26337,0.08301854133605957
23694,0.07619571685791016
23305,0.08397436141967773
23886,0.09404110908508301
22595,0.07827234268188477
23559,0.07431387901306152
23863,0.07599091529846191
24306,0.07627749443054199
23919,0.09374618530273438
23521,0.08787751197814941
23423,0.08472251892089844
23639,0.08925747871398926
24285,0.08413243293762207
23793,0.08545398712158203
23657,0.07776069641113281
24031,0.07746767997741699
23335,0.07733583450317383
23713,0.08553028106689453
23493,0.08490753173828125
23728,0.0853738784790039
23447,0.06428694725036621
22655,0.08646535873413086
22760,0.08918929100036621
23151,0.07701754570007324
22518,0.06786942481994629
22490,0.08524894714355469
22665,0.07722020149230957
22512,0.07660675048828125
23009,0.0861973762512207
22372,0.07723665237426758
22558,0.07759380340576172
22158,0.0768887996673584
22495,0.08766818046569824
22474,0.08357357978820801
22558,0.07717180252075195
22145,0.07727837562561035
22540,0.07361578941345215
22518,0.07714486122131348
22718,0.08585977554321289
22644,0.07475590705871582
22751,0.07764506340026855
22650,0.08670544624328613
22798,0.07601237297058105
22187,0.08548879623413086
22259,0.07811212539672852
21994,0.07858848571777344
22335,0.07842707633972168
22484,0.08670949935913086
22391,0.07961535453796387
22433,0.0841219425201416
22425,0.08600544929504395
22754,0.07780742645263672
22622,0.07720351219177246
22805,0.0780029296875
22985,0.07703566551208496
22555,0.08709430694580078
22492,0.07602524757385254
22752,0.07768893241882324
22804,0.07522892951965332
22355,0.0739285945892334
22517,0.08795809745788574
22641,0.07773017883300781
22783,0.07469844818115234
22504,0.07663989067077637
22664,0.08618998527526855
22761,0.07612848281860352
22242,0.07694816589355469
22321,0.07578516006469727
22558,0.07595038414001465
22359,0.0783541202545166
22702,0.07663893699645996
22772,0.06776118278503418
22514,0.07693839073181152
22640,0.07694315910339355
22500,0.08681035041809082
22785,0.06262898445129395
22718,0.0776376724243164
22680,0.08757805824279785
22579,0.0933225154876709
22500,0.06401586532592773
22927,0.08786654472351074
25334,0.08719158172607422
21912,0.07688570022583008
22142,0.07806801795959473
26548,0.07711482048034668
23377,0.07795262336730957
23506,0.08485937118530273
22809,0.07750511169433594
22843,0.07795166969299316
23051,0.0859231948852539
22649,0.07613730430603027
24445,0.07702159881591797
23514,0.07575750350952148
23306,0.06595063209533691
23216,0.07847261428833008
23383,0.07605791091918945
22988,0.08613705635070801
23156,0.07585763931274414
23110,0.0758061408996582
23034,0.07698822021484375
23137,0.07654690742492676
22851,0.07564496994018555
23212,0.07193613052368164
23234,0.07727193832397461
23294,0.08434557914733887
25990,0.0784921646118164
25877,0.07528948783874512
22903,0.07656049728393555
22584,0.08617639541625977
22844,0.07509708404541016
22527,0.08561229705810547
22762,0.07617545127868652
17281,0.07430768013000488
17306,0.10423874855041504
17846,0.09336566925048828
17237,0.08567070960998535
17851,0.08481383323669434
16806,0.08243870735168457
17331,0.08023810386657715
18065,0.08515381813049316
19392,0.08896517753601074
18045,0.08553051948547363
17612,0.08878874778747559
17813,0.08152222633361816
17905,0.07870078086853027
17951,0.07353878021240234
18110,0.08167505264282227
18034,0.08333063125610352
17834,0.08100605010986328
17985,0.08089637756347656
18419,0.0870361328125
18866,0.08421874046325684
18052,0.07461953163146973
19853,0.06619524955749512
23048,0.08386588096618652
23202,0.08272361755371094
22854,0.0860300064086914
22456,0.08691954612731934
22860,0.09253644943237305
23210,0.07507824897766113
22584,0.08214950561523438
22376,0.0754251480102539
22472,0.07518172264099121
22685,0.07561135292053223
22506,0.07632827758789062
22630,0.07744431495666504
23998,0.06094479560852051
24221,0.08935093879699707
23594,0.087005615234375
23142,0.08724570274353027
23966,0.08806657791137695
22987,0.07701706886291504
22711,0.07160782814025879
22750,0.09001731872558594
22739,0.08475804328918457
22773,0.08436703681945801
22697,0.08599162101745605
22733,0.07403159141540527
23038,0.08561348915100098
22895,0.07741260528564453
22455,0.0794222354888916
22813,0.07924246788024902
17863,0.07195043563842773
17772,0.07662081718444824
17690,0.0779869556427002
17680,0.07637357711791992
17849,0.07135176658630371
17847,0.08487296104431152
17734,0.08787703514099121
17711,0.08626103401184082
17737,0.07395792007446289
17700,0.09228730201721191
18000,0.07530760765075684
17610,0.07410573959350586
17592,0.07482290267944336
17850,0.09069538116455078
17830,0.06959152221679688
17726,0.07680320739746094
18019,0.07407951354980469
18036,0.0712134838104248
17762,0.08321547508239746
17811,0.07203984260559082
17587,0.07305264472961426
17698,0.07546734809875488
17589,0.07621574401855469
17629,0.08511161804199219
17625,0.06874918937683105
17723,0.08802294731140137
17665,0.07740926742553711
17838,0.06730914115905762
17903,0.08217453956604004
18097,0.09750890731811523
17748,0.08517241477966309
17714,0.07219529151916504
17665,0.0856168270111084
17777,0.08715581893920898
17806,0.0693509578704834
17642,0.07829523086547852
17825,0.07315278053283691
17683,0.07662129402160645
17706,0.07488036155700684
17658,0.07886791229248047
17771,0.0811929702758789
17893,0.07611846923828125
17883,0.08331012725830078
18327,0.06042623519897461
18012,0.0790104866027832
17806,0.0759434700012207
17974,0.07652878761291504
17853,0.07934856414794922
17999,0.08352279663085938
18323,0.08323979377746582
18380,0.08275532722473145
18612,0.0874032974243164
18621,0.07622766494750977
18566,0.08388757705688477
18586,0.07461142539978027
18567,0.0814523696899414
18599,0.07442951202392578
18597,0.0775001049041748
18681,0.08474516868591309
18853,0.07656526565551758
18810,0.0831594467163086
18289,0.07103824615478516
18488,0.07478475570678711
18463,0.07940959930419922
18158,0.08387517929077148
17969,0.07873725891113281
18277,0.07646727561950684
18049,0.06891417503356934
17955,0.07526516914367676
17855,0.07604670524597168
18085,0.09246444702148438
18080,0.06519865989685059
18287,0.08486032485961914
19173,0.08648824691772461
18819,0.07351922988891602
17918,0.08081841468811035
18089,0.07544994354248047
17877,0.07774710655212402
17916,0.07653927803039551
17847,0.07498383522033691
17853,0.07478666305541992
17837,0.09190201759338379
17919,0.07516241073608398
17777,0.08345961570739746
17831,0.07706642150878906
17745,0.07245421409606934
17883,0.07935357093811035
17824,0.07314777374267578
17647,0.07590460777282715
17703,0.07378411293029785
17811,0.06269478797912598
17732,0.07550668716430664
17740,0.07191777229309082
17662,0.07309627532958984
17688,0.07898449897766113
17651,0.07704377174377441
17804,0.08081555366516113
17950,0.07543492317199707
17843,0.07719063758850098
17695,0.07118487358093262
17569,0.07932496070861816
17776,0.05893349647521973
17830,0.07488059997558594
17829,0.07791304588317871
17816,0.0716257095336914
17742,0.07854413986206055
17942,0.07491421699523926
17908,0.07325029373168945
18043,0.07756853103637695
18232,0.0766153335571289
18010,0.07152676582336426
17941,0.08360409736633301
18033,0.08099746704101562
18103,0.09302544593811035
18081,0.07508707046508789
18439,0.08321523666381836
18059,0.07920408248901367
18408,0.07715892791748047
19095,0.07563519477844238
17700,0.0736541748046875
17776,0.08489608764648438
17912,0.07454800605773926
17864,0.08730149269104004
17738,0.07615375518798828
17508,0.07665014266967773
17489,0.07907676696777344
17571,0.07657289505004883
17413,0.0750589370727539
19019,0.07330203056335449
16990,0.07832574844360352
18350,0.09084916114807129
19139,0.07332277297973633
18372,0.08098053932189941
17954,0.07603597640991211
17780,0.07979726791381836
17569,0.07898783683776855
17526,0.08465743064880371
17515,0.07568693161010742
17593,0.07666301727294922
17561,0.08230257034301758
17517,0.07111096382141113
17562,0.07961130142211914
17624,0.07730364799499512
17705,0.07501411437988281
17674,0.07185149192810059
17644,0.06694769859313965
17591,0.0775752067565918
17436,0.07519221305847168
17712,0.06948709487915039
17697,0.08163070678710938
17585,0.0748605728149414
17725,0.07493305206298828
17567,0.08327841758728027
17672,0.07629108428955078
17776,0.07664990425109863
17694,0.07761073112487793
17405,0.07511067390441895
17255,0.07477331161499023
17548,0.08150696754455566
17957,0.07275199890136719
18267,0.07710933685302734
17447,0.07426977157592773
17831,0.07405972480773926
17542,0.07671642303466797
17618,0.07316184043884277
18364,0.07712864875793457
18306,0.06541156768798828
18371,0.0904078483581543
18663,0.08917808532714844
18146,0.0769662857055664
17649,0.07734990119934082
17886,0.07645606994628906
17706,0.0740358829498291
17657,0.07560992240905762
17573,0.0805208683013916
17531,0.06812191009521484
17664,0.06899261474609375
17714,0.05849742889404297
17734,0.07406353950500488
17756,0.07608437538146973
17756,0.07762837409973145
17667,0.07712244987487793
17720,0.06438684463500977
17639,0.07193470001220703
17758,0.07524442672729492
17944,0.07169604301452637
17638,0.07708024978637695
18646,0.07671880722045898
17005,0.06515216827392578
18138,0.0807340145111084
19752,0.0678250789642334
18787,0.07455086708068848
17938,0.07672429084777832
18148,0.07740950584411621
17805,0.0776982307434082
17584,0.06630182266235352
17536,0.07646346092224121
18504,0.07486820220947266
16779,0.08203935623168945
17885,0.07525944709777832
17837,0.08354949951171875
17588,0.07654142379760742
17652,0.0808713436126709
17653,0.07205915451049805
17736,0.07661271095275879
17598,0.0762479305267334
17645,0.0817563533782959
17805,0.07669806480407715
17768,0.0765371322631836
17891,0.07865023612976074
17727,0.0841379165649414
17887,0.07490277290344238
17664,0.06778097152709961
17725,0.0786283016204834
17932,0.06871366500854492
18434,0.08335757255554199
17635,0.07549262046813965
17282,0.07866215705871582
17402,0.05873370170593262
18663,0.07907485961914062
17156,0.07402396202087402
17709,0.0643320083618164
17754,0.08554863929748535
17711,0.07538318634033203
17569,0.08065319061279297
17518,0.07427716255187988
17729,0.07412147521972656
18309,0.07444119453430176
17464,0.07385826110839844
17809,0.0818336009979248
17971,0.07723426818847656
17945,0.08087348937988281
18362,0.06369829177856445
17754,0.07727670669555664
17835,0.07006645202636719
17462,0.07336902618408203
17681,0.0742795467376709
17635,0.07984113693237305
17669,0.0740818977355957
17761,0.07469558715820312
17719,0.06977343559265137
17697,0.06930923461914062
17583,0.07632708549499512
17715,0.08198261260986328
18198,0.0721292495727539
18017,0.07491111755371094
17925,0.08452105522155762
17722,0.07505965232849121
17695,0.07672667503356934
17725,0.07077383995056152
17863,0.07408857345581055
17873,0.07577681541442871
17788,0.07466602325439453
17194,0.07834744453430176
17450,0.08036398887634277
17618,0.07564139366149902
19037,0.07708001136779785
19690,0.0788414478302002
19086,0.08070826530456543
19356,0.08251595497131348
19665,0.08204007148742676
18424,0.07542014122009277
17579,0.07565021514892578
17768,0.07911801338195801
17818,0.07459640502929688
17675,0.07459497451782227
17715,0.07701873779296875
17754,0.07394146919250488
17669,0.08503937721252441
17717,0.0764315128326416
17758,0.07518434524536133
17689,0.08406209945678711
17800,0.07093262672424316
17628,0.07390427589416504
17608,0.07454395294189453
17603,0.07708072662353516
17996,0.07497310638427734
17976,0.08048772811889648
19216,0.07408428192138672
18076,0.08315324783325195
17911,0.07417583465576172
17988,0.07757139205932617
18178,0.07677316665649414
17056,0.056833744049072266
18292,0.07761907577514648
17884,0.07457184791564941
17482,0.07878994941711426
17835,0.07220864295959473
19269,0.07980608940124512
17200,0.07252717018127441
17845,0.07526183128356934
19361,0.08645200729370117
18095,0.06781673431396484
18080,0.08062195777893066
19156,0.06413984298706055
17357,0.08233213424682617
17482,0.07892036437988281
17635,0.07625675201416016
18318,0.06732296943664551
19084,0.06989455223083496
18405,0.0781850814819336
17875,0.0763711929321289
18437,0.07806897163391113
18652,0.07374024391174316
18303,0.07251143455505371
17919,0.07463908195495605
17664,0.07317686080932617
17593,0.07794523239135742
17585,0.08082413673400879
17693,0.07633280754089355
17511,0.07393789291381836
17627,0.07438397407531738
17503,0.07784032821655273
17565,0.07356500625610352
17393,0.0778341293334961
17941,0.07422947883605957
18864,0.06609463691711426
17785,0.0758812427520752
17798,0.07814931869506836
18039,0.07443499565124512
17828,0.07727646827697754
18032,0.08056139945983887
17918,0.0696554183959961
18199,0.08386707305908203
17858,0.07324552536010742
18236,0.07952356338500977
17842,0.06818985939025879
17960,0.07771086692810059
17799,0.08094334602355957
17768,0.07490277290344238
17858,0.07723450660705566
17881,0.06797623634338379
17889,0.06993556022644043
18168,0.0767059326171875
18014,0.06629776954650879
17872,0.07699418067932129
17989,0.07713460922241211
17919,0.07702493667602539
17948,0.07667708396911621
17867,0.07234001159667969
17957,0.07420730590820312
17866,0.08471083641052246
17896,0.0783698558807373
25329,0.07929682731628418
24916,0.10024738311767578
26006,0.0879659652709961
24839,0.0946648120880127
24334,0.08297991752624512
24398,0.08327960968017578
24571,0.0842137336730957
24561,0.08328127861022949
24071,0.1010885238647461
24457,0.09584307670593262
23987,0.08586359024047852
23803,0.08785319328308105
23826,0.06260919570922852
23660,0.09997439384460449
24294,0.09377431869506836
25047,0.08261394500732422
24859,0.09183216094970703
