12870,0.05429410934448242
12826,0.05598855018615723
12931,0.061734914779663086
12899,0.062195539474487305
13087,0.05734062194824219
12762,0.06174969673156738
12757,0.06709074974060059
12826,0.06781411170959473
12466,0.0722801685333252
12727,0.05879688262939453
12360,0.07226371765136719
12709,0.07098269462585449
12643,0.0632011890411377
12424,0.05549979209899902
12503,0.058917999267578125
12528,0.06590962409973145
12536,0.06441164016723633
12320,0.057669878005981445
12698,0.06325411796569824
12909,0.06288385391235352
12818,0.05658388137817383
12635,0.07017850875854492
12802,0.06940031051635742
12619,0.05641341209411621
12479,0.05607008934020996
12502,0.06663274765014648
12784,0.05600452423095703
12695,0.0675811767578125
12983,0.06395196914672852
13036,0.07038164138793945
12586,0.0699920654296875
13022,0.0705716609954834
12896,0.0671544075012207
12418,0.06952953338623047
12465,0.06706666946411133
12473,0.06461143493652344
12744,0.06415629386901855
12596,0.0636286735534668
12553,0.06388473510742188
12511,0.06182432174682617
12562,0.07016539573669434
12584,0.06461811065673828
12449,0.06393623352050781
12570,0.06663036346435547
12603,0.06287288665771484
12725,0.06711554527282715
12667,0.0677649974822998
12521,0.06219792366027832
12857,0.062172889709472656
12597,0.06372380256652832
12697,0.06588912010192871
12619,0.06438875198364258
12430,0.06366705894470215
12473,0.0661613941192627
12325,0.06917667388916016
12611,0.06458759307861328
12617,0.06388354301452637
12480,0.06356525421142578
12923,0.06619572639465332
12597,0.06890368461608887
12484,0.06644058227539062
12516,0.06447124481201172
12582,0.07080578804016113
12590,0.0641031265258789
12644,0.0650324821472168
12833,0.06371879577636719
12664,0.07118582725524902
12685,0.063079833984375
13994,0.06833505630493164
14347,0.06999516487121582
14324,0.06604576110839844
14597,0.07010221481323242
14327,0.0640413761138916
14604,0.06659364700317383
14046,0.07093977928161621
14541,0.06782150268554688
14559,0.06901311874389648
14863,0.06568169593811035
14767,0.06823849678039551
14619,0.06844735145568848
14312,0.07068538665771484
14485,0.06858491897583008
14118,0.07280874252319336
14260,0.06433892250061035
14277,0.06491589546203613
14656,0.06637001037597656
14707,0.07001352310180664
14203,0.06397581100463867
14192,0.06711578369140625
14459,0.06879329681396484
14684,0.07691216468811035
14204,0.06705808639526367
14618,0.0684821605682373
14415,0.06595039367675781
14428,0.0704803466796875
14470,0.0649712085723877
14258,0.06505107879638672
14501,0.06479787826538086
14485,0.06769394874572754
14075,0.06986880302429199
14312,0.0675809383392334
14446,0.07372570037841797
14312,0.06426835060119629
14458,0.07049226760864258
14430,0.07116842269897461
14307,0.07245564460754395
14499,0.06569623947143555
14298,0.06625747680664062
14252,0.06568551063537598
14332,0.06419491767883301
14330,0.06554579734802246
14188,0.07086849212646484
14263,0.0703737735748291
14251,0.06937360763549805
14284,0.06776881217956543
14372,0.0666511058807373
14412,0.06868100166320801
14019,0.06585025787353516
14349,0.07030773162841797
14282,0.0716705322265625
14348,0.07064414024353027
14210,0.06959819793701172
14317,0.06598472595214844
14271,0.06979727745056152
14196,0.06982088088989258
14251,0.06982922554016113
14294,0.0715487003326416
14596,0.06675386428833008
14342,0.06252646446228027
14154,0.06455540657043457
14293,0.070281982421875
14053,0.0690317153930664
14180,0.06899619102478027
14209,0.06913065910339355
14011,0.07091355323791504
14311,0.06866908073425293
14320,0.06875991821289062
14125,0.06714510917663574
14083,0.0680551528930664
14223,0.06623554229736328
14290,0.0659337043762207
14336,0.06523251533508301
14180,0.06970977783203125
14311,0.066070556640625
14144,0.06574511528015137
14166,0.057363271713256836
14262,0.06796479225158691
14294,0.06620168685913086
14305,0.06824016571044922
14278,0.05558443069458008
14223,0.0720815658569336
14255,0.0660092830657959
14361,0.0650486946105957
14307,0.061341047286987305
14224,0.06534361839294434
14320,0.06534719467163086
14304,0.06867241859436035
14422,0.06476569175720215
14198,0.062087297439575195
13045,0.06456947326660156
14126,0.06592798233032227
14350,0.07094264030456543
14047,0.06545543670654297
14637,0.06958651542663574
14251,0.06805109977722168
14102,0.06368541717529297
14368,0.07031679153442383
14455,0.06805562973022461
14481,0.06697702407836914
14255,0.06769561767578125
14229,0.07171869277954102
14517,0.06580662727355957
14550,0.06531643867492676
14357,0.07079076766967773
14931,0.07065653800964355
14010,0.06594324111938477
14389,0.07225871086120605
14033,0.06703639030456543
13850,0.07128000259399414
14144,0.0655832290649414
14392,0.06710410118103027
14303,0.06416964530944824
14373,0.07137560844421387
14361,0.06833076477050781
14286,0.06515312194824219
14311,0.06696701049804688
14278,0.06473135948181152
14266,0.06273508071899414
14411,0.06618738174438477
14416,0.06564784049987793
11909,0.06455755233764648
12127,0.0805208683013916
12218,0.07709097862243652
12138,0.07563519477844238
11709,0.07092690467834473
11998,0.069244384765625
12111,0.0747218132019043
12257,0.06689858436584473
12629,0.06824755668640137
12078,0.0690145492553711
11976,0.06410527229309082
12187,0.07469487190246582
12433,0.07043147087097168
12445,0.07623100280761719
12241,0.07040929794311523
11504,0.07147550582885742
12338,0.0699930191040039
12450,0.06856298446655273
12621,0.06311988830566406
12837,0.07148528099060059
12432,0.07086801528930664
11788,0.0686349868774414
12245,0.06934046745300293
12128,0.07823443412780762
12002,0.07187843322753906
12152,0.06814885139465332
12047,0.07670426368713379
12100,0.07497286796569824
11992,0.07447290420532227
12369,0.06854033470153809
12484,0.07028579711914062
12009,0.07635688781738281
12105,0.06881594657897949
12228,0.075439453125
12151,0.06552982330322266
11711,0.07439184188842773
12177,0.0705118179321289
12198,0.060530900955200195
12348,0.07662534713745117
12345,0.06908559799194336
12304,0.06786131858825684
12495,0.08175873756408691
12413,0.07225394248962402
12351,0.06902933120727539
12174,0.07710862159729004
12277,0.07442545890808105
12356,0.06628942489624023
12363,0.07227802276611328
12270,0.06109452247619629
12307,0.07205009460449219
11765,0.0540769100189209
11562,0.06813359260559082
11548,0.07107138633728027
11526,0.05797290802001953
11551,0.0632467269897461
11598,0.06359505653381348
11747,0.06578445434570312
11878,0.07150769233703613
12079,0.07018613815307617
11690,0.06465768814086914
11764,0.06681203842163086
11912,0.06532454490661621
12012,0.06323862075805664
12110,0.06567835807800293
10916,0.0634608268737793
12050,0.07055830955505371
12453,0.07068920135498047
11914,0.06860208511352539
11574,0.06416153907775879
11592,0.07024121284484863
11555,0.06796145439147949
11541,0.06355619430541992
11610,0.06277990341186523
11608,0.07238173484802246
11502,0.06891942024230957
11494,0.06461524963378906
11778,0.0701146125793457
11913,0.05728316307067871
12811,0.07121634483337402
12268,0.06804656982421875
11497,0.06592273712158203
11423,0.06451582908630371
11486,0.05990719795227051
11520,0.06353616714477539
11613,0.06235790252685547
11674,0.07529735565185547
11627,0.057482242584228516
11677,0.05960655212402344
11446,0.06654906272888184
11538,0.06793451309204102
11618,0.06587386131286621
11942,0.06641125679016113
13042,0.06363701820373535
13240,0.06169700622558594
12281,0.07105612754821777
11938,0.06692957878112793
12018,0.06515836715698242
12285,0.06443619728088379
12850,0.07010746002197266
12586,0.06826043128967285
12745,0.07253503799438477
12199,0.06781458854675293
12223,0.06638002395629883
12433,0.06211066246032715
12401,0.07041358947753906
12457,0.06517934799194336
13181,0.06300806999206543
13353,0.06920647621154785
13272,0.07068181037902832
13031,0.06336092948913574
13017,0.06943273544311523
12833,0.06831884384155273
12586,0.06362318992614746
10820,0.07108521461486816
11650,0.06326651573181152
11794,0.06596183776855469
11900,0.061798095703125
12021,0.0646212100982666
11806,0.06508541107177734
11740,0.06410384178161621
11472,0.07388663291931152
11598,0.06213569641113281
11577,0.0643911361694336
11802,0.06606078147888184
12368,0.06456875801086426
11738,0.06825041770935059
11805,0.06681442260742188
11637,0.06531929969787598
11665,0.06584525108337402
11581,0.0640416145324707
11599,0.06581735610961914
11558,0.06938576698303223
11635,0.06554198265075684
11616,0.06322574615478516
11497,0.06256794929504395
11624,0.06290459632873535
11647,0.06430721282958984
11528,0.06421089172363281
11824,0.06589937210083008
11244,0.06255078315734863
11447,0.0682837963104248
11482,0.06853532791137695
11501,0.06470751762390137
11679,0.06950259208679199
11618,0.0713353157043457
11652,0.06709909439086914
11759,0.06413507461547852
11445,0.07069659233093262
11476,0.06361961364746094
11431,0.06335997581481934
11461,0.06373715400695801
11484,0.06195378303527832
11578,0.06805801391601562
11609,0.07072925567626953
11612,0.07295727729797363
11575,0.06522965431213379
11651,0.06487584114074707
11970,0.06773209571838379
12340,0.06477236747741699
12838,0.06443023681640625
11467,0.06606054306030273
11566,0.06406474113464355
11770,0.0655357837677002
11735,0.06531977653503418
11946,0.06496596336364746
12531,0.06933259963989258
11517,0.06370949745178223
11506,0.06599712371826172
11676,0.06599116325378418
11624,0.0571894645690918
11577,0.0669088363647461
11659,0.07000279426574707
11625,0.06449317932128906
11713,0.06383514404296875
11661,0.06421041488647461
12009,0.06216025352478027
11852,0.06641340255737305
11116,0.06395530700683594
11306,0.06366181373596191
11441,0.06159496307373047
11398,0.06955218315124512
11886,0.06355619430541992
11916,0.06682300567626953
11741,0.06442117691040039
11479,0.0700078010559082
11490,0.06560206413269043
11486,0.0644686222076416
11495,0.06586241722106934
11485,0.0652625560760498
11476,0.06825399398803711
11518,0.06992602348327637
11492,0.06937050819396973
11484,0.06425690650939941
11630,0.06391668319702148
11560,0.06643199920654297
11935,0.06528306007385254
11454,0.06566596031188965
11587,0.06343817710876465
11611,0.06415939331054688
11644,0.057524919509887695
11768,0.06540417671203613
11904,0.0649404525756836
11384,0.06800222396850586
11546,0.06456470489501953
11659,0.06463027000427246
11705,0.06630921363830566
11623,0.06454730033874512
11425,0.06151103973388672
11546,0.06677722930908203
11667,0.06401705741882324
11898,0.0686180591583252
12017,0.0664680004119873
12596,0.06515836715698242
11945,0.06556248664855957
11258,0.0658574104309082
11442,0.06778502464294434
12196,0.06432652473449707
11648,0.06355094909667969
12072,0.0625772476196289
12030,0.06404542922973633
11841,0.06449103355407715
11849,0.0598292350769043
11789,0.06690478324890137
11694,0.06245112419128418
11618,0.06822681427001953
11546,0.06237316131591797
11575,0.06456542015075684
11734,0.06235480308532715
11713,0.06926989555358887
11607,0.06616044044494629
11554,0.06538987159729004
11599,0.06589984893798828
11622,0.06447196006774902
11559,0.06695246696472168
11502,0.06160259246826172
11260,0.06483340263366699
11599,0.06479024887084961
12727,0.06306338310241699
11723,0.06338357925415039
12706,0.06677603721618652
12781,0.06379199028015137
12725,0.06444120407104492
12382,0.06351709365844727
12012,0.06283211708068848
11681,0.06846404075622559
11655,0.06349658966064453
11497,0.0652925968170166
11327,0.06455826759338379
11635,0.0665278434753418
11667,0.058064937591552734
11801,0.06375837326049805
11740,0.06417107582092285
11703,0.06630158424377441
11656,0.0634160041809082
11690,0.06743812561035156
11703,0.0679020881652832
11695,0.06749701499938965
11401,0.06737375259399414
11549,0.06403279304504395
11695,0.06651806831359863
11735,0.06639409065246582
11724,0.06811642646789551
11775,0.06404829025268555
11625,0.06564164161682129
12111,0.06619620323181152
12361,0.06623530387878418
12088,0.061502695083618164
11401,0.07039880752563477
11507,0.06424212455749512
11387,0.06843185424804688
11392,0.06532502174377441
11798,0.06371808052062988
11689,0.06658196449279785
11597,0.06542634963989258
11610,0.06499743461608887
11388,0.06596708297729492
11548,0.06611871719360352
11804,0.06385660171508789
11772,0.06623005867004395
11887,0.06682682037353516
12109,0.06493949890136719
12342,0.06382203102111816
13162,0.06310224533081055
11745,0.06624841690063477
11732,0.06374025344848633
11681,0.06515240669250488
11810,0.06549453735351562
11799,0.06340646743774414
11662,0.06603145599365234
11836,0.06304788589477539
11857,0.06479549407958984
11837,0.06353187561035156
11987,0.06659293174743652
12225,0.06175398826599121
12293,0.06685137748718262
11998,0.06911754608154297
11801,0.06392216682434082
11760,0.06541109085083008
11792,0.06543159484863281
11662,0.06302976608276367
11504,0.06291866302490234
11637,0.06488966941833496
11666,0.06510305404663086
11420,0.06692624092102051
11415,0.06458592414855957
11480,0.06503081321716309
11626,0.06425094604492188
12099,0.06598997116088867
11728,0.0682220458984375
11874,0.06242227554321289
12473,0.06197786331176758
12284,0.07072186470031738
11880,0.0653085708618164
11821,0.06371831893920898
11818,0.06330156326293945
11577,0.0659182071685791
11603,0.06566214561462402
11635,0.06711769104003906
11700,0.06446719169616699
11707,0.06605219841003418
11731,0.06585216522216797
11810,0.06609368324279785
11844,0.06668257713317871
11930,0.0657968521118164
12112,0.06621193885803223
12298,0.06640124320983887
12139,0.06499266624450684
11708,0.06479859352111816
12295,0.06576967239379883
11952,0.06652688980102539
11658,0.06644940376281738
11591,0.06690239906311035
11825,0.0664358139038086
11131,0.06325125694274902
11244,0.06485724449157715
12060,0.061933279037475586
11594,0.06425595283508301
11601,0.06495809555053711
12230,0.06448554992675781
11761,0.06784248352050781
11592,0.06519317626953125
11974,0.0655672550201416
11779,0.06727790832519531
11795,0.06939172744750977
12216,0.0651705265045166
11749,0.06400704383850098
11746,0.06540155410766602
11752,0.06624794006347656
11676,0.06257247924804688
11644,0.06370210647583008
11725,0.06539535522460938
11670,0.06674647331237793
11723,0.0650947093963623
12095,0.06455564498901367
12177,0.06567168235778809
12014,0.05494236946105957
11911,0.06413125991821289
11886,0.061568498611450195
11931,0.06610441207885742
11743,0.06433796882629395
11814,0.06517362594604492
11765,0.06596946716308594
11713,0.06947565078735352
11566,0.06534409523010254
11556,0.06579184532165527
11299,0.06329989433288574
11958,0.06625485420227051
11881,0.06700706481933594
11891,0.06405115127563477
11930,0.06427288055419922
11907,0.06279730796813965
11936,0.06430673599243164
12016,0.06529521942138672
12328,0.06581974029541016
13225,0.06716609001159668
12447,0.06845998764038086
11741,0.0651254653930664
12016,0.0652303695678711
11899,0.06897997856140137
11843,0.06639909744262695
11871,0.06364917755126953
11938,0.06504058837890625
11973,0.06690263748168945
11817,0.06762290000915527
11885,0.0637826919555664
11951,0.06539130210876465
11985,0.06550955772399902
11933,0.06285309791564941
12085,0.06074070930480957
11955,0.06580209732055664
11832,0.06433677673339844
11635,0.06513500213623047
11892,0.06987833976745605
11768,0.06302857398986816
11504,0.06316089630126953
11699,0.07329010963439941
11725,0.07643413543701172
11866,0.06765532493591309
11864,0.07578849792480469
11992,0.07175230979919434
11714,0.06265783309936523
11837,0.06956171989440918
11726,0.06863617897033691
11495,0.06502389907836914
11584,0.06974983215332031
11755,0.07100725173950195
11622,0.06952285766601562
11768,0.07633519172668457
11797,0.06580758094787598
11713,0.06676769256591797
