13587,0.0601506233215332
13774,0.06010174751281738
13828,0.06195807456970215
13702,0.06385207176208496
13879,0.06702804565429688
13323,0.06354475021362305
13709,0.06542706489562988
13653,0.07157278060913086
13565,0.06327605247497559
13670,0.055658817291259766
13632,0.06385254859924316
13585,0.058658599853515625
13588,0.06126904487609863
13564,0.06333684921264648
13547,0.06116151809692383
13417,0.06279921531677246
13556,0.059240102767944336
13498,0.06566953659057617
13661,0.056632280349731445
13684,0.05935168266296387
13820,0.05725836753845215
13740,0.05562424659729004
13459,0.05613231658935547
13557,0.06597280502319336
13544,0.05904579162597656
13566,0.06423735618591309
13691,0.06542158126831055
13694,0.06483721733093262
13901,0.06252169609069824
14027,0.06280970573425293
13921,0.06976437568664551
13738,0.061756134033203125
13982,0.0664064884185791
13491,0.06563496589660645
13566,0.0650949478149414
13748,0.06971454620361328
13578,0.06058645248413086
13534,0.06648111343383789
13389,0.06474184989929199
13639,0.06824517250061035
13575,0.06225705146789551
13559,0.0677940845489502
13633,0.061907291412353516
13418,0.06295323371887207
13577,0.06506896018981934
13543,0.06316494941711426
13607,0.07375121116638184
13554,0.06365132331848145
13431,0.05720686912536621
13506,0.06199932098388672
13713,0.06320595741271973
13612,0.06993889808654785
13691,0.062139034271240234
13828,0.06252527236938477
13682,0.0630950927734375
13673,0.06282997131347656
13679,0.05821561813354492
13763,0.059993743896484375
13482,0.060198307037353516
13649,0.07474374771118164
13547,0.061811208724975586
13544,0.06301569938659668
13674,0.06448793411254883
13608,0.06143546104431152
13554,0.06084418296813965
13644,0.0630040168762207
13721,0.059503793716430664
13683,0.06172537803649902
12123,0.06396222114562988
12144,0.06960058212280273
11884,0.05992388725280762
12726,0.07010841369628906
12378,0.06560969352722168
12421,0.06902194023132324
12239,0.06369638442993164
12165,0.06880784034729004
12528,0.06369280815124512
12609,0.06914138793945312
12138,0.06730437278747559
12675,0.05699777603149414
11936,0.06329870223999023
12382,0.06810927391052246
12106,0.06946492195129395
12289,0.06435871124267578
12507,0.06208944320678711
12612,0.06335091590881348
12666,0.07215118408203125
12182,0.061968326568603516
12147,0.07073616981506348
12324,0.06853461265563965
12186,0.06420016288757324
12062,0.07102179527282715
12210,0.06915497779846191
12541,0.06342244148254395
12052,0.06224536895751953
11979,0.06509709358215332
11834,0.06546163558959961
12433,0.06860876083374023
12136,0.06422162055969238
11769,0.06789255142211914
11826,0.0633094310760498
11679,0.06696176528930664
11768,0.06980228424072266
11908,0.06995034217834473
11932,0.07049870491027832
11716,0.06496715545654297
11694,0.06372761726379395
11625,0.06086015701293945
11670,0.06848001480102539
11813,0.06403303146362305
11777,0.06953620910644531
11876,0.0628957748413086
11812,0.06051182746887207
11933,0.0638875961303711
11914,0.07021665573120117
11847,0.06222105026245117
11840,0.06281614303588867
11774,0.06735849380493164
11734,0.05783724784851074
12007,0.06885337829589844
11735,0.06770849227905273
11793,0.06350564956665039
11956,0.07306623458862305
11948,0.0676577091217041
12304,0.06811952590942383
11820,0.06125521659851074
11771,0.06708765029907227
11727,0.06377935409545898
11707,0.06418228149414062
11826,0.06236839294433594
11800,0.0655219554901123
11729,0.0673208236694336
12140,0.07070446014404297
11918,0.05766439437866211
11714,0.06250643730163574
11793,0.06295585632324219
11807,0.06882953643798828
11717,0.06139349937438965
11955,0.06395268440246582
11793,0.0711214542388916
11630,0.06284379959106445
12088,0.06279635429382324
11663,0.06258606910705566
11702,0.06379818916320801
11604,0.06266427040100098
11833,0.0674748420715332
11656,0.0674898624420166
11782,0.0634911060333252
11866,0.06522583961486816
11813,0.0637354850769043
11720,0.05965781211853027
11926,0.06391477584838867
11888,0.06252169609069824
11997,0.06253695487976074
11895,0.06435084342956543
11860,0.06266355514526367
12041,0.06272172927856445
12270,0.06338286399841309
12113,0.06937932968139648
11558,0.06610488891601562
12388,0.06982636451721191
11920,0.06665182113647461
11910,0.06744670867919922
11987,0.0700063705444336
12075,0.06841468811035156
12075,0.06792593002319336
12014,0.07014179229736328
12154,0.06016087532043457
12189,0.06919074058532715
11752,0.06619048118591309
11775,0.06351161003112793
11991,0.0664374828338623
12187,0.061533451080322266
12168,0.06157708168029785
11892,0.06453108787536621
12854,0.06356310844421387
12129,0.06358647346496582
11889,0.06331658363342285
12601,0.06325411796569824
12020,0.06313371658325195
11942,0.06841063499450684
11959,0.05873990058898926
12025,0.07097578048706055
11927,0.07492232322692871
11711,0.06760120391845703
11848,0.07060980796813965
11982,0.06561827659606934
11979,0.06186389923095703
12306,0.0623323917388916
12133,0.06953692436218262
11946,0.0633687973022461
11977,0.06290817260742188
11975,0.06702923774719238
12031,0.06489348411560059
12155,0.0644388198852539
11792,0.06888103485107422
11773,0.07459616661071777
12268,0.06269216537475586
11623,0.06670355796813965
12204,0.06933188438415527
11862,0.06380534172058105
11976,0.06659936904907227
12021,0.06141400337219238
12019,0.06829285621643066
12277,0.07014775276184082
12107,0.07589411735534668
12197,0.06707453727722168
11948,0.06436610221862793
12042,0.06415200233459473
11806,0.06383156776428223

13100,0.06589484214782715
12973,0.06859731674194336
13042,0.06677913665771484
13015,0.07044744491577148
13185,0.06815099716186523
13197,0.0699613094329834
13229,0.0723123550415039
13219,0.06471943855285645
13306,0.07720732688903809
13137,0.07498812675476074
13059,0.07258272171020508
13159,0.07572484016418457
13208,0.06024742126464844
12859,0.06519818305969238
12648,0.06678557395935059
13225,0.06711268424987793
13035,0.06977272033691406
13174,0.07120370864868164
13385,0.06688952445983887
13057,0.06207919120788574
13242,0.07201313972473145
13287,0.06620144844055176
13209,0.07163476943969727
13350,0.05479860305786133
13362,0.06757164001464844
13415,0.0641179084777832
13341,0.06239581108093262
13374,0.06882548332214355
13323,0.06954789161682129
13539,0.06655144691467285
13331,0.06612229347229004
13402,0.06433296203613281
13585,0.06296348571777344
13566,0.06823372840881348
13678,0.0661320686340332
13811,0.07081174850463867
13770,0.06546139717102051
13892,0.06697559356689453
13926,0.06803631782531738
13503,0.0665900707244873
13721,0.06432104110717773
13564,0.06353950500488281
13755,0.06877779960632324
13515,0.06791973114013672
13464,0.06268644332885742
13892,0.06363534927368164
13790,0.07101178169250488
13759,0.06606125831604004
13647,0.06879258155822754
13536,0.06752800941467285
13735,0.06339192390441895
13542,0.07027888298034668
13736,0.06269073486328125
13967,0.07013416290283203
13627,0.06071639060974121
13587,0.06306862831115723
13836,0.054764509201049805
13641,0.07107281684875488
14180,0.06145501136779785
13847,0.06864166259765625
13853,0.06674480438232422
13666,0.06907129287719727
13857,0.06628656387329102
14020,0.06342601776123047
13858,0.07340288162231445
13711,0.05807614326477051
13827,0.0714421272277832
13763,0.0638425350189209
13714,0.0643150806427002
13815,0.06823444366455078
13791,0.06359553337097168
13909,0.06588125228881836
14027,0.07178926467895508
13904,0.06721639633178711
13840,0.07083797454833984
13879,0.06580185890197754
13775,0.06181192398071289
13594,0.0683128833770752
13847,0.06839537620544434
13636,0.06251692771911621
13683,0.06329774856567383
13826,0.06331157684326172
13631,0.07001781463623047
13665,0.06342267990112305
14091,0.0635073184967041
13793,0.07381987571716309
14105,0.06284070014953613
14313,0.07007646560668945
13667,0.07560563087463379
12615,0.063446044921875
13940,0.06581425666809082
13675,0.06620097160339355
13560,0.0702826976776123
13985,0.06411218643188477
13963,0.06624937057495117
13886,0.0630958080291748
13955,0.06167435646057129
14046,0.06054830551147461
13862,0.06447196006774902
13501,0.06906270980834961
13622,0.06695318222045898
14101,0.06563973426818848
13737,0.06039166450500488
13062,0.06653571128845215
13549,0.06301188468933105
13592,0.06833577156066895
13492,0.06338047981262207
13543,0.06207275390625
13628,0.06264495849609375
13541,0.06374526023864746
13478,0.06679248809814453
13595,0.07059097290039062
13601,0.06499648094177246
13562,0.0637662410736084
13608,0.06844854354858398
13639,0.05424618721008301
13556,0.06379103660583496
13592,0.06769108772277832
13528,0.06296968460083008
13533,0.06788253784179688
13680,0.06310915946960449
13447,0.06696581840515137
13402,0.06409811973571777
13631,0.06355094909667969
13642,0.06885218620300293
13284,0.06752490997314453
13573,0.05951857566833496
13520,0.06615948677062988
13663,0.06599307060241699
13483,0.06720733642578125
13238,0.0659945011138916
13460,0.0678718090057373
13460,0.06749844551086426
13400,0.07012939453125
13714,0.06348204612731934
13720,0.06831192970275879
13633,0.06545329093933105
13850,0.06690645217895508
13376,0.06468844413757324
14149,0.06504440307617188
13809,0.0679774284362793
13644,0.0609738826751709
13841,0.07039237022399902
13822,0.06531691551208496
13624,0.0662074089050293
14086,0.06378507614135742
13758,0.06201958656311035
13048,0.06302380561828613
13585,0.06461620330810547
13620,0.07088041305541992
13793,0.06172347068786621
13823,0.0641334056854248
13751,0.06473112106323242
13499,0.0665283203125
13580,0.06417083740234375
13029,0.06467294692993164
13914,0.06530356407165527
13388,0.06850194931030273
14053,0.06560635566711426
13780,0.06259751319885254
13895,0.07200479507446289
13561,0.06825685501098633
13737,0.07033133506774902
13821,0.062364816665649414
13861,0.06870126724243164
13822,0.0647132396697998
13705,0.06255817413330078
13757,0.06424498558044434
13756,0.06945443153381348
13769,0.06494665145874023
13625,0.06546568870544434
13807,0.06607580184936523
13748,0.06244516372680664
13721,0.06451892852783203
13608,0.07367396354675293
13510,0.06917142868041992
13515,0.06430697441101074
13778,0.06410050392150879
13754,0.06562280654907227
13724,0.06568241119384766
13361,0.06913113594055176
13535,0.06703495979309082
13755,0.06638407707214355
13546,0.060532331466674805
13605,0.0613255500793457
13535,0.06853508949279785
13305,0.06499814987182617
13140,0.06499099731445312
13688,0.06601905822753906
13621,0.06396174430847168
13255,0.06204366683959961
13823,0.06534218788146973
13488,0.06991934776306152
13547,0.0654306411743164
13712,0.07349991798400879
13659,0.06417298316955566
13785,0.07015800476074219
12303,0.06298828125
13402,0.07234740257263184
13416,0.06566286087036133
13456,0.06418514251708984
13648,0.0654458999633789
13400,0.054242849349975586
13468,0.06165361404418945
13551,0.06258964538574219
13464,0.05463266372680664
13576,0.06510519981384277
13643,0.06578373908996582
13562,0.06677007675170898
13594,0.06462264060974121
13451,0.0648794174194336
13607,0.06259894371032715
13269,0.06528592109680176
13479,0.06026148796081543
12725,0.06425952911376953
11571,0.06534576416015625
13165,0.06297779083251953
12532,0.06413912773132324
14237,0.06463241577148438
13051,0.058678388595581055
14091,0.06026101112365723
13814,0.058751583099365234
13622,0.06445670127868652
13593,0.05541682243347168
13462,0.07080936431884766
13487,0.062314748764038086
13824,0.06261444091796875
13522,0.06718087196350098
13460,0.06878185272216797
13447,0.06549572944641113
13593,0.06814455986022949
13821,0.06692719459533691
13480,0.061902523040771484
13565,0.058371782302856445
13468,0.06679201126098633
13554,0.05751371383666992
13576,0.07241463661193848
13496,0.06628227233886719
13424,0.0675351619720459
13741,0.06383299827575684
13511,0.06557559967041016
13534,0.06333184242248535
13521,0.06826996803283691
13958,0.06399369239807129
14021,0.06115388870239258
13233,0.06493449211120605
13542,0.06040811538696289
13497,0.07500696182250977
13511,0.06196117401123047
13186,0.06145167350769043
13470,0.06881237030029297
13482,0.0648050308227539
13537,0.06258487701416016
13613,0.06352925300598145
13684,0.06332039833068848
13763,0.06377220153808594
13222,0.06293392181396484
13658,0.058786869049072266
13570,0.06247282028198242
13517,0.06409764289855957
13971,0.06361079216003418
13836,0.06710934638977051
13710,0.06011319160461426
13805,0.07266950607299805
13368,0.06514716148376465
13451,0.06533598899841309
13475,0.0619664192199707
13409,0.05554318428039551
13482,0.06757378578186035
13829,0.06925797462463379
13831,0.07517194747924805
13775,0.06408524513244629
13646,0.06586647033691406
13901,0.06344127655029297
13553,0.07489299774169922
13999,0.07025957107543945
13630,0.07330107688903809
13551,0.06175518035888672
13663,0.06289458274841309
13522,0.06220364570617676
13017,0.06257343292236328
13614,0.06749939918518066
13337,0.06412196159362793
13652,0.06546592712402344
13935,0.06247711181640625
13455,0.06398367881774902
13594,0.06638860702514648
13860,0.06271886825561523
13294,0.06177473068237305
12193,0.06439733505249023
13734,0.06571698188781738
13511,0.06312847137451172
13619,0.06377863883972168
13472,0.06408238410949707
13532,0.06513381004333496
13572,0.058882713317871094
13579,0.06783866882324219
13777,0.06579399108886719
13642,0.06686639785766602
13867,0.06478118896484375
13828,0.06578993797302246
13927,0.06610941886901855
13911,0.06882858276367188
14055,0.06177234649658203
13983,0.061724185943603516
13382,0.06754755973815918
14164,0.06229043006896973
13204,0.06821966171264648
13770,0.05439639091491699
14189,0.06597733497619629
13637,0.06325578689575195
13295,0.06629824638366699
13730,0.06315350532531738
13880,0.06180524826049805
13131,0.06849789619445801
13630,0.06581354141235352
13255,0.06357192993164062
13182,0.0619204044342041
13650,0.06697821617126465
14158,0.05950188636779785
13325,0.06342959403991699
13475,0.06351923942565918
13513,0.06426525115966797
12618,0.06670022010803223
13453,0.05797719955444336
13611,0.06693339347839355
13614,0.06315994262695312
13652,0.061644792556762695
13202,0.06232619285583496
13410,0.06304645538330078
13446,0.06297492980957031
13567,0.06191301345825195
12840,0.06611037254333496
13343,0.06612014770507812
13516,0.06310081481933594
13374,0.05891704559326172
13425,0.06173276901245117
13384,0.0617680549621582
13438,0.06345534324645996
13597,0.06317996978759766
13605,0.06623721122741699
13353,0.06227517127990723
13313,0.0616912841796875
13316,0.0627140998840332
13732,0.0643315315246582
13108,0.05852079391479492
13472,0.06892681121826172
13164,0.0628514289855957
13234,0.06382131576538086
13492,0.06803464889526367
13452,0.07289719581604004
13494,0.0640416145324707
13644,0.06598901748657227
13692,0.06267929077148438
14174,0.06730365753173828
13918,0.06183624267578125
13365,0.06443119049072266
13423,0.06126856803894043
13594,0.06367278099060059
13553,0.0681297779083252
13388,0.06153750419616699
13551,0.06236457824707031
13533,0.0616607666015625
13555,0.06539177894592285
13601,0.06936168670654297
13621,0.06384825706481934
13610,0.06421208381652832
13610,0.06560063362121582
13622,0.06558346748352051
13703,0.06444835662841797
13579,0.0631718635559082
13619,0.06201457977294922
11113,0.06554412841796875
11298,0.0666818618774414
10758,0.06718182563781738
11554,0.0682835578918457
11261,0.07169938087463379
11106,0.06429028511047363
11225,0.06704163551330566
11111,0.06814289093017578
11299,0.054888248443603516
11338,0.07415032386779785
11250,0.06595015525817871
10959,0.06935787200927734
11192,0.060363054275512695
11143,0.06483316421508789
11167,0.06770086288452148
10796,0.068328857421875
11174,0.06810688972473145
