15086,0.061361074447631836
15254,0.058141469955444336
15159,0.06899857521057129
15187,0.06171059608459473
14273,0.06142926216125488
14672,0.07080435752868652
14849,0.05938243865966797
14618,0.07265830039978027
15219,0.06334114074707031
15211,0.058122873306274414
14916,0.05714297294616699
15144,0.05523824691772461
15137,0.060445308685302734
14888,0.06842231750488281
14984,0.06623339653015137
14944,0.06741189956665039
14875,0.06551861763000488
15199,0.05730319023132324
14914,0.05726480484008789
15229,0.07124447822570801
14358,0.05711221694946289
14964,0.05672264099121094
14844,0.05815434455871582
15086,0.06044936180114746
14942,0.05787920951843262
15025,0.06453657150268555
14958,0.06767034530639648
14806,0.07139205932617188
14872,0.060478925704956055
15137,0.0702521800994873
14438,0.0641469955444336
15198,0.05593585968017578
14823,0.06570219993591309
15054,0.06967663764953613
15227,0.06498527526855469
15093,0.05942702293395996
14996,0.0632011890411377
14966,0.06572651863098145
15021,0.06406855583190918
15054,0.05913567543029785
14935,0.06034398078918457
14938,0.06033444404602051
15028,0.06805777549743652
14979,0.06378483772277832
15095,0.06818175315856934
14800,0.06427454948425293
15060,0.06788277626037598
14919,0.058007001876831055
14917,0.06358766555786133
15008,0.06313562393188477
14756,0.06371068954467773
14913,0.05743980407714844
14851,0.06256651878356934
14843,0.060866594314575195
14999,0.06278777122497559
15078,0.06598234176635742
14913,0.062302350997924805
15168,0.0613706111907959
15047,0.06139540672302246
15228,0.07347631454467773
15183,0.06280207633972168
15291,0.056748151779174805
15108,0.06829380989074707
15050,0.06583356857299805
15025,0.06339001655578613
15097,0.0635216236114502
15072,0.07201385498046875
15076,0.06422090530395508
13530,0.06352663040161133
14133,0.06355047225952148
12722,0.06116819381713867
14307,0.06930828094482422
14091,0.06194782257080078
13971,0.07148599624633789
14029,0.07072567939758301
14087,0.0666656494140625
14243,0.06847071647644043
14438,0.06348681449890137
14976,0.07097625732421875
14622,0.05897021293640137
13697,0.06692290306091309
13975,0.0727531909942627
14023,0.07122468948364258
13593,0.06507158279418945
13856,0.06285572052001953
14344,0.0671849250793457
14199,0.07037997245788574
13845,0.0708160400390625
13844,0.0707094669342041
14601,0.06253218650817871
14083,0.06425213813781738
13801,0.07175326347351074
13982,0.06607508659362793
14376,0.06375551223754883
13986,0.06185007095336914
14098,0.06663918495178223
14122,0.0682981014251709
14387,0.06434869766235352
13884,0.07016181945800781
13519,0.07308077812194824
14025,0.06394624710083008
14057,0.06375408172607422
13893,0.06821537017822266
13937,0.05983328819274902
14011,0.07277679443359375
13722,0.060353755950927734
13804,0.06414175033569336
13849,0.06096696853637695
13721,0.0638883113861084
14039,0.07075738906860352
13841,0.06414628028869629
13976,0.06400179862976074
13790,0.06132698059082031
13883,0.06724381446838379
13834,0.06773257255554199
13707,0.06028890609741211
13774,0.06443262100219727
13610,0.061409711837768555
14030,0.059175729751586914
14033,0.06685781478881836
13828,0.06386613845825195
14081,0.07164978981018066
14155,0.07164788246154785
14121,0.06360840797424316
14008,0.06903910636901855
13935,0.06808829307556152
13932,0.06757521629333496
13967,0.06896114349365234
13876,0.07246971130371094
14066,0.06267714500427246
13981,0.07123804092407227
13716,0.06308197975158691
13369,0.06726527214050293
13766,0.058377742767333984
13826,0.06616091728210449
13990,0.06572604179382324
13765,0.06233620643615723
13877,0.054329633712768555
14109,0.06338119506835938
13715,0.06749987602233887
13950,0.06342935562133789
13700,0.06313538551330566
14089,0.06795263290405273
14152,0.06653213500976562
13899,0.06107354164123535
14057,0.06623268127441406
13948,0.06416821479797363
13799,0.06202340126037598
13865,0.0645911693572998
13858,0.07081103324890137
13758,0.06149697303771973
13776,0.06440544128417969
13820,0.06533575057983398
13899,0.06502413749694824
14045,0.06272172927856445
13951,0.06752753257751465
13956,0.06836771965026855
14163,0.06438469886779785
14123,0.06505703926086426
13594,0.06601309776306152
13617,0.07080817222595215
13978,0.06239056587219238
14462,0.06324315071105957
14700,0.06394195556640625
13125,0.07016110420227051
14056,0.070098876953125
14197,0.0717475414276123
14272,0.06650638580322266
14205,0.06446504592895508
14094,0.07067370414733887
13635,0.062268972396850586
14435,0.05698037147521973
14171,0.06944775581359863
14841,0.06506752967834473
15089,0.07102417945861816
14109,0.0635063648223877
14899,0.062348365783691406
13740,0.06358861923217773
13679,0.06207919120788574
14005,0.06226921081542969
14094,0.06301665306091309
14063,0.06105232238769531
14055,0.07095527648925781
13943,0.07508611679077148
13997,0.06420183181762695
13968,0.06963920593261719
14068,0.0699763298034668
14307,0.07053780555725098
14638,0.06976580619812012
14063,0.06624341011047363
12881,0.06834125518798828
12965,0.0724184513092041
12983,0.06399297714233398
12982,0.06871891021728516
13175,0.06660723686218262
12882,0.07584643363952637
12883,0.06621026992797852
13179,0.06559586524963379
13356,0.07596206665039062
12993,0.07388448715209961
13092,0.07023763656616211
13049,0.06346273422241211
13077,0.06216001510620117
13029,0.0639791488647461
13238,0.0630030632019043
13156,0.06660223007202148
13127,0.06396985054016113
13195,0.06279873847961426
13174,0.06710457801818848
12965,0.06489253044128418
13017,0.07065010070800781
13101,0.06419897079467773
13280,0.06696057319641113
13191,0.06611990928649902
13086,0.06934452056884766
13418,0.0681450366973877
13298,0.0770721435546875
13241,0.06288957595825195
13263,0.07317137718200684
13251,0.06721830368041992
13247,0.0671393871307373
13171,0.06749558448791504
13177,0.07082438468933105
13255,0.05983304977416992
12997,0.06489205360412598
12627,0.06328892707824707
13159,0.07927107810974121
13415,0.07585716247558594
13202,0.0634150505065918
13345,0.06267380714416504
13302,0.06258368492126465
13428,0.07266759872436523
13396,0.07835006713867188
13421,0.06541800498962402
13515,0.06161093711853027
13493,0.06591653823852539
13290,0.06881475448608398
13226,0.06344223022460938
13229,0.07382535934448242
13181,0.06723141670227051
13041,0.059934139251708984
12889,0.07009410858154297
13061,0.056659698486328125
12998,0.06532168388366699
13069,0.06231117248535156
13116,0.06269168853759766
12932,0.06755304336547852
13148,0.06609678268432617
12968,0.0623779296875
13181,0.06540346145629883
12952,0.07201385498046875
13298,0.0612025260925293
13146,0.06586456298828125
13135,0.06404829025268555
13448,0.06910133361816406
13411,0.05840468406677246
13105,0.06361222267150879
12942,0.06340503692626953
13305,0.06635904312133789
12946,0.06572270393371582
12904,0.06649303436279297
12998,0.0617060661315918
13055,0.06727242469787598
13230,0.0594024658203125
13055,0.0652775764465332
12979,0.06775116920471191
13221,0.0638284683227539
13188,0.06162714958190918
13219,0.05964541435241699
13154,0.059014320373535156
12924,0.06640958786010742
12828,0.058310747146606445
13129,0.05849575996398926
12834,0.06445813179016113
12725,0.06681513786315918
12966,0.07179951667785645
12929,0.06311154365539551
13196,0.06926965713500977
13013,0.06196260452270508
12849,0.06446623802185059
13087,0.06742572784423828
13285,0.0608675479888916
13078,0.06318998336791992
13694,0.0740354061126709
13628,0.06496238708496094
13181,0.06079745292663574
13361,0.05865812301635742
13344,0.0675668716430664
13425,0.07167840003967285
13589,0.0647118091583252
13639,0.06860804557800293
13147,0.0621180534362793
13380,0.06516337394714355
13361,0.06605935096740723
13421,0.06777119636535645
13858,0.07079505920410156
13711,0.06024003028869629
13693,0.05895662307739258
13788,0.06121110916137695
13286,0.058814048767089844
12260,0.0655052661895752
13686,0.06223869323730469
13473,0.06550955772399902
13715,0.06484246253967285
13083,0.06389975547790527
13116,0.06896185874938965
13271,0.06024956703186035
13269,0.06513547897338867
13226,0.06024622917175293
13204,0.061951398849487305
12935,0.0666658878326416
13146,0.0623323917388916
13370,0.06661581993103027
13360,0.061618804931640625
12097,0.061746835708618164
13038,0.06435680389404297
13038,0.062397003173828125
13026,0.05979752540588379
13076,0.05846357345581055
13041,0.0623936653137207
12864,0.06494688987731934
12840,0.06581592559814453
13046,0.06133389472961426
13053,0.06679987907409668
12843,0.06392717361450195
12881,0.06534910202026367
13084,0.05540013313293457
12852,0.06293916702270508
12976,0.06343841552734375
12908,0.06080770492553711
12717,0.06033158302307129
12640,0.06395363807678223
12883,0.06397032737731934
12889,0.061028480529785156
12848,0.06290388107299805
12746,0.06288027763366699
12964,0.07348275184631348
13005,0.059435367584228516
12807,0.06056642532348633
12891,0.06042623519897461
12816,0.07162356376647949
12878,0.06600117683410645
12664,0.06338810920715332
12787,0.06625509262084961
12838,0.06354522705078125
13029,0.06518936157226562
13002,0.06257033348083496
13087,0.06186556816101074
12690,0.07137775421142578
13597,0.06139326095581055
12882,0.0637972354888916
13059,0.06239008903503418
12840,0.061115264892578125
12800,0.06695175170898438
12990,0.06493377685546875
12842,0.06917285919189453
12706,0.06350898742675781
12455,0.06197047233581543
12930,0.060884714126586914
13005,0.06602072715759277
12838,0.061467885971069336
13163,0.06477856636047363
13068,0.06503796577453613
13021,0.06348705291748047
12942,0.06485700607299805
12951,0.06125998497009277
13003,0.05907177925109863
12430,0.0614931583404541
12510,0.06054997444152832
12728,0.06250143051147461
12643,0.06152796745300293
12608,0.06558442115783691
13009,0.06087684631347656
12944,0.06656360626220703
12839,0.06253290176391602
12931,0.06567096710205078
12800,0.06347274780273438
13047,0.06194162368774414
13007,0.05933833122253418
12896,0.06687211990356445
12792,0.05967283248901367
13008,0.06296658515930176
12978,0.06499767303466797
12923,0.05993247032165527
12870,0.0642857551574707
12986,0.06668758392333984
12817,0.060727834701538086
12810,0.0648345947265625
12744,0.0639963150024414
12845,0.06612133979797363
13029,0.06225323677062988
12846,0.0642709732055664
12674,0.06181168556213379
12590,0.06273269653320312
12841,0.06080341339111328
12997,0.057639122009277344
12618,0.0678260326385498
12684,0.06300640106201172
12833,0.06128716468811035
12715,0.06881570816040039
12719,0.06392359733581543
13065,0.062476158142089844
13278,0.06506705284118652
12732,0.06370663642883301
12752,0.06106996536254883
12514,0.06715965270996094
12559,0.0631856918334961
12827,0.06435942649841309
11642,0.06270861625671387
12953,0.06893014907836914
13032,0.07274007797241211
13057,0.06389856338500977
12761,0.0678260326385498
12897,0.05429410934448242
12951,0.061856746673583984
12879,0.06196784973144531
13013,0.05409073829650879
12972,0.07262778282165527
12854,0.0660245418548584
13127,0.06532931327819824
13093,0.06626462936401367
12833,0.06492900848388672
12917,0.060756683349609375
12777,0.06622552871704102
12572,0.05630970001220703
12512,0.0644984245300293
11134,0.06888175010681152
12369,0.06116199493408203
12088,0.06940102577209473
12472,0.0638420581817627
11587,0.05836057662963867
12772,0.05819535255432129
12933,0.06058835983276367
12977,0.06389880180358887
12508,0.055062055587768555
12403,0.05608224868774414
12303,0.06492948532104492
12249,0.06136918067932129
12662,0.06289005279541016
12846,0.06855630874633789
13073,0.059175968170166016
13046,0.06574821472167969
13045,0.06198310852050781
12913,0.06572222709655762
12888,0.0569453239440918
12789,0.06524085998535156
12895,0.05412101745605469
12923,0.06726932525634766
12954,0.06661200523376465
12996,0.06603336334228516
13021,0.06099581718444824
13001,0.06055140495300293
12801,0.06115388870239258
12904,0.06252121925354004
12866,0.06211042404174805
13196,0.05860495567321777
12766,0.05870461463928223
12302,0.06250786781311035
12243,0.07052898406982422
12300,0.06614470481872559
12493,0.0583338737487793
12891,0.0661773681640625
13103,0.05888843536376953
12952,0.06001543998718262
12736,0.06015276908874512
12891,0.06498456001281738
12968,0.06632637977600098
12894,0.0630042552947998
12939,0.056603431701660156
12978,0.06194615364074707
12800,0.06296181678771973
12825,0.06513333320617676
13227,0.06577897071838379
12987,0.05538535118103027
12901,0.0655519962310791
12897,0.06245017051696777
13000,0.06409692764282227
13004,0.061962127685546875
13148,0.05602002143859863
13028,0.05747652053833008
13227,0.061902523040771484
13190,0.06523013114929199
13146,0.06009531021118164
13076,0.06449389457702637
13286,0.05877041816711426
13187,0.05862259864807129
12826,0.06343984603881836
13102,0.06535220146179199
12858,0.06319808959960938
12657,0.06069302558898926
12514,0.06599950790405273
12698,0.06556010246276855
12384,0.06373310089111328
12413,0.06125640869140625
12367,0.06006765365600586
12504,0.06693220138549805
12419,0.06464862823486328
12587,0.0684056282043457
12817,0.05834650993347168
13253,0.06474184989929199
13253,0.06007075309753418
13171,0.060743093490600586
12984,0.06448149681091309
13096,0.07264399528503418
12966,0.06543254852294922
12893,0.05951833724975586
12960,0.062061309814453125
12958,0.05843830108642578
13162,0.05792522430419922
13079,0.06621909141540527
13137,0.06177115440368652
13193,0.059180259704589844
13114,0.05923151969909668
13173,0.05952143669128418
12959,0.05856156349182129
12991,0.05865478515625
13120,0.06251311302185059
12987,0.06771445274353027
12566,0.06319713592529297
12893,0.054413557052612305
12885,0.0584712028503418
12744,0.056935787200927734
12772,0.058466196060180664
12855,0.06406044960021973
12428,0.06521725654602051
12325,0.06030106544494629
12745,0.06116938591003418
12730,0.0641791820526123
12335,0.0650177001953125
12934,0.06029486656188965
12547,0.05495572090148926
12188,0.06485819816589355
13076,0.059198856353759766
12712,0.06455039978027344
11423,0.060090065002441406
12888,0.06764960289001465
12904,0.06155204772949219
12682,0.06326436996459961
12778,0.06147623062133789
12858,0.06235790252685547
12794,0.0636756420135498
13157,0.06127572059631348
13068,0.06235861778259277
12564,0.05898857116699219
12900,0.05888772010803223
12845,0.061885833740234375
12690,0.06016731262207031
12811,0.06434464454650879
12781,0.05846405029296875
12761,0.06832456588745117
12948,0.05982565879821777
12890,0.0630788803100586
12819,0.05891251564025879
12829,0.05582451820373535
12455,0.060530662536621094
12505,0.05795764923095703
12434,0.06070518493652344
12949,0.0664358139038086
12977,0.06444096565246582
12646,0.06453347206115723
12892,0.061318159103393555
13005,0.06589341163635254
13003,0.06063222885131836
12997,0.059300899505615234
13025,0.060439109802246094
13568,0.06361556053161621
12630,0.06222820281982422
12844,0.07197308540344238
12676,0.06466197967529297
12833,0.0654594898223877
12691,0.06206703186035156
12882,0.060088396072387695
12866,0.06226468086242676
12979,0.06088685989379883
12982,0.055110931396484375
12891,0.06163382530212402
12837,0.06200242042541504
12915,0.06442904472351074
12945,0.06180453300476074
13004,0.05895638465881348
12906,0.057469844818115234
12917,0.06170177459716797
12879,0.06389331817626953
13357,0.0630180835723877
13137,0.07082319259643555
13369,0.06630063056945801
13748,0.06701827049255371
13553,0.07494688034057617
13477,0.07873225212097168
13637,0.07236218452453613
13416,0.06747984886169434
13573,0.06263184547424316
13417,0.06332087516784668
13358,0.07511711120605469
13206,0.06810927391052246
13290,0.0744791030883789
13397,0.06995368003845215
13122,0.06497859954833984
13502,0.07296299934387207
13688,0.06739354133605957
