13910,0.07451677322387695
13888,0.058030128479003906
13967,0.060483455657958984
14286,0.06486177444458008
13924,0.06698751449584961
13886,0.07190155982971191
14121,0.06042909622192383
14062,0.06324386596679688
14183,0.06116771697998047
14135,0.058977365493774414
14100,0.05705451965332031
14182,0.054924964904785156
14028,0.05827164649963379
14137,0.06711006164550781
13958,0.06860661506652832
13984,0.06070733070373535
13831,0.06641125679016113
14080,0.056572914123535156
13923,0.05718207359313965
13719,0.0579683780670166
14039,0.05570054054260254
14038,0.05665397644042969
14141,0.06342864036560059
13978,0.06255245208740234
13908,0.06148123741149902
14142,0.05616283416748047
14139,0.06234550476074219
13974,0.056290388107299805
14022,0.056060791015625
14011,0.06208348274230957
13920,0.06581974029541016
13951,0.05753779411315918
14199,0.06896495819091797
13815,0.06359672546386719
14004,0.06713414192199707
14239,0.060979604721069336
14011,0.06477594375610352
14039,0.06298518180847168
13919,0.06998276710510254
14035,0.06625556945800781
14015,0.06993889808654785
14023,0.0640571117401123
13807,0.06448745727539062
13889,0.06804275512695312
13935,0.06424808502197266
13696,0.06150937080383301
13927,0.07517671585083008
13812,0.06929731369018555
13875,0.06398820877075195
13859,0.06400513648986816
13681,0.06335687637329102
13631,0.06577467918395996
13989,0.06592154502868652
14031,0.06365275382995605
14083,0.06835246086120605
14058,0.060597896575927734
13815,0.0648338794708252
13874,0.06483101844787598
13813,0.06395578384399414
13750,0.06694364547729492
13930,0.06013965606689453
13915,0.0628819465637207
13842,0.06476926803588867
13834,0.06392312049865723
13737,0.06247758865356445
13936,0.06419205665588379
13942,0.06954407691955566
13901,0.06350088119506836
14975,0.06229662895202637
15598,0.06308650970458984
15129,0.07015061378479004
15658,0.06863951683044434
15975,0.0620427131652832
15928,0.06766271591186523
15928,0.06534886360168457
15672,0.06843280792236328
15870,0.06633234024047852
15639,0.06374835968017578
15620,0.0678565502166748
15426,0.0785369873046875
15838,0.0723724365234375
14986,0.06888937950134277
15789,0.0653529167175293
15464,0.07038569450378418
15298,0.06825828552246094
15305,0.06850862503051758
16268,0.07409310340881348
15834,0.061905860900878906
15643,0.06785464286804199
14941,0.06611466407775879
16011,0.06099295616149902
15548,0.0675497055053711
15022,0.06060385704040527
15719,0.06458163261413574
15687,0.06075930595397949
15699,0.06747293472290039
15572,0.06856489181518555
14733,0.060283660888671875
15617,0.0699915885925293
15458,0.06972694396972656
15787,0.06325817108154297
16049,0.0720374584197998
15953,0.06271743774414062
15905,0.07095599174499512
15641,0.07161164283752441
16047,0.06718087196350098
15823,0.0631258487701416
15572,0.06227827072143555
15312,0.06372570991516113
15868,0.061769723892211914
15645,0.06434512138366699
15587,0.06464624404907227
15504,0.06886816024780273
15630,0.06426143646240234
15880,0.06455278396606445
15736,0.06938838958740234
15526,0.06502723693847656
15719,0.06996035575866699
15754,0.06459522247314453
15909,0.06863856315612793
15868,0.06669926643371582
15727,0.07012414932250977
16036,0.06590938568115234
15922,0.06919336318969727
15859,0.06246185302734375
15890,0.06492042541503906
15732,0.06597232818603516
15561,0.06520414352416992
15615,0.06937289237976074
15561,0.06415200233459473
15871,0.07256174087524414
15746,0.06234407424926758
15713,0.0673222541809082
16094,0.07283544540405273
15679,0.06756448745727539
15316,0.06885170936584473
15535,0.06373214721679688
15225,0.057538509368896484
15633,0.06862950325012207
15473,0.06421399116516113
15990,0.06375265121459961
15402,0.06287717819213867
15840,0.06688356399536133
15552,0.06946682929992676
15391,0.06595134735107422
15610,0.05875039100646973
15362,0.06399726867675781
15473,0.0691072940826416
15517,0.0686495304107666
15195,0.06596994400024414
15496,0.07021594047546387
15685,0.06292295455932617
15565,0.06391119956970215
15624,0.06630301475524902
15572,0.06493639945983887
15519,0.0682213306427002
15551,0.0707712173461914
15610,0.06483817100524902
15876,0.06757926940917969
14938,0.06976175308227539
15694,0.06964635848999023
15955,0.06224226951599121
15118,0.06310129165649414
15026,0.062302350997924805
15418,0.07111477851867676
15324,0.07037138938903809
15682,0.07078766822814941
15473,0.07492184638977051
15483,0.06375455856323242
15387,0.06867480278015137
15462,0.06577348709106445
15358,0.0615382194519043
14603,0.06369614601135254
15655,0.06820487976074219
15329,0.06657695770263672
15192,0.06412601470947266
15764,0.06512784957885742
14796,0.06406283378601074
15055,0.06592416763305664
14733,0.06481266021728516
15408,0.06502342224121094
15348,0.06393694877624512
15471,0.06631731986999512
15661,0.06544780731201172
15660,0.06333541870117188
15543,0.06876373291015625
15613,0.0694584846496582
15330,0.07076048851013184
15829,0.06464195251464844
15852,0.06185626983642578
12698,0.06463861465454102
12788,0.06527280807495117
12915,0.06581830978393555
12881,0.06781005859375
13087,0.06336617469787598
12744,0.06293416023254395
13023,0.06975769996643066
13269,0.06407809257507324
13510,0.06557607650756836
12994,0.06301999092102051
12977,0.07039809226989746
12927,0.06911087036132812
12915,0.06444883346557617
13027,0.06514191627502441
13252,0.06180691719055176
12904,0.06707119941711426
13116,0.06314563751220703
12923,0.06341743469238281
13223,0.07229232788085938
12948,0.06348252296447754
13203,0.06520652770996094
12260,0.06193351745605469
12261,0.06577038764953613
12173,0.07169318199157715
12414,0.06914472579956055
12329,0.06745553016662598
12308,0.054976463317871094
12249,0.0660090446472168
12153,0.06498932838439941
12378,0.06778764724731445
12256,0.06694531440734863
12130,0.0635826587677002
12143,0.05911517143249512
12269,0.06260371208190918
12100,0.06440091133117676
12149,0.07683539390563965
12700,0.07565808296203613
12287,0.06828927993774414
12187,0.07467436790466309
12285,0.06666922569274902
12192,0.06113743782043457
12310,0.06847834587097168
12294,0.07345747947692871
12418,0.07386422157287598
12258,0.06444358825683594
12319,0.06193685531616211
12414,0.068267822265625
12354,0.0695962905883789
12389,0.07678437232971191
12338,0.06668496131896973
14412,0.06293797492980957
14259,0.07744336128234863
14345,0.061223745346069336
14311,0.07513666152954102
14433,0.06121468544006348
14401,0.0615689754486084
14675,0.08019590377807617
11859,0.07577371597290039
12016,0.0702824592590332
14173,0.06206083297729492
14612,0.06381535530090332
14689,0.06078457832336426
14877,0.06070828437805176
14820,0.06282162666320801
12897,0.05972790718078613
11989,0.06399273872375488
14837,0.06741118431091309
14460,0.06984949111938477
14431,0.06102895736694336
14524,0.06303048133850098
14248,0.06277012825012207
14301,0.05937075614929199
14357,0.07337522506713867
14340,0.05876636505126953
14290,0.06741809844970703
14264,0.0712897777557373
14584,0.06447768211364746
14755,0.062029123306274414
12208,0.06682920455932617
14568,0.06874966621398926
14345,0.06836986541748047
14294,0.0579218864440918
14279,0.06034588813781738
14384,0.06067514419555664
14381,0.06789851188659668
14419,0.06369328498840332
14413,0.0713646411895752
14514,0.07650518417358398
14223,0.07639336585998535
14261,0.0631711483001709
14478,0.06466484069824219
14844,0.06354665756225586
12392,0.06475162506103516
12454,0.06233358383178711
11879,0.061252593994140625
11804,0.06362152099609375
14666,0.06031203269958496
11866,0.059743642807006836
12370,0.06966543197631836
12020,0.061643123626708984
12154,0.06878089904785156
11966,0.0662376880645752
12071,0.06244516372680664
12323,0.06419944763183594
12358,0.06783366203308105
12195,0.0612027645111084
12428,0.06471371650695801
12615,0.06636905670166016
12780,0.06340479850769043
12567,0.06836724281311035
12337,0.06333756446838379
12405,0.06211209297180176
12031,0.0680227279663086
12831,0.06936788558959961
14570,0.06258225440979004
14720,0.06845355033874512
11909,0.0646367073059082
11977,0.06112194061279297
14635,0.07223224639892578
14653,0.058780670166015625
14316,0.060379743576049805
14522,0.06191229820251465
14482,0.06380248069763184
14510,0.06128716468811035
11969,0.06399822235107422
14527,0.06992268562316895
14680,0.06011962890625
14495,0.062347412109375
14503,0.0673668384552002
14454,0.06754064559936523
14376,0.06482958793640137
14336,0.06089282035827637
14441,0.06225442886352539
14454,0.0601038932800293
14352,0.06117105484008789
14481,0.06111454963684082
14456,0.06738138198852539
14334,0.06413960456848145
14427,0.05998992919921875
14289,0.05903053283691406
14408,0.06308746337890625
14352,0.06219887733459473
14348,0.05927753448486328
14550,0.061351776123046875
14373,0.06726551055908203
14318,0.06027388572692871
14503,0.06368756294250488
14323,0.060681819915771484
14405,0.060286521911621094
14213,0.06348061561584473
14267,0.06504392623901367
14250,0.06366229057312012
14356,0.0615534782409668
14353,0.06438183784484863
14442,0.05877327919006348
14475,0.06150460243225098
14559,0.07225823402404785
11891,0.062467098236083984
12056,0.05563235282897949
12200,0.06060314178466797
14422,0.06183886528015137
14498,0.062293291091918945
14638,0.07209515571594238
14613,0.06125926971435547
14735,0.06313896179199219
14674,0.06380915641784668
14462,0.05850529670715332
14378,0.06534099578857422
11602,0.07560014724731445
14332,0.0634469985961914
14406,0.06170082092285156
14480,0.06932568550109863
14476,0.06815910339355469
14491,0.06628179550170898
14538,0.0629127025604248
14683,0.06459212303161621
14226,0.05987954139709473
14017,0.06075239181518555
14275,0.0656888484954834
14310,0.0708303451538086
14389,0.06348252296447754
14587,0.06457901000976562
14795,0.07689809799194336
14619,0.06600570678710938
14437,0.06135296821594238
14426,0.06196117401123047
14466,0.06078767776489258
14438,0.060073137283325195
14474,0.0615692138671875
14358,0.06712985038757324
14527,0.06383085250854492
14352,0.06706118583679199
14301,0.060898780822753906
14441,0.061383724212646484
14520,0.061290740966796875
14530,0.06530404090881348
14433,0.06449627876281738
14470,0.05876421928405762
14493,0.07039737701416016
14489,0.06740927696228027
14617,0.05903339385986328
14691,0.06683683395385742
14275,0.06121110916137695
14513,0.06453490257263184
14510,0.06346440315246582
14626,0.0695345401763916
14464,0.06354904174804688
14215,0.06011152267456055
14377,0.07001900672912598
14627,0.06523442268371582
14559,0.0640115737915039
14713,0.05960798263549805
12264,0.06509280204772949
14302,0.05950498580932617
14227,0.06108450889587402
14299,0.0661928653717041
14714,0.058980703353881836
14489,0.06953239440917969
14127,0.06650471687316895
14911,0.06420183181762695
14749,0.06243729591369629
14752,0.06808972358703613
14637,0.06242060661315918
14583,0.06017947196960449
14498,0.06571793556213379
14539,0.06944417953491211
14474,0.05848383903503418
14557,0.07232141494750977
14594,0.062032461166381836
14571,0.0715627670288086
14494,0.060915231704711914
14539,0.05770564079284668
14484,0.0601961612701416
14503,0.07209253311157227
14309,0.06715989112854004
14060,0.06754636764526367
12329,0.061426639556884766
12037,0.06063413619995117
13871,0.06193423271179199
12253,0.060372352600097656
11933,0.06368064880371094
12164,0.0666661262512207
14963,0.07058906555175781
14936,0.07390451431274414
14545,0.06273746490478516
14211,0.05841374397277832
14211,0.07235860824584961
14102,0.06463193893432617
14148,0.06280732154846191
14613,0.06623697280883789
14743,0.06416773796081543
14655,0.06916618347167969
14714,0.060034751892089844
14509,0.06908416748046875
14508,0.06619739532470703
14513,0.06260991096496582
14590,0.057276248931884766
14438,0.06419157981872559
14478,0.06100940704345703
14572,0.06234455108642578
14477,0.06061959266662598
14510,0.06377768516540527
14545,0.0598909854888916
14494,0.07207107543945312
14742,0.06360125541687012
14860,0.06285786628723145
14496,0.060372114181518555
14310,0.062011003494262695
14356,0.06918644905090332
14399,0.06370043754577637
14051,0.06748676300048828
14504,0.06287360191345215
14605,0.06467700004577637
14464,0.06229066848754883
14395,0.0594480037689209
14223,0.06353950500488281
14423,0.06434988975524902
14456,0.0632789134979248
14577,0.07316040992736816
14832,0.0609130859375
14996,0.06449460983276367
12049,0.06232857704162598
12460,0.06438589096069336
14288,0.06386399269104004
14677,0.07221579551696777
14546,0.06003117561340332
14596,0.06598567962646484
14649,0.06267762184143066
14563,0.06812024116516113
14775,0.05826425552368164
14757,0.06337690353393555
14792,0.06275415420532227
14773,0.06136322021484375
14818,0.06598377227783203
15029,0.07012176513671875
14755,0.06414580345153809
14620,0.06074237823486328
14497,0.060742855072021484
14642,0.07222199440002441
14263,0.062413930892944336
14176,0.0705728530883789
14248,0.06536340713500977
14439,0.06288695335388184
14261,0.060962677001953125
14072,0.0616455078125
14255,0.06281328201293945
14409,0.06055045127868652
14588,0.06263160705566406
14457,0.05804872512817383
14597,0.06495547294616699
13622,0.06063055992126465
13944,0.0626068115234375
14846,0.06019783020019531
14721,0.061285972595214844
14784,0.06133723258972168
14556,0.05914020538330078
14489,0.06834936141967773
14492,0.06052827835083008
14605,0.060042381286621094
14649,0.06266164779663086
14596,0.06116080284118652
14763,0.0604548454284668
14841,0.05901455879211426
14727,0.05949664115905762
14779,0.06711101531982422
15003,0.06239724159240723
14668,0.05949854850769043
14646,0.06352639198303223
11873,0.058846473693847656
14115,0.06506943702697754
14399,0.07178449630737305
14354,0.0690011978149414
14407,0.05845475196838379
14139,0.062458038330078125
14367,0.06513833999633789
14558,0.06134843826293945
14544,0.0722658634185791
14636,0.06595563888549805
14518,0.06752181053161621
14201,0.06414031982421875
14432,0.05946826934814453
14488,0.06250524520874023
14599,0.06227278709411621
14544,0.06375384330749512
11943,0.06532931327819824
14657,0.062108516693115234
14558,0.0642240047454834
14615,0.06115984916687012
14424,0.06170010566711426
14427,0.06316518783569336
14571,0.06305503845214844
14569,0.06760406494140625
14815,0.061707258224487305
14721,0.06324911117553711
14972,0.06020355224609375
14881,0.06786036491394043
14774,0.0622715950012207
14832,0.068023681640625
14752,0.06987452507019043
14679,0.0651407241821289
14777,0.06365323066711426
14734,0.06108498573303223
14670,0.07121467590332031
14466,0.06719970703125
14534,0.06120872497558594
14289,0.06006813049316406
11748,0.06200242042541504
14810,0.06347060203552246
14864,0.06261587142944336
14856,0.06072878837585449
14812,0.06970667839050293
14892,0.05983233451843262
14918,0.06950879096984863
12160,0.05974936485290527
12354,0.06086564064025879
14729,0.06155681610107422
14594,0.06751132011413574
14955,0.06268906593322754
14846,0.06384015083312988
14775,0.06063342094421387
14756,0.06258869171142578
14930,0.0615689754486084
14742,0.060526371002197266
14763,0.06502699851989746
14802,0.05492901802062988
14916,0.06350970268249512
14873,0.06660914421081543
14762,0.06028866767883301
14963,0.06551194190979004
14824,0.061760663986206055
14814,0.06095266342163086
14611,0.06043410301208496
14554,0.06639313697814941
15218,0.0635979175567627
16458,0.06900691986083984
16136,0.06423354148864746
15881,0.0838308334350586
16378,0.07094931602478027
16239,0.07078123092651367
16332,0.06648588180541992
16423,0.07270145416259766
16363,0.06640219688415527
16358,0.06758952140808105
16248,0.0663149356842041
16312,0.06552314758300781
16453,0.07278800010681152
16372,0.06467533111572266
16014,0.06563901901245117
15517,0.072998046875
15672,0.07569551467895508
