98666,0.09638690948486328,0.16676871478557587,0.16676871478557587,0.3493291437625885,0.11006323993206024
100204,0.09554672241210938,0.8079702258110046,0.8079702258110046,0.37101590633392334,0.10916142165660858
98876,0.09538412094116211,0.1432241052389145,0.1432241052389145,0.5878306031227112,0.10880236327648163
102638,0.12443208694458008,0.1751602292060852,0.1751602292060852,2.546377658843994,0.11430013179779053
103676,0.10342574119567871,0.16792461276054382,0.16792461276054382,0.3876217305660248,0.11779706925153732
95455,0.09383893013000488,0.13676947355270386,0.13676947355270386,0.32745638489723206,0.10793335735797882
98008,0.09827399253845215,0.15754227340221405,0.15754227340221405,0.40729111433029175,0.10945576429367065
100797,0.09509921073913574,0.18911193311214447,0.18911193311214447,0.5050951838493347,0.11520341783761978
99993,0.09651684761047363,0.17293581366539001,0.17293581366539001,0.4340280294418335,0.12291489541530609
99356,0.09836196899414062,0.20974387228488922,0.20974387228488922,1.1037276983261108,0.11170285195112228
97127,0.09819650650024414,0.14256595075130463,0.14256595075130463,0.2940681576728821,0.10743512213230133
99005,0.09548211097717285,0.14351338148117065,0.14351338148117065,0.337617963552475,0.1063074916601181
99376,0.0961759090423584,0.17727991938591003,0.17727991938591003,0.40397995710372925,0.12312270700931549
97514,0.09869527816772461,0.1590181142091751,0.1590181142091751,0.3992195129394531,0.11283472925424576
101552,0.09875798225402832,0.14315801858901978,0.14315801858901978,0.45329567790031433,0.11304055899381638
103338,0.09411144256591797,0.1970665007829666,0.1970665007829666,0.3911511301994324,0.11314526200294495
96638,0.12772417068481445,0.15695646405220032,0.15695646405220032,0.4032488763332367,0.11513865739107132
101363,0.09497404098510742,0.19329701364040375,0.19329701364040375,0.5316386222839355,0.11050315201282501
98748,0.09795856475830078,0.18633827567100525,0.18633827567100525,0.37565258145332336,0.11864341795444489
100433,0.09524369239807129,0.18227910995483398,0.18227910995483398,0.45132550597190857,0.11674632877111435
97470,0.09639215469360352,0.17178146541118622,0.17178146541118622,0.36147341132164,0.11071055382490158
100364,0.09516620635986328,0.138535276055336,0.138535276055336,0.3742733597755432,0.10980828106403351
