92467,0.7470366954803467,0.1674051433801651,0.1674051433801651,19.833541870117188,1.1072317361831665
103465,0.6625633239746094,0.17480476200580597,0.17480476200580597,22.294422149658203,1.1480679512023926
85362,0.7001082897186279,0.172318235039711,0.172318235039711,17.9277286529541,1.157039999961853
91599,0.6737897396087646,0.16821761429309845,0.16821761429309845,34.60808181762695,1.1219314336776733
110425,0.6585848331451416,0.1724575012922287,0.1724575012922287,12.080232620239258,1.135082483291626
117336,0.6524174213409424,0.17015740275382996,0.17015740275382996,19.463274002075195,1.117525577545166
103815,0.6634752750396729,0.16515813767910004,0.16515813767910004,11.146027565002441,1.130781888961792
101896,0.6618399620056152,0.16707807779312134,0.16707807779312134,12.906740188598633,1.1050657033920288
115875,0.654186487197876,0.16609613597393036,0.16609613597393036,16.51661491394043,1.1264781951904297
93174,0.6654720306396484,0.17924368381500244,0.17924368381500244,14.083282470703125,1.1693986654281616
85237,0.6370391845703125,0.16989438235759735,0.16989438235759735,13.806558609008789,1.1477558612823486
97270,0.6655101776123047,0.167771577835083,0.167771577835083,28.192859649658203,1.1172794103622437
90517,0.6656739711761475,0.1693284809589386,0.1693284809589386,12.40102767944336,1.1314992904663086
84021,0.618736982345581,0.18501977622509003,0.18501977622509003,12.884765625,1.1619784832000732
90860,0.6574053764343262,0.17092962563037872,0.17092962563037872,17.089916229248047,1.1232826709747314
101078,0.8749802112579346,0.16714343428611755,0.16714343428611755,20.277467727661133,1.1130650043487549
110951,0.6455965042114258,0.1732420027256012,0.1732420027256012,10.86216926574707,1.1612094640731812
89243,0.6723535060882568,0.17469844222068787,0.17469844222068787,22.872941970825195,1.126447081565857
109260,0.7077908515930176,0.1643141657114029,0.1643141657114029,20.898157119750977,1.1200346946716309
103037,0.6792905330657959,0.16951227188110352,0.16951227188110352,12.03299331665039,1.1171252727508545
96623,0.6335427761077881,0.17833296954631805,0.17833296954631805,18.598939895629883,1.1402904987335205
103167,0.6605780124664307,0.16865625977516174,0.16865625977516174,13.53187370300293,1.1058458089828491
