140101,0.6634035110473633,0.15128302574157715,0.15128302574157715,12.65279483795166,1.0468121767044067
151799,0.9061625003814697,0.16005545854568481,0.16005545854568481,16.560197830200195,1.0799115896224976
151383,0.6435391902923584,0.148919478058815,0.148919478058815,17.945589065551758,1.045169472694397
139160,0.8200769424438477,0.14982670545578003,0.14982670545578003,23.026153564453125,1.050450086593628
156347,0.684567928314209,0.1592603325843811,0.1592603325843811,12.853052139282227,1.0798487663269043
162402,0.6760807037353516,0.15634287893772125,0.15634287893772125,25.726606369018555,1.0568546056747437
143115,0.6271870136260986,0.14890938997268677,0.14890938997268677,10.837653160095215,1.0562154054641724
142186,0.8669192790985107,0.152081698179245,0.152081698179245,37.72616195678711,1.0412981510162354
147002,0.7872037887573242,0.15652282536029816,0.15652282536029816,19.74186134338379,1.0682224035263062
176966,0.6909048557281494,0.16343523561954498,0.16343523561954498,32.462886810302734,1.087982177734375
143881,0.628216028213501,0.14770904183387756,0.14770904183387756,12.063132286071777,1.0467681884765625
156438,0.8686037063598633,0.14731372892856598,0.14731372892856598,12.110954284667969,1.0324822664260864
156071,0.6547701358795166,0.15092624723911285,0.15092624723911285,11.047043800354004,1.0343018770217896
189436,0.6417865753173828,0.17191530764102936,0.17191530764102936,17.14236068725586,1.0932064056396484
161689,0.6738369464874268,0.1492943912744522,0.1492943912744522,11.259100914001465,1.0461796522140503
157623,0.6745834350585938,0.14903587102890015,0.14903587102890015,11.364860534667969,1.0370808839797974
183120,0.8333930969238281,0.16180530190467834,0.16180530190467834,19.165117263793945,1.0794261693954468
162169,0.8885200023651123,0.15220262110233307,0.15220262110233307,15.791257858276367,1.044126033782959
140553,0.6583120822906494,0.15301841497421265,0.15301841497421265,13.748529434204102,1.068574070930481
142742,0.637261152267456,0.15621963143348694,0.15621963143348694,10.520326614379883,1.0668344497680664
163842,0.6306161880493164,0.16490447521209717,0.16490447521209717,13.195052146911621,1.0798014402389526
161523,0.9369113445281982,0.15039171278476715,0.15039171278476715,22.788606643676758,1.0393383502960205
