81091,0.8088736534118652,0.21795815229415894,0.21795815229415894,23.271867752075195,1.0430539846420288
81873,0.7687802314758301,0.22200995683670044,0.22200995683670044,18.519790649414062,1.0513852834701538
82765,1.130640983581543,0.21602316200733185,0.21602316200733185,116.5308837890625,1.0597832202911377
78810,0.7913990020751953,0.21939222514629364,0.21939222514629364,20.280723571777344,1.0427898168563843
75804,0.8116281032562256,0.2288394272327423,0.2288394272327423,20.51390838623047,1.0466970205307007
78806,0.8572826385498047,0.2232111692428589,0.2232111692428589,23.496938705444336,1.0503114461898804
80239,1.0378646850585938,0.21588827669620514,0.21588827669620514,45.16084289550781,1.039826512336731
81674,0.7827327251434326,0.2250329852104187,0.2250329852104187,32.06850814819336,1.0747058391571045
77396,0.745128870010376,0.22453631460666656,0.22453631460666656,21.597171783447266,1.05251145362854
76130,0.7355105876922607,0.228725403547287,0.228725403547287,19.512699127197266,1.041195273399353
78492,1.1798746585845947,0.216139554977417,0.216139554977417,41.683013916015625,1.0387223958969116
82165,0.7734124660491943,0.2149672657251358,0.2149672657251358,55.847129821777344,1.0429670810699463
77741,0.7539784908294678,0.22181254625320435,0.22181254625320435,25.74507713317871,1.060791254043579
77001,0.7336380481719971,0.22863830626010895,0.22863830626010895,25.102325439453125,1.0726162195205688
79992,0.7200696468353271,0.22015301883220673,0.22015301883220673,29.878765106201172,1.0400102138519287
80515,0.7266998291015625,0.2170581966638565,0.2170581966638565,20.091651916503906,1.0670398473739624
76914,0.7850675582885742,0.23419062793254852,0.23419062793254852,118.24348449707031,1.076770305633545
81445,0.8019909858703613,0.22083966434001923,0.22083966434001923,29.07535743713379,1.0432058572769165
77011,0.724261999130249,0.21940813958644867,0.21940813958644867,22.424659729003906,1.052777886390686
76784,0.7094883918762207,0.23139488697052002,0.23139488697052002,27.99070167541504,1.0625948905944824
75344,0.7596180438995361,0.23376834392547607,0.23376834392547607,18.389787673950195,1.0758095979690552
79264,0.7101528644561768,0.22272369265556335,0.22272369265556335,31.53365135192871,1.0654059648513794
