57020,1.6115880012512207,0.25842559337615967,0.25842559337615967,28.18955421447754,1.2350212335586548
49109,1.632169485092163,0.2728423476219177,0.2728423476219177,22.663684844970703,1.2292695045471191
57618,1.5992472171783447,inf,inf,23.65938377380371,1.2176564931869507
58635,1.7841858863830566,0.2645251750946045,0.2645251750946045,25.95895767211914,1.2194327116012573
55508,1.6191532611846924,0.2585282325744629,0.2585282325744629,18.085975646972656,1.2354785203933716
56320,1.6309044361114502,0.25402939319610596,0.25402939319610596,22.972532272338867,1.2078765630722046
58932,1.5822184085845947,0.2471104860305786,0.2471104860305786,24.34714126586914,1.2087560892105103
61042,1.5533783435821533,0.26353317499160767,0.26353317499160767,30.400423049926758,1.206117033958435
56139,1.527679681777954,0.2612092196941376,0.2612092196941376,86.58137512207031,1.2232547998428345
50645,1.5508537292480469,0.25580263137817383,0.25580263137817383,23.045034408569336,1.2086554765701294
53652,1.5569677352905273,0.2588484585285187,0.2588484585285187,20.33884620666504,1.212242841720581
61572,1.556204080581665,0.2505963146686554,0.2505963146686554,28.444095611572266,1.21172297000885
50170,1.5447533130645752,0.3354320526123047,0.3354320526123047,34.82307052612305,1.2482236623764038
49450,1.6113555431365967,0.24319703876972198,0.24319703876972198,32.599632263183594,1.206756591796875
53102,1.5206413269042969,0.2547432482242584,0.2547432482242584,20.246490478515625,1.2138680219650269
57953,1.585625171661377,0.25334087014198303,0.25334087014198303,26.868024826049805,1.2149096727371216
48538,1.5487852096557617,0.2629527151584625,0.2629527151584625,22.79152488708496,1.2166889905929565
52840,1.547313928604126,0.26141631603240967,0.26141631603240967,35.933677673339844,1.2193516492843628
51329,1.563755750656128,0.2551333010196686,0.2551333010196686,225.41409301757812,1.2246849536895752
54812,1.541872262954712,0.27591079473495483,0.27591079473495483,20.10300636291504,1.239038109779358
48936,1.6675102710723877,0.2475813925266266,0.2475813925266266,29.677457809448242,1.2099636793136597
58231,1.5814788341522217,0.294339120388031,0.294339120388031,20.291637420654297,1.211767315864563
