66907,0.815448522567749,0.2189766764640808,0.2189766764640808,21.705095291137695,1.099884033203125
73812,0.8006815910339355,0.21821831166744232,0.21821831166744232,23.758575439453125,1.0866854190826416
71532,0.785841703414917,0.21759873628616333,0.21759873628616333,15.993396759033203,1.1129157543182373
70888,0.8265805244445801,0.2192918062210083,0.2192918062210083,24.6348819732666,1.0893441438674927
69973,0.8876245021820068,0.21816813945770264,0.21816813945770264,17.935693740844727,1.0861696004867554
72578,0.806459903717041,0.2248838096857071,0.2248838096857071,20.046281814575195,1.0930988788604736
72160,0.7491214275360107,0.22576303780078888,0.22576303780078888,18.26776695251465,1.0890711545944214
72466,0.7412066459655762,0.20595349371433258,0.20595349371433258,23.19343376159668,1.0720816850662231
71026,0.7239470481872559,0.21972356736660004,0.21972356736660004,21.232194900512695,1.1021300554275513
69914,0.7237319946289062,0.24473142623901367,0.24473142623901367,24.425636291503906,1.1095050573349
73691,0.8151950836181641,0.22230114042758942,0.22230114042758942,17.30734634399414,1.0824328660964966
74463,0.7490527629852295,0.2080046683549881,0.2080046683549881,20.540128707885742,1.0661964416503906
70092,0.7541520595550537,0.22512513399124146,0.22512513399124146,21.87986946105957,1.09292733669281
72967,0.7397618293762207,0.2149493247270584,0.2149493247270584,24.354591369628906,1.0814192295074463
74242,0.7232909202575684,0.21016797423362732,0.21016797423362732,21.737871170043945,1.0806124210357666
71496,0.720111608505249,0.20833314955234528,0.20833314955234528,22.81851577758789,1.0893536806106567
67207,0.7355263233184814,0.2174009531736374,0.2174009531736374,20.085792541503906,1.0979163646697998
69785,0.7299900054931641,0.2188348025083542,0.2188348025083542,100.74900817871094,1.1160880327224731
68044,0.7113008499145508,0.22077567875385284,0.22077567875385284,21.285457611083984,1.1277520656585693
71158,0.7387666702270508,0.22594158351421356,0.22594158351421356,17.585832595825195,1.1390873193740845
72100,0.7168471813201904,0.21619634330272675,0.21619634330272675,19.844892501831055,1.0929605960845947
69982,0.6937286853790283,0.2208879441022873,0.2208879441022873,18.867481231689453,1.1057342290878296
