157489,0.838200569152832,0.13816876709461212,0.13816876709461212,12.149534225463867,0.9898083806037903
162842,0.8672394752502441,0.1446061134338379,0.1446061134338379,13.479121208190918,1.030990719795227
158209,0.639751672744751,0.13520637154579163,0.13520637154579163,10.853375434875488,0.9875991344451904
132793,0.838754415512085,0.14101333916187286,0.14101333916187286,11.664205551147461,1.0010656118392944
154786,0.6187887191772461,0.14609338343143463,0.14609338343143463,12.084198951721191,1.0196237564086914
144465,0.9181253910064697,0.14732399582862854,0.14732399582862854,13.071586608886719,1.0249364376068115
141198,0.6697421073913574,0.13976681232452393,0.13976681232452393,20.703943252563477,1.022778034210205
160271,0.9087212085723877,0.13840213418006897,0.13840213418006897,18.65529441833496,0.9856484532356262
134844,0.6395418643951416,0.15049555897712708,0.15049555897712708,10.851543426513672,1.0480380058288574
164262,0.8741292953491211,0.15221677720546722,0.15221677720546722,19.74821662902832,1.0311827659606934
140764,0.8580460548400879,0.1376759558916092,0.1376759558916092,10.624815940856934,1.0108506679534912
148576,0.9538173675537109,0.13889609277248383,0.13889609277248383,10.454347610473633,0.9998584985733032
146523,0.6472210884094238,0.14363165199756622,0.14363165199756622,14.013497352600098,1.0144164562225342
170686,0.6384015083312988,0.1592572182416916,0.1592572182416916,14.824955940246582,1.0420691967010498
144359,0.6639490127563477,0.14274252951145172,0.14274252951145172,13.330342292785645,1.0077866315841675
139633,0.6296834945678711,0.1439400166273117,0.1439400166273117,25.484872817993164,1.012431263923645
176785,0.8345315456390381,0.14758706092834473,0.14758706092834473,115.57634735107422,1.0207624435424805
147606,0.8370120525360107,0.14474321901798248,0.14474321901798248,9.565882682800293,1.0218958854675293
159042,0.6562495231628418,0.13749979436397552,0.13749979436397552,30.813621520996094,0.9859104752540588
155080,0.6368286609649658,0.14341594278812408,0.14341594278812408,11.537675857543945,1.0183025598526
171747,0.8330562114715576,0.14912322163581848,0.14912322163581848,14.32967472076416,1.0227595567703247
155586,0.8870446681976318,0.13963361084461212,0.13963361084461212,13.244576454162598,1.0083504915237427
