78343,0.7806735038757324,1.12344229221344,1.12344229221344,4.859347820281982,1.008604645729065
82939,0.658137321472168,1.440662145614624,1.440662145614624,5.985777854919434,1.011551022529602
82368,0.6453883647918701,1.4058005809783936,1.4058005809783936,4.206150054931641,1.0058311223983765
86667,0.6798031330108643,1.0494378805160522,1.0494378805160522,4.475682258605957,0.9978528618812561
80746,0.659905195236206,1.0974068641662598,1.0974068641662598,4.825660705566406,1.0164982080459595
85838,0.703352689743042,1.08794105052948,1.08794105052948,6.789145469665527,1.0101099014282227
80067,0.7279422283172607,1.057783842086792,1.057783842086792,4.761046409606934,1.0061888694763184
84857,0.6463282108306885,1.3678967952728271,1.3678967952728271,4.9840240478515625,1.0091257095336914
86130,0.6409249305725098,1.03207266330719,1.03207266330719,4.62917423248291,1.0208500623703003
82508,0.649507999420166,2.345362663269043,2.345362663269043,5.099730491638184,1.0170117616653442
84129,0.65419602394104,1.206190824508667,1.206190824508667,5.168642520904541,0.9947192668914795
85266,0.6561810970306396,0.9703889489173889,0.9703889489173889,5.123285293579102,0.9895333051681519
81041,0.6598196029663086,1.2692410945892334,1.2692410945892334,4.719465732574463,1.0067167282104492
84657,0.672900915145874,1.7508643865585327,1.7508643865585327,4.921603202819824,1.03126060962677
87746,0.6707327365875244,1.0109236240386963,1.0109236240386963,12.192761421203613,1.0001431703567505
82009,0.6977458000183105,0.9785451292991638,0.9785451292991638,5.213110446929932,1.0144368410110474
84410,0.6561374664306641,1.639172077178955,1.639172077178955,6.895135879516602,1.0172255039215088
85256,0.6691975593566895,1.0290453433990479,1.0290453433990479,5.055129528045654,1.0189757347106934
82752,0.6547794342041016,1.1940479278564453,1.1940479278564453,5.103351593017578,1.006234884262085
85865,0.6454098224639893,0.9915105104446411,0.9915105104446411,12.211024284362793,1.0092334747314453
81072,0.6506123542785645,1.3255592584609985,1.3255592584609985,5.103705883026123,1.015844702720642
84764,0.6510701179504395,0.9267106056213379,0.9267106056213379,5.215173244476318,1.0158143043518066
