73144,1.6208915710449219,0.6714504957199097,0.6714504957199097,5.046831130981445,0.26536163687705994
69484,1.5670552253723145,0.747106671333313,0.747106671333313,1.78345787525177,0.25975069403648376
71966,1.5640361309051514,0.6104321479797363,0.6104321479797363,1.349144458770752,0.2583756148815155
70274,1.9588358402252197,0.7190683484077454,0.7190683484077454,1.3163511753082275,0.25847533345222473
68219,1.6198596954345703,0.7091917395591736,0.7091917395591736,1.0114175081253052,0.2632654011249542
68397,1.6124343872070312,0.6731200218200684,0.6731200218200684,1.2083654403686523,0.2581125497817993
73709,1.555950403213501,0.6807025671005249,0.6807025671005249,1.1243789196014404,0.25572144985198975
74807,1.551851749420166,1.187044382095337,1.187044382095337,1.1423522233963013,0.25656211376190186
67125,1.5717368125915527,0.7684978246688843,0.7684978246688843,1.236038327217102,0.26411107182502747
65688,1.5235719680786133,0.8938646912574768,0.8938646912574768,1.0582021474838257,0.2581976056098938
70543,1.537630558013916,0.6949062347412109,0.6949062347412109,1.4374366998672485,0.2522656321525574
71513,1.5918047428131104,0.7608973383903503,0.7608973383903503,1.2641451358795166,0.25488343834877014
65613,1.5515284538269043,2.2227444648742676,2.2227444648742676,0.9328363537788391,0.2612852156162262
62928,1.5905210971832275,1.167196273803711,1.167196273803711,1.1437910795211792,0.2598736584186554
71658,1.5667834281921387,0.8123335838317871,0.8123335838317871,1.3388404846191406,0.25669705867767334
69190,1.5576226711273193,0.657163143157959,0.657163143157959,1.1282141208648682,0.258176326751709
65494,1.5439388751983643,0.7227635979652405,0.7227635979652405,3.051107406616211,0.26074686646461487
69445,1.5593945980072021,0.7629333734512329,0.7629333734512329,1.248817801475525,0.26075685024261475
70502,1.5966675281524658,0.6995934844017029,0.6995934844017029,1.1290059089660645,0.260074645280838
65708,1.6602342128753662,0.6691493988037109,0.6691493988037109,1.0721865892410278,0.26502513885498047
62639,1.5437531471252441,0.9401902556419373,0.9401902556419373,1.2737966775894165,0.2587902247905731
69509,1.497068166732788,0.6673647165298462,0.6673647165298462,1.555768370628357,0.2567334771156311
