105966,0.32514047622680664,0.1771872192621231,0.1771872192621231,16.370708465576172,1.096115231513977
106181,0.2934603691101074,0.17346347868442535,0.17346347868442535,39.57417678833008,1.0720807313919067
105554,0.31135010719299316,0.1716504544019699,0.1716504544019699,16.888120651245117,1.0387603044509888
102080,0.3122742176055908,0.17749235033988953,0.17749235033988953,18.522136688232422,1.0638256072998047
106169,0.32695460319519043,0.1769341677427292,0.1769341677427292,19.030197143554688,1.0591225624084473
107319,0.3121640682220459,0.16929878294467926,0.16929878294467926,29.60474395751953,1.0421485900878906
108136,0.3195784091949463,0.1680557131767273,0.1680557131767273,28.01238250732422,1.0301257371902466
108196,0.3073387145996094,0.1712770015001297,0.1712770015001297,19.247102737426758,1.089151382446289
107831,0.31264185905456543,0.1875254511833191,0.1875254511833191,24.878877639770508,1.0809601545333862
108704,0.30794596672058105,0.17469802498817444,0.17469802498817444,19.162736892700195,1.0619899034500122
105608,0.31374406814575195,0.1783265620470047,0.1783265620470047,22.378860473632812,1.0396901369094849
105630,0.31292724609375,0.16910500824451447,0.16910500824451447,133.5506134033203,1.0323243141174316
104453,0.31565022468566895,0.18225392699241638,0.18225392699241638,18.004552841186523,1.0721971988677979
106420,0.3216729164123535,0.1697520911693573,0.1697520911693573,16.461624145507812,1.0731250047683716
105959,0.31723952293395996,0.17212314903736115,0.17212314903736115,21.300642013549805,1.0425249338150024
107245,0.30594444274902344,0.17222651839256287,0.17222651839256287,28.663747787475586,1.0544297695159912
106135,0.30498456954956055,0.17370477318763733,0.17370477318763733,24.032461166381836,1.1004018783569336
109142,0.29480791091918945,0.1743258684873581,0.1743258684873581,17.845735549926758,1.0491085052490234
104884,0.3042001724243164,0.17520765960216522,0.17520765960216522,36.262733459472656,1.0676612854003906
104757,0.2943096160888672,0.17815349996089935,0.17815349996089935,19.617910385131836,1.0650382041931152
106738,0.3066227436065674,0.17038410902023315,0.17038410902023315,21.485855102539062,1.0710718631744385
109234,0.310457706451416,0.17021802067756653,0.17021802067756653,15.150834083557129,1.0752142667770386
