106072,0.7772550582885742,0.0946703776717186,0.0946703776717186,8.906033515930176,0.8203261494636536
127637,0.9128611087799072,0.0942554920911789,0.0942554920911789,9.15992259979248,0.8065369725227356
114444,0.6496884822845459,0.09057806432247162,0.09057806432247162,7.954891204833984,0.7971858382225037
105002,0.6882157325744629,0.09263146668672562,0.09263146668672562,10.059453010559082,0.8130213022232056
119546,0.7657182216644287,0.09650999307632446,0.09650999307632446,10.360109329223633,0.8139980435371399
118625,0.652949333190918,0.09574541449546814,0.09574541449546814,13.196233749389648,0.8227002620697021
102177,0.6359424591064453,0.09379582852125168,0.09379582852125168,11.573952674865723,0.8300695419311523
101838,0.6269102096557617,0.096614308655262,0.096614308655262,8.058252334594727,0.8310446739196777
121026,0.6326656341552734,0.09377864748239517,0.09377864748239517,7.007493019104004,0.8098099231719971
129127,0.6394917964935303,0.100141242146492,0.100141242146492,15.301642417907715,0.8271958231925964
104753,0.668351411819458,0.09100424498319626,0.09100424498319626,7.407565116882324,0.8015815615653992
123476,0.8213474750518799,0.08740326017141342,0.08740326017141342,11.549151420593262,0.7879827618598938
117574,0.6417052745819092,0.09347319602966309,0.09347319602966309,6.9701948165893555,0.8040368556976318
134373,0.6238224506378174,0.1065107062458992,0.1065107062458992,8.723837852478027,0.8566752672195435
105793,0.654271125793457,0.09674319624900818,0.09674319624900818,7.622215270996094,0.8307543992996216
111228,0.6529183387756348,0.09292551130056381,0.09292551130056381,10.978179931640625,0.8071414828300476
134837,0.8576135635375977,0.10079091787338257,0.10079091787338257,10.213577270507812,0.8315529823303223
116315,0.6556129455566406,0.09411736577749252,0.09411736577749252,6.966385364532471,0.8099865317344666
106538,0.6507165431976318,0.09408805519342422,0.09408805519342422,7.522780895233154,0.8227272629737854
111901,0.8167293071746826,0.09555650502443314,0.09555650502443314,7.9852294921875,0.8177916407585144
132812,0.695319414138794,0.09938366711139679,0.09938366711139679,8.240010261535645,0.8276758790016174
120151,0.6390855312347412,0.0908791720867157,0.0908791720867157,43.2503776550293,0.8026144504547119
