87705,0.19320178031921387,0.1597747802734375,0.1597747802734375,16.067659378051758,1.0988008975982666
85576,0.17667317390441895,0.15737876296043396,0.15737876296043396,56.31938934326172,1.1034409999847412
84532,0.1766798496246338,0.15290136635303497,0.15290136635303497,19.218687057495117,1.0591566562652588
87366,0.19273734092712402,0.1593884974718094,0.1593884974718094,18.200008392333984,1.089232087135315
86592,0.17759442329406738,0.1796155720949173,0.1796155720949173,16.176998138427734,1.101841926574707
87080,0.17940568923950195,0.1490495502948761,0.1490495502948761,22.89145278930664,1.056115746498108
85590,0.18999552726745605,0.16466908156871796,0.16466908156871796,16.452781677246094,1.0465773344039917
89413,0.18558168411254883,0.1510593444108963,0.1510593444108963,21.599220275878906,1.057647943496704
88800,0.18327069282531738,0.1676749438047409,0.1676749438047409,38.48085021972656,1.1010841131210327
86482,0.18751215934753418,0.1608664095401764,0.1608664095401764,15.759777069091797,1.0621088743209839
83617,0.19014215469360352,0.15328285098075867,0.15328285098075867,15.355616569519043,1.0668021440505981
86051,0.19038629531860352,0.15013538300991058,0.15013538300991058,16.438472747802734,1.0468450784683228
87831,0.18201923370361328,0.19793210923671722,0.19793210923671722,24.108919143676758,1.1065539121627808
85587,0.18639278411865234,0.15368005633354187,0.15368005633354187,22.278526306152344,1.0732735395431519
87162,0.18352699279785156,0.16419176757335663,0.16419176757335663,16.943500518798828,1.0626798868179321
88002,0.17749667167663574,0.15679886937141418,0.15679886937141418,15.878050804138184,1.0715750455856323
84935,0.18038535118103027,0.15549831092357635,0.15549831092357635,22.590740203857422,1.1033912897109985
87467,0.1755526065826416,0.16540075838565826,0.16540075838565826,19.412017822265625,1.089134931564331
87927,0.17513275146484375,0.15854191780090332,0.15854191780090332,15.785931587219238,1.0904245376586914
87291,0.17683076858520508,0.16320201754570007,0.16320201754570007,14.539036750793457,1.1063987016677856
86948,0.1828770637512207,0.15420062839984894,0.15420062839984894,30.12324333190918,1.0773416757583618
88863,0.17968034744262695,0.15426543354988098,0.15426543354988098,21.414608001708984,1.0607904195785522
