105550,0.7827184200286865,0.24941502511501312,0.24941502511501312,21.933738708496094,1.039578914642334
104107,0.7728211879730225,0.2443844974040985,0.2443844974040985,16.1263370513916,1.0396722555160522
105720,0.741823673248291,0.24257813394069672,0.24257813394069672,19.77069854736328,1.0211197137832642
102996,0.7618625164031982,0.26088327169418335,0.26088327169418335,22.443933486938477,1.0410923957824707
105507,0.738685131072998,0.25615474581718445,0.25615474581718445,23.894779205322266,1.0431370735168457
104054,0.7823307514190674,0.2382529377937317,0.2382529377937317,33.41677474975586,1.0194917917251587
107882,0.7164011001586914,0.2525530755519867,0.2525530755519867,23.632238388061523,1.0156270265579224
108608,0.7249679565429688,0.24597710371017456,0.24597710371017456,23.853803634643555,1.0263476371765137
102322,0.7141628265380859,0.2594620883464813,0.2594620883464813,24.081575393676758,1.0587154626846313
106629,0.6982688903808594,0.24142394959926605,0.24142394959926605,29.07780647277832,1.0226136445999146
106391,0.697087287902832,0.23723763227462769,0.23723763227462769,25.532115936279297,1.0177767276763916
105039,0.7669727802276611,0.24068152904510498,0.24068152904510498,20.361038208007812,1.0193310976028442
100894,0.7044107913970947,0.25519707798957825,0.25519707798957825,43.106483459472656,1.0544133186340332
103563,0.7016232013702393,0.2396942675113678,0.2396942675113678,26.771860122680664,1.026552438735962
105426,0.6922171115875244,0.24385224282741547,0.24385224282741547,21.914417266845703,1.0272761583328247
105184,0.693444013595581,0.2460872083902359,0.2460872083902359,17.758119583129883,1.0267672538757324
103261,0.7102963924407959,0.24343504011631012,0.24343504011631012,19.260595321655273,1.0371664762496948
106507,0.7083353996276855,0.24532529711723328,0.24532529711723328,17.604623794555664,1.032448172569275
104415,0.6721916198730469,0.24768806993961334,0.24768806993961334,23.51580810546875,1.0284556150436401
102451,0.7340660095214844,0.2564651370048523,0.2564651370048523,18.93732452392578,1.0538471937179565
101967,0.6693763732910156,0.2514674663543701,0.2514674663543701,25.516624450683594,1.0227464437484741
104053,0.6717991828918457,0.2385217845439911,0.2385217845439911,23.19522476196289,1.0218868255615234
