35115,3.39556622505188,0.31824371218681335,0.31824371218681335,7.970404624938965,1.1546306610107422
34939,3.5125675201416016,0.3213226795196533,0.3213226795196533,10.035575866699219,1.174742579460144
39816,3.419188976287842,0.4000229835510254,0.4000229835510254,8.26701545715332,1.1694880723953247
38883,3.3381428718566895,0.3205278217792511,0.3205278217792511,10.246809005737305,1.13931405544281
36831,3.4544107913970947,0.314998984336853,0.314998984336853,9.12307071685791,1.1662334203720093
35550,3.450047492980957,0.36243313550949097,0.36243313550949097,10.58675479888916,1.1407372951507568
36006,3.4525222778320312,0.28902313113212585,0.28902313113212585,9.402613639831543,1.134708285331726
37244,3.2905402183532715,0.30383095145225525,0.30383095145225525,8.798942565917969,1.1817126274108887
36768,3.289424180984497,0.37057170271873474,0.37057170271873474,8.217191696166992,1.1618765592575073
31664,3.2656095027923584,0.3123164176940918,0.3123164176940918,10.221299171447754,1.148001790046692
38505,3.2521932125091553,0.29900792241096497,0.29900792241096497,10.099392890930176,1.1363705396652222
33382,3.262698173522949,0.3029465079307556,0.3029465079307556,10.263840675354004,1.166251301765442
33783,3.2075891494750977,0.30276215076446533,0.30276215076446533,9.92469310760498,1.1661906242370605
32606,3.124008893966675,0.33746883273124695,0.33746883273124695,8.678570747375488,1.143410563468933
35921,3.2379343509674072,0.31219592690467834,0.31219592690467834,9.584595680236816,1.1466426849365234
35895,3.160243034362793,0.45008528232574463,0.45008528232574463,9.584160804748535,1.2042511701583862
34270,3.271000862121582,0.3136698305606842,0.3136698305606842,8.83607292175293,1.193050742149353
31803,3.1290855407714844,0.3096182644367218,0.3096182644367218,9.842672348022461,1.1905910968780518
37134,3.20060658454895,0.2990525960922241,0.2990525960922241,7.9185638427734375,1.180983304977417
36407,3.2361021041870117,0.336016446352005,0.336016446352005,10.152559280395508,1.1655323505401611
32192,3.1485512256622314,0.35442519187927246,0.35442519187927246,8.286494255065918,1.2481155395507812
35371,3.1106889247894287,0.31010544300079346,0.31010544300079346,10.813362121582031,1.1718039512634277
