75933,0.7120695114135742,0.12756676971912384,0.12756676971912384,16.100292205810547,0.8942306041717529
73859,0.6607081890106201,0.12869782745838165,0.12869782745838165,8.023820877075195,0.8928375244140625
75258,0.648444652557373,0.1295216977596283,0.1295216977596283,8.036077499389648,0.9122762084007263
78736,0.6552698612213135,0.13180741667747498,0.13180741667747498,11.63895034790039,0.9110596179962158
74651,0.6675806045532227,0.12967805564403534,0.12967805564403534,12.02425765991211,0.8982347249984741
73850,0.6505906581878662,0.1285979151725769,0.1285979151725769,14.97518253326416,0.8901868462562561
77765,0.6613979339599609,0.12920041382312775,0.12920041382312775,9.536272048950195,0.8974095582962036
77431,0.6492955684661865,0.12848436832427979,0.12848436832427979,12.11938762664795,0.8916885852813721
72501,0.6539015769958496,0.12924852967262268,0.12924852967262268,10.040016174316406,0.89723801612854
78258,0.6500797271728516,0.12974727153778076,0.12974727153778076,8.740227699279785,0.8974446654319763
78795,0.6529920101165771,0.1268012523651123,0.1268012523651123,11.17619800567627,0.8916005492210388
74294,0.7008349895477295,0.12854979932308197,0.12854979932308197,12.222128868103027,0.8961048126220703
74381,0.677466630935669,0.12802919745445251,0.12802919745445251,29.176748275756836,0.8932363986968994
76449,0.6544826030731201,0.12854132056236267,0.12854132056236267,9.839922904968262,0.8896240592002869
75665,0.6974177360534668,0.12745901942253113,0.12745901942253113,12.589142799377441,0.8932903409004211
79641,0.6823875904083252,0.1306353062391281,0.1306353062391281,10.07201862335205,0.9176074862480164
72998,0.6471154689788818,0.12853248417377472,0.12853248417377472,19.08020782470703,0.8914697170257568
78573,0.6544365882873535,0.131224125623703,0.131224125623703,8.9810152053833,0.9189444780349731
72681,0.6434707641601562,0.13089686632156372,0.13089686632156372,8.979654312133789,0.9096462726593018
75667,0.648015022277832,0.12949736416339874,0.12949736416339874,8.652539253234863,0.8963016271591187
70723,0.6636338233947754,0.13108767569065094,0.13108767569065094,30.476282119750977,0.9171374440193176
73655,0.6501920223236084,0.12804843485355377,0.12804843485355377,10.753279685974121,0.8957269191741943
