71269,0.3122124671936035,0.14793100953102112,0.14793100953102112,17.167184829711914,1.026763677597046
73997,0.29642200469970703,0.14827203750610352,0.14827203750610352,15.44589900970459,1.0181779861450195
72883,0.30364179611206055,0.1520860493183136,0.1520860493183136,11.842536926269531,1.019501805305481
74810,0.30254173278808594,0.16983281075954437,0.16983281075954437,13.008264541625977,1.0204230546951294
67225,0.31114983558654785,0.15729780495166779,0.15729780495166779,10.832869529724121,1.0170066356658936
69702,0.2919588088989258,0.15076309442520142,0.15076309442520142,12.46377182006836,1.0144580602645874
72000,0.36414456367492676,0.15286749601364136,0.15286749601364136,12.5912446975708,1.0164402723312378
74999,0.3039286136627197,0.15295973420143127,0.15295973420143127,19.524436950683594,1.018395185470581
74112,0.294175386428833,0.16512911021709442,0.16512911021709442,12.311091423034668,1.0250868797302246
69969,0.3017120361328125,0.1475164145231247,0.1475164145231247,12.51835823059082,1.0166300535202026
68421,0.30246973037719727,0.14653407037258148,0.14653407037258148,16.742351531982422,1.0233458280563354
74828,0.304887056350708,0.14840199053287506,0.14840199053287506,15.941864013671875,1.0256757736206055
71686,0.2987856864929199,0.14933668076992035,0.14933668076992035,60.35817337036133,1.0268640518188477
70682,0.3016636371612549,0.18451231718063354,0.18451231718063354,11.663324356079102,1.0268865823745728
76405,0.39366745948791504,0.1556927114725113,0.1556927114725113,13.716056823730469,1.026068091392517
72006,0.2920658588409424,0.18360091745853424,0.18360091745853424,13.122414588928223,1.0332140922546387
69825,0.29000258445739746,0.16215816140174866,0.16215816140174866,11.938936233520508,1.0287017822265625
73467,0.3066277503967285,0.153832346200943,0.153832346200943,11.37757396697998,1.0233712196350098
69656,0.2908976078033447,0.15481270849704742,0.15481270849704742,13.682073593139648,1.0173118114471436
72105,0.2912743091583252,0.15931805968284607,0.15931805968284607,15.311007499694824,1.029266595840454
69663,0.3320496082305908,0.15381766855716705,0.15381766855716705,14.788023948669434,1.0235682725906372
71108,0.3003530502319336,0.1490871012210846,0.1490871012210846,13.277556419372559,1.0253221988677979
