95499,1.313795804977417,0.07470429688692093,0.07470429688692093,15.300386428833008,0.8111781477928162
92426,1.2223331928253174,0.07756094634532928,0.07756094634532928,16.764991760253906,0.8265359401702881
92309,1.2876958847045898,0.0740298256278038,0.0740298256278038,18.53925895690918,0.8057993054389954
95619,1.1992433071136475,0.0745713859796524,0.0745713859796524,15.32505989074707,0.8074140548706055
97520,1.2514872550964355,0.07646475732326508,0.07646475732326508,14.62338638305664,0.8180166482925415
95031,1.3102717399597168,0.07614503055810928,0.07614503055810928,15.872376441955566,0.8206005096435547
90813,1.2603869438171387,0.07399579882621765,0.07399579882621765,13.386260986328125,0.8065455555915833
88977,1.2243332862854004,0.07834918051958084,0.07834918051958084,18.87017822265625,0.829422652721405
96892,1.182314395904541,0.0764366090297699,0.0764366090297699,14.267583847045898,0.8174952864646912
97983,1.1810216903686523,0.07745189964771271,0.07745189964771271,15.392993927001953,0.8262541890144348
91495,1.4040193557739258,0.07394761592149734,0.07394761592149734,17.953506469726562,0.811392605304718
95130,1.2708485126495361,0.07395899295806885,0.07395899295806885,17.236980438232422,0.8035100698471069
92206,1.2157540321350098,0.07623223215341568,0.07623223215341568,16.3461856842041,0.8163568377494812
103006,1.1673216819763184,0.08034199476242065,0.08034199476242065,20.764371871948242,0.8442137241363525
89559,1.2010412216186523,0.07639823108911514,0.07639823108911514,16.81614112854004,0.8178558349609375
82991,1.2865185737609863,0.07854963093996048,0.07854963093996048,19.393800735473633,0.8309052586555481
94112,1.328063726425171,0.07871843129396439,0.07871843129396439,18.620079040527344,0.8271780610084534
99086,1.2300872802734375,0.07514924556016922,0.07514924556016922,15.623153686523438,0.8091434240341187
93743,1.1909265518188477,0.07509451359510422,0.07509451359510422,15.401955604553223,0.8132174611091614
99383,1.1857717037200928,0.07556304335594177,0.07556304335594177,16.936819076538086,0.8123746514320374
89570,1.167787790298462,0.08122199028730392,0.08122199028730392,15.528974533081055,0.8425965905189514
94657,1.2200171947479248,0.0742327868938446,0.0742327868938446,12.597553253173828,0.8053218722343445
