69728,1.4465141296386719,0.16641555726528168,0.16641555726528168,8.826682090759277,1.0401160717010498
66443,1.4214956760406494,0.17044037580490112,0.17044037580490112,10.2715425491333,1.0278165340423584
70756,1.389021873474121,0.16552191972732544,0.16552191972732544,13.778979301452637,1.0176706314086914
85630,1.4112098217010498,0.16362321376800537,0.16362321376800537,8.342330932617188,1.0130510330200195
63659,1.441697597503662,0.1762639731168747,0.1762639731168747,8.860990524291992,1.0416607856750488
74953,1.4194388389587402,0.16898669302463531,0.16898669302463531,7.653897285461426,1.027495265007019
65567,1.391988754272461,0.1690741777420044,0.1690741777420044,9.32784652709961,1.0226256847381592
70822,1.3857271671295166,0.16905862092971802,0.16905862092971802,8.862022399902344,1.0370529890060425
73022,1.442896842956543,0.16792714595794678,0.16792714595794678,8.042609214782715,1.0298224687576294
56821,1.412013053894043,0.1846490204334259,0.1846490204334259,11.588900566101074,1.0766470432281494
76006,1.2513847351074219,0.1629709154367447,0.1629709154367447,11.407691955566406,1.011819839477539
67355,1.225633144378662,0.1694704294204712,0.1694704294204712,21.43589973449707,1.0253533124923706
69505,1.2942333221435547,0.16580362617969513,0.16580362617969513,9.035026550292969,1.0214923620224
55744,1.1929349899291992,0.17961865663528442,0.17961865663528442,8.399162292480469,1.068481206893921
80236,1.2789649963378906,0.1603090465068817,0.1603090465068817,7.3145222663879395,1.0047338008880615
65260,1.2705154418945312,0.16892102360725403,0.16892102360725403,8.409656524658203,1.029299020767212
65977,1.2658891677856445,0.17398875951766968,0.17398875951766968,9.571137428283691,1.0598740577697754
71292,1.3977446556091309,0.17019803822040558,0.17019803822040558,11.147221565246582,1.0555599927902222
79639,1.1633360385894775,0.16017062962055206,0.16017062962055206,6.670080184936523,1.0006816387176514
70951,1.3489108085632324,0.16846893727779388,0.16846893727779388,8.1290864944458,1.0221246480941772
59785,1.3685271739959717,0.17460677027702332,0.17460677027702332,14.756265640258789,1.0575225353240967
70152,1.1910443305969238,0.16762389242649078,0.16762389242649078,7.904953956604004,1.0223329067230225
