68267,1.690615177154541,0.3023112714290619,0.3023112714290619,22.19679832458496,1.0646476745605469
64741,1.56882643699646,0.29578733444213867,0.29578733444213867,52.03109359741211,1.0732240676879883
66138,1.576385498046875,0.29942992329597473,0.29942992329597473,22.86212921142578,1.079554796218872
68150,1.6136186122894287,0.30635011196136475,0.30635011196136475,27.467449188232422,1.0551234483718872
65497,1.6052882671356201,0.30388739705085754,0.30388739705085754,30.28343963623047,1.0840269327163696
65644,1.5802726745605469,0.3041757345199585,0.3041757345199585,21.323158264160156,1.0759066343307495
67195,1.5409653186798096,0.29322677850723267,0.29322677850723267,55.87456512451172,1.057253360748291
70722,1.6896610260009766,0.3102036416530609,0.3102036416530609,18.8850154876709,1.0486112833023071
64234,1.6072087287902832,0.30056220293045044,0.30056220293045044,75.18315124511719,1.0860028266906738
68261,1.5345499515533447,1.6333705186843872,1.6333705186843872,26.176803588867188,1.0743647813796997
68390,1.5557279586791992,0.29012367129325867,0.29012367129325867,25.6054744720459,1.0626801252365112
70108,1.5723133087158203,0.3112902045249939,0.3112902045249939,31.257902145385742,1.0536199808120728
68008,1.536456823348999,0.29194292426109314,0.29194292426109314,37.881126403808594,1.0697602033615112
63222,1.5755815505981445,0.293330579996109,0.293330579996109,21.52846336364746,1.0896251201629639
67511,1.5609490871429443,0.29053860902786255,0.29053860902786255,25.197233200073242,1.0679056644439697
66686,1.606168508529663,0.4415528476238251,0.4415528476238251,24.536306381225586,1.0621514320373535
64479,1.532560110092163,0.2966443598270416,0.2966443598270416,27.30126953125,1.0895863771438599
68201,1.5717058181762695,0.29858165979385376,0.29858165979385376,25.892669677734375,1.0746419429779053
67468,1.538701057434082,0.30201292037963867,0.30201292037963867,61.354366302490234,1.0600571632385254
67497,1.5672287940979004,0.2976031005382538,0.2976031005382538,24.378541946411133,1.075412631034851
60797,1.5703938007354736,0.29681622982025146,0.29681622982025146,22.98971176147461,1.088098168373108
65376,1.5290982723236084,0.2962169647216797,0.2962169647216797,26.32861328125,1.0740022659301758
