75364,1.5758957862854004,0.18126174807548523,0.18126174807548523,18.03447914123535,0.9456274509429932
70272,1.213869571685791,0.18772301077842712,0.18772301077842712,12.60595989227295,0.9538221955299377
73871,1.6623616218566895,0.1802792251110077,0.1802792251110077,13.098609924316406,0.9734193086624146
74294,1.1762456893920898,0.18215534090995789,0.18215534090995789,13.705102920532227,0.9407520294189453
73292,1.7136735916137695,0.18838709592819214,0.18838709592819214,19.454381942749023,0.961927592754364
69197,1.2699933052062988,0.18734923005104065,0.18734923005104065,15.939573287963867,0.9561534523963928
73499,1.6177186965942383,0.1803458034992218,0.1803458034992218,16.09085464477539,0.9433081746101379
75130,1.2712163925170898,0.1825902760028839,0.1825902760028839,28.387672424316406,0.9657318592071533
73947,1.4580318927764893,0.185756653547287,0.185756653547287,17.7180118560791,0.9702130556106567
60030,1.2116291522979736,0.19474481046199799,0.19474481046199799,15.131491661071777,0.9709302186965942
72006,1.3807621002197266,0.1791854053735733,0.1791854053735733,15.259740829467773,0.9500796794891357
74099,1.1861891746520996,0.18008913099765778,0.18008913099765778,14.002808570861816,0.9349223375320435
71788,1.2222599983215332,0.18405801057815552,0.18405801057815552,18.55073356628418,0.9490420818328857
62842,1.6633021831512451,0.19880813360214233,0.19880813360214233,12.409070014953613,0.9839572310447693
74132,1.2497169971466064,0.18260180950164795,0.18260180950164795,12.071061134338379,0.9615368247032166
68449,1.1955296993255615,0.18297693133354187,0.18297693133354187,17.931608200073242,0.9683247208595276
67374,1.1945288181304932,0.18917731940746307,0.18917731940746307,33.398799896240234,0.9955828785896301
70088,1.270063877105713,0.18565434217453003,0.18565434217453003,17.604225158691406,0.9899218082427979
74097,1.6364490985870361,0.18190281093120575,0.18190281093120575,30.51191520690918,0.9510462880134583
77098,1.206209421157837,0.18385615944862366,0.18385615944862366,14.342010498046875,0.939771831035614
59263,1.2416832447052002,0.19422104954719543,0.19422104954719543,15.115406036376953,0.9736214280128479
69470,1.2235727310180664,0.18366639316082,0.18366639316082,15.685325622558594,0.9494467973709106
