87669,1.2039570808410645,0.11289245635271072,0.11289245635271072,5.901124954223633,0.8496788740158081
66713,1.1738262176513672,0.11741244047880173,0.11741244047880173,7.181789398193359,0.8500627875328064
82333,1.1948063373565674,0.11265577375888824,0.11265577375888824,9.463347434997559,0.8314843773841858
85378,1.308840036392212,0.11281275004148483,0.11281275004148483,6.020534038543701,0.8283175230026245
83662,1.2041809558868408,0.11456864327192307,0.11456864327192307,7.02589750289917,0.833267331123352
72152,1.163985252380371,0.11591868102550507,0.11591868102550507,6.6476616859436035,0.8631007671356201
77689,1.6230647563934326,0.11298675090074539,0.11298675090074539,6.821252346038818,0.8412985801696777
81191,1.1693851947784424,0.11824404448270798,0.11824404448270798,6.504123687744141,0.8557833433151245
80685,1.5126442909240723,0.11751925200223923,0.11751925200223923,8.530792236328125,0.8665746450424194
64775,1.1874608993530273,0.11895857006311417,0.11895857006311417,9.17463493347168,0.8700119853019714
82733,1.191312313079834,0.10937723517417908,0.10937723517417908,11.355361938476562,0.8166926503181458
82777,1.2062032222747803,0.11359506845474243,0.11359506845474243,7.404402256011963,0.8422793745994568
77097,1.2032325267791748,0.11377314478158951,0.11377314478158951,6.135398864746094,0.8338244557380676
66198,1.2368791103363037,0.12131193280220032,0.12131193280220032,5.4109206199646,0.8498170375823975
74969,1.6261365413665771,0.11369647830724716,0.11369647830724716,5.699875831604004,0.8383787870407104
71016,1.659069538116455,0.1185179352760315,0.1185179352760315,5.639684200286865,0.873708963394165
72692,1.2444226741790771,0.12050560861825943,0.12050560861825943,5.692816257476807,0.8745533227920532
80462,1.7231223583221436,0.11480432748794556,0.11480432748794556,7.532469749450684,0.8331169486045837
74325,1.1603937149047852,0.11556031554937363,0.11556031554937363,10.956490516662598,0.8505076766014099
70450,1.1930663585662842,0.12075971812009811,0.12075971812009811,7.557462692260742,0.8633245229721069
61272,1.266890048980713,0.12201765179634094,0.12201765179634094,5.76339864730835,0.8752633929252625
82145,1.2616569995880127,0.11257314682006836,0.11257314682006836,9.34106159210205,0.8283655047416687
