86791,1.6596956253051758,0.21942375600337982,0.21942375600337982,20.268760681152344,1.0871988534927368
77832,1.3147296905517578,0.22431977093219757,0.22431977093219757,13.826171875,1.1105031967163086
92031,1.2298085689544678,0.2134581059217453,0.2134581059217453,11.466264724731445,1.0867846012115479
87004,1.2142128944396973,0.20998698472976685,0.20998698472976685,16.224748611450195,1.0568081140518188
90240,1.3467624187469482,0.22171878814697266,0.22171878814697266,12.290477752685547,1.0758897066116333
74350,1.2316794395446777,0.22209154069423676,0.22209154069423676,12.842924118041992,1.1034129858016968
76346,1.2923531532287598,0.2149871438741684,0.2149871438741684,11.896917343139648,1.0969152450561523
96773,1.257394790649414,0.21440492570400238,0.21440492570400238,19.093605041503906,1.0731234550476074
91051,1.1985211372375488,0.21858249604701996,0.21858249604701996,14.33553409576416,1.0855854749679565
84984,1.1769371032714844,0.23004260659217834,0.23004260659217834,26.067426681518555,1.1153944730758667
85575,1.20619797706604,0.20862825214862823,0.20862825214862823,12.44679069519043,1.0716339349746704
91410,1.203352689743042,0.21310271322727203,0.21310271322727203,12.390040397644043,1.073045015335083
96676,1.2488617897033691,0.2111276239156723,0.2111276239156723,11.205754280090332,1.0745655298233032
76403,1.470747709274292,0.23698806762695312,0.23698806762695312,11.911602020263672,1.128987193107605
83678,1.7221179008483887,0.2196965217590332,0.2196965217590332,15.902459144592285,1.1104369163513184
89275,1.441619634628296,0.23855191469192505,0.23855191469192505,10.343057632446289,1.0632168054580688
89549,1.2266197204589844,0.22509777545928955,0.22509777545928955,11.524981498718262,1.088563084602356
91771,1.2083985805511475,0.22489134967327118,0.22489134967327118,12.6119966506958,1.0790542364120483
97193,1.2987747192382812,0.20944291353225708,0.20944291353225708,10.309052467346191,1.06001615524292
100959,1.254378318786621,0.21511210501194,0.21511210501194,13.341078758239746,1.0861717462539673
62958,1.2112343311309814,0.24030926823616028,0.24030926823616028,13.399338722229004,1.142892599105835
85668,1.198653221130371,0.21409180760383606,0.21409180760383606,10.505085945129395,1.090766429901123
