98019,0.31693220138549805,0.8561457395553589,0.8561457395553589,20.663808822631836,0.9072190523147583
95568,0.2948334217071533,0.8167535662651062,0.8167535662651062,9.792366027832031,0.909522533416748
97427,0.30300426483154297,0.8620800375938416,0.8620800375938416,5.0263190269470215,0.8959424495697021
97801,0.3036360740661621,1.1490833759307861,1.1490833759307861,5.70112419128418,0.906937301158905
102471,0.3239467144012451,1.2129120826721191,1.2129120826721191,5.658023834228516,0.9150199890136719
96119,0.29172587394714355,1.0548772811889648,1.0548772811889648,5.031772136688232,0.8939411044120789
101767,0.30995965003967285,0.9493159651756287,0.9493159651756287,5.415426731109619,0.8922457695007324
101718,0.31125783920288086,1.0252765417099,1.0252765417099,4.66691255569458,0.8957371711730957
100776,0.307781457901001,1.0828388929367065,1.0828388929367065,6.7809858322143555,0.9295719265937805
102268,0.3103337287902832,0.8577768206596375,0.8577768206596375,5.376570701599121,0.8941230773925781
95682,0.31490015983581543,1.0643985271453857,1.0643985271453857,4.911868572235107,0.8861648440361023
104040,0.31710147857666016,0.8880547285079956,0.8880547285079956,9.837200164794922,0.8806780576705933
100795,0.3155674934387207,0.8280881643295288,0.8280881643295288,7.153230667114258,0.9152687788009644
100153,0.3003220558166504,1.2129404544830322,1.2129404544830322,5.908827781677246,0.8863306045532227
100784,0.31075596809387207,inf,inf,5.3925580978393555,0.8933523297309875
101925,0.40818166732788086,0.9538503885269165,0.9538503885269165,5.172828197479248,0.894609808921814
94364,0.3036057949066162,0.8260183930397034,0.8260183930397034,7.252405166625977,0.9056480526924133
98023,0.2966325283050537,1.365628719329834,1.365628719329834,9.73949909210205,0.9088011980056763
97715,0.2914597988128662,1.049153208732605,1.049153208732605,4.960170745849609,0.9051343202590942
100544,0.2995450496673584,0.9424784183502197,0.9424784183502197,6.6409592628479,0.9122181534767151
98851,0.3343019485473633,0.8919100761413574,0.8919100761413574,7.6528849601745605,0.8935481905937195
98912,0.30754709243774414,1.6498799324035645,1.6498799324035645,4.986612796783447,0.8940116167068481
