85574,0.7568943500518799,0.2860037684440613,0.2860037684440613,17.100622177124023,1.2386438846588135
97701,0.674018383026123,0.2861827313899994,0.2861827313899994,21.036239624023438,1.2393215894699097
87419,0.6604559421539307,0.28292763233184814,0.28292763233184814,19.427051544189453,1.2327377796173096
98842,0.6963810920715332,0.2917860448360443,0.2917860448360443,22.99547576904297,1.2509865760803223
99063,0.6980488300323486,0.286594420671463,0.286594420671463,24.171615600585938,1.2408117055892944
90667,0.6476578712463379,0.29620257019996643,0.29620257019996643,17.746097564697266,1.236388087272644
94357,0.6583061218261719,0.2861585319042206,0.2861585319042206,30.8201847076416,1.2352776527404785
88971,0.6721892356872559,0.2925933599472046,0.2925933599472046,21.05458641052246,1.254380464553833
95309,0.6486465930938721,0.29271915555000305,0.29271915555000305,20.399370193481445,1.254908561706543
105765,0.6585879325866699,0.2810591757297516,0.2810591757297516,24.07129669189453,1.2364532947540283
89634,0.7158362865447998,0.2956976592540741,0.2956976592540741,22.920324325561523,1.2511643171310425
85713,0.6526968479156494,0.29138025641441345,0.29138025641441345,18.094940185546875,1.2581983804702759
100061,0.692718505859375,0.2804792821407318,0.2804792821407318,29.83274269104004,1.2328909635543823
113048,0.6483297348022461,0.2866388261318207,0.2866388261318207,17.58138084411621,1.246075987815857
99435,0.6634504795074463,0.2814497649669647,0.2814497649669647,18.243953704833984,1.2405396699905396
85348,0.6717901229858398,0.2868140935897827,0.2868140935897827,21.15778350830078,1.2462197542190552
102230,0.6525716781616211,0.27902641892433167,0.27902641892433167,18.73949432373047,1.2319916486740112
95927,0.6643435955047607,0.28610047698020935,0.28610047698020935,20.134244918823242,1.234073281288147
99026,0.6673038005828857,0.2877066731452942,0.2877066731452942,42.4293327331543,1.2362725734710693
93685,0.6644904613494873,0.2898329794406891,0.2898329794406891,23.22113609313965,1.2430088520050049
105668,0.6443846225738525,0.28514599800109863,0.28514599800109863,24.89115333557129,1.242875337600708
86396,0.6544923782348633,0.28121939301490784,0.28121939301490784,19.399532318115234,1.2325581312179565
