71495,0.7857344150543213,0.2368200421333313,0.2368200421333313,37.583221435546875,1.2579236030578613
68627,0.7516782283782959,0.2459782063961029,0.2459782063961029,27.68779182434082,1.2296229600906372
72123,0.7539911270141602,0.2697211503982544,0.2697211503982544,20.092105865478516,1.2272711992263794
70413,0.743330717086792,0.24641183018684387,0.24641183018684387,53.147132873535156,1.236733317375183
67944,0.7645668983459473,0.2433939427137375,0.2433939427137375,24.208833694458008,1.2294435501098633
73225,0.7280004024505615,0.28543052077293396,0.28543052077293396,20.148235321044922,1.2702739238739014
68572,0.7286784648895264,0.23529115319252014,0.23529115319252014,19.716920852661133,1.2273139953613281
69066,0.7319424152374268,0.2258681356906891,0.2258681356906891,19.32430648803711,1.2147608995437622
68284,0.7065553665161133,0.28210562467575073,0.28210562467575073,32.721580505371094,1.2295171022415161
69906,0.7060530185699463,0.23351173102855682,0.23351173102855682,24.434171676635742,1.19473135471344
71233,0.6959965229034424,0.24990235269069672,0.24990235269069672,38.54124069213867,1.2224949598312378
71498,0.7689743041992188,0.23700664937496185,0.23700664937496185,19.136154174804688,1.2361984252929688
66550,0.7109639644622803,0.25218719244003296,0.25218719244003296,20.357362747192383,1.2370182275772095
68138,0.7053248882293701,0.22296647727489471,0.22296647727489471,22.536684036254883,1.1953243017196655
73692,0.7299551963806152,0.22292567789554596,0.22292567789554596,30.228229522705078,1.2147897481918335
69230,0.6945028305053711,0.23995628952980042,0.23995628952980042,26.931655883789062,1.227368950843811
66516,0.7324564456939697,0.23614120483398438,0.23614120483398438,20.28595542907715,1.267059564590454
72071,0.7088916301727295,0.2311859130859375,0.2311859130859375,18.89813804626465,1.2458093166351318
68621,0.6797420978546143,0.4301918148994446,0.4301918148994446,22.078411102294922,1.2301135063171387
66906,0.7093715667724609,0.2524901032447815,0.2524901032447815,57.923583984375,1.2399348020553589
68463,0.6846926212310791,inf,inf,21.227487564086914,1.2020026445388794
71216,0.6711900234222412,0.23207952082157135,0.23207952082157135,27.188634872436523,1.3056973218917847
