76728,17.335461616516113,0.397335946559906,0.397335946559906,8.573234558105469,0.7684519290924072
76229,15.082866430282593,0.40025943517684937,0.40025943517684937,8.070816040039062,0.794406533241272
76495,16.118617296218872,0.3789792060852051,0.3789792060852051,8.157232284545898,0.759185254573822
76480,15.56832242012024,inf,inf,11.632655143737793,0.7215384840965271
75977,16.111031770706177,inf,inf,10.248294830322266,0.7254607081413269
76310,16.224953174591064,0.3772987723350525,0.3772987723350525,7.773179531097412,0.8446879386901855
76655,15.33529019355774,0.3893590569496155,0.3893590569496155,9.231788635253906,0.721878707408905
76613,16.36828374862671,0.429076611995697,0.429076611995697,7.5548834800720215,0.7801610231399536
76101,15.353299379348755,0.443291038274765,0.443291038274765,10.42026424407959,0.7806600332260132
75550,16.04705286026001,inf,inf,15.443998336791992,0.7573163509368896
76341,14.944313526153564,0.34252670407295227,0.34252670407295227,7.526942729949951,0.6803163886070251
76382,15.781012773513794,0.3826863765716553,0.3826863765716553,19.90627670288086,0.7275968194007874
76159,15.146334171295166,0.4193578362464905,0.4193578362464905,10.361184120178223,0.7953333854675293
75586,14.85522723197937,0.5103324055671692,0.5103324055671692,11.841188430786133,0.8327817320823669
76219,14.945139169692993,0.3521856367588043,0.3521856367588043,9.924501419067383,0.7512299418449402
76319,15.202483654022217,0.5082381367683411,0.5082381367683411,11.794673919677734,0.7451598048210144
75549,15.160454034805298,0.48981913924217224,0.48981913924217224,13.090609550476074,0.8212183713912964
76125,14.755982160568237,inf,inf,13.100711822509766,0.757835328578949
76213,15.227920293807983,0.4163948893547058,0.4163948893547058,14.235550880432129,0.7816935181617737
76367,15.584074020385742,0.3859824538230896,0.3859824538230896,13.301278114318848,0.7219136953353882
75495,15.115552186965942,inf,inf,30.44882583618164,0.8327224850654602
76275,15.4701247215271,0.4108720123767853,0.4108720123767853,9.043645858764648,0.7145354747772217
