82979,0.7285473346710205,3.096923351287842,3.096923351287842,7.240197658538818,1.1087431907653809
101090,0.6725387573242188,3.8997113704681396,3.8997113704681396,9.905991554260254,1.11939537525177
80001,0.688765287399292,3.393160581588745,3.393160581588745,5.413033962249756,1.1233679056167603
89182,0.6418755054473877,2.7947890758514404,2.7947890758514404,5.371165752410889,1.1263291835784912
93784,0.6600143909454346,inf,inf,5.7812628746032715,1.1251115798950195
85073,0.6628751754760742,2.928830146789551,2.928830146789551,5.941201686859131,1.1191494464874268
89436,0.6528525352478027,3.005911350250244,3.005911350250244,6.666048049926758,1.1099032163619995
91959,0.6559710502624512,3.193498373031616,3.193498373031616,5.665586948394775,1.1232812404632568
93544,0.6821548938751221,3.400782823562622,3.400782823562622,5.1609883308410645,1.131900429725647
102212,0.6548926830291748,2.900367021560669,2.900367021560669,5.709987163543701,1.1295450925827026
88224,0.6481611728668213,3.0900163650512695,3.0900163650512695,8.388566017150879,1.1193161010742188
86102,0.6621353626251221,3.0764236450195312,3.0764236450195312,5.634716510772705,1.1106997728347778
81893,0.6782393455505371,2.7509496212005615,2.7509496212005615,5.84019136428833,1.1264104843139648
97325,0.6592047214508057,3.6301486492156982,3.6301486492156982,5.369741439819336,1.130797028541565
105285,0.6569702625274658,2.792931318283081,2.792931318283081,7.552394390106201,1.1140049695968628
90719,0.6907105445861816,3.696117401123047,3.696117401123047,7.2740797996521,1.1101009845733643
91871,0.6556382179260254,2.7232625484466553,2.7232625484466553,7.29081916809082,1.116454839706421
91133,0.6772332191467285,2.960411787033081,2.960411787033081,6.5938286781311035,1.1229132413864136
89234,0.6444673538208008,3.0487637519836426,3.0487637519836426,5.103853702545166,1.126832365989685
88211,0.6771073341369629,3.41117262840271,3.41117262840271,6.091263294219971,1.1230340003967285
106951,0.6813013553619385,2.591763496398926,2.591763496398926,54.119972229003906,1.1236381530761719
84118,0.6510510444641113,inf,inf,6.90054178237915,1.1177127361297607
