111357,0.7137057781219482,0.2488245964050293,0.2488245964050293,5.008057594299316,0.87655109167099
121797,0.6437981128692627,0.2604183852672577,0.2604183852672577,5.063776969909668,0.8889392018318176
116070,0.6513090133666992,0.24672505259513855,0.24672505259513855,5.237809181213379,0.8717898726463318
80797,0.7514915466308594,0.27500563859939575,0.27500563859939575,5.258755683898926,0.9191640019416809
87530,0.6502871513366699,0.27615371346473694,0.27615371346473694,4.792566776275635,0.9283183813095093
113648,0.661421537399292,0.26101019978523254,0.26101019978523254,4.810725212097168,0.8952431082725525
79241,0.6700289249420166,0.2700985372066498,0.2700985372066498,6.215869426727295,0.9304319024085999
97470,0.743898868560791,0.26066768169403076,0.26066768169403076,4.5231170654296875,0.899260938167572
99081,0.6560297012329102,0.26974040269851685,0.26974040269851685,3.8476710319519043,0.915510892868042
118629,0.6545090675354004,0.2646011412143707,0.2646011412143707,3.5291783809661865,0.9062752723693848
116096,0.7338693141937256,0.24256619811058044,0.24256619811058044,3.6620945930480957,0.8552025556564331
79766,0.6877820491790771,0.26785793900489807,0.26785793900489807,4.532610893249512,0.9102067351341248
106676,0.703777551651001,0.272227019071579,0.272227019071579,4.538103103637695,0.8968868851661682
122945,0.6616151332855225,0.2688893675804138,0.2688893675804138,3.5993082523345947,0.908035933971405
114631,0.6595802307128906,0.25109758973121643,0.25109758973121643,5.3148651123046875,0.8824822306632996
94020,0.6782028675079346,0.25878503918647766,0.25878503918647766,4.317117214202881,0.8916945457458496
121260,0.6506292819976807,0.26252108812332153,0.26252108812332153,3.905311346054077,0.8895488381385803
86206,0.6503386497497559,0.2756412625312805,0.2756412625312805,5.2198004722595215,0.9355089664459229
87785,0.6547400951385498,0.26564618945121765,0.26564618945121765,4.836714744567871,0.9022109508514404
79925,0.6542801856994629,0.2866087555885315,0.2866087555885315,4.462916851043701,0.915687084197998
113833,0.6635849475860596,0.2645282745361328,0.2645282745361328,5.61605167388916,0.9115408062934875
121649,0.651252031326294,0.2771132290363312,0.2771132290363312,4.9540534019470215,0.8682551383972168
