38329,7.381438970565796,0.23840652406215668,0.23840652406215668,27.0145320892334,1.2188611030578613
37118,6.256074905395508,0.23733793199062347,0.23733793199062347,31.020944595336914,1.207227110862732
37828,6.551437616348267,0.22881795465946198,0.22881795465946198,25.869976043701172,1.2223803997039795
37854,6.073425054550171,0.24648305773735046,0.24648305773735046,69.02629089355469,1.1861547231674194
37864,6.4658215045928955,0.24270573258399963,0.24270573258399963,54.85101318359375,1.2212764024734497
37311,6.556363105773926,0.27740854024887085,0.27740854024887085,29.38968849182129,1.2609305381774902
38057,6.574336528778076,inf,inf,24.191736221313477,1.2228378057479858
37945,6.6232240200042725,0.27851977944374084,0.27851977944374084,51.08414077758789,1.2158056497573853
37702,6.099970579147339,0.23086805641651154,0.23086805641651154,21.983463287353516,1.1933261156082153
35910,6.068265438079834,0.24916331470012665,0.24916331470012665,39.60557556152344,1.2237669229507446
37736,5.927988052368164,0.23315051198005676,0.23315051198005676,24.56559181213379,1.220210075378418
37621,6.3115105628967285,0.2790294885635376,0.2790294885635376,40.94859313964844,1.206050157546997
37209,6.265548944473267,0.24281281232833862,0.24281281232833862,35.104583740234375,1.1964471340179443
35784,6.002357006072998,0.23155167698860168,0.23155167698860168,28.041677474975586,1.2041746377944946
37287,6.2701575756073,0.23445621132850647,0.23445621132850647,37.019691467285156,1.1891216039657593
37391,5.981370210647583,0.25588351488113403,0.25588351488113403,31.54465103149414,1.2346209287643433
35939,6.395885944366455,0.2361798733472824,0.2361798733472824,26.350934982299805,1.2469303607940674
37397,6.433066368103027,0.22531256079673767,0.22531256079673767,23.363847732543945,1.1939866542816162
37405,6.3000781536102295,inf,inf,42.816612243652344,1.2304977178573608
37761,6.06765079498291,0.22970861196517944,0.22970861196517944,24.455303192138672,1.1867516040802002
35987,6.308515310287476,0.2847819924354553,0.2847819924354553,42.275733947753906,1.228679895401001
37399,6.50937032699585,0.23374490439891815,0.23374490439891815,29.830055236816406,1.1764308214187622
