34013,3.2657337188720703,0.6616368293762207,0.6616368293762207,3.6683685779571533,0.9057031869888306
28981,3.4719066619873047,0.6654636263847351,0.6654636263847351,3.85026478767395,0.9225430488586426
32713,3.3857245445251465,1.0508476495742798,1.0508476495742798,4.207077980041504,0.9149613976478577
31021,3.7454886436462402,0.7166991233825684,0.7166991233825684,3.6564245223999023,0.9164180159568787
29469,3.5334227085113525,0.638472318649292,0.638472318649292,3.743896007537842,0.9045887589454651
30109,3.8804402351379395,0.6105532646179199,0.6105532646179199,3.883821964263916,0.909751832485199
32265,3.803971529006958,0.5804146528244019,0.5804146528244019,4.280706405639648,0.9063310623168945
32367,3.912619113922119,0.6848270893096924,0.6848270893096924,3.792587995529175,0.9080052375793457
30731,3.3877105712890625,0.592461347579956,0.592461347579956,5.317327499389648,0.9183409810066223
28131,3.3281686305999756,0.7566967606544495,0.7566967606544495,3.8162264823913574,0.9563674330711365
31390,3.520059823989868,0.5828389525413513,0.5828389525413513,3.8918135166168213,0.9138776063919067
31732,3.5939724445343018,0.7006528973579407,0.7006528973579407,4.143258571624756,0.9183093309402466
30636,3.3726274967193604,0.5823606848716736,0.5823606848716736,3.574728012084961,0.9184219241142273
27864,3.1156797409057617,0.8036475777626038,0.8036475777626038,3.81611704826355,0.9392826557159424
33419,3.3844456672668457,0.5664621591567993,0.5664621591567993,4.689651012420654,0.8984934091567993
31571,3.192922353744507,0.653758704662323,0.653758704662323,4.129410743713379,0.9007555842399597
31104,3.3134217262268066,0.6357095241546631,0.6357095241546631,9.556333541870117,0.9064300060272217
30055,3.723745346069336,0.619431734085083,0.619431734085083,4.799389839172363,0.9211704730987549
32322,3.1452138423919678,0.5835795402526855,0.5835795402526855,5.119023323059082,0.8894644975662231
32038,3.501243829727173,0.6225520372390747,0.6225520372390747,4.173625469207764,0.914350688457489
27909,3.751127243041992,0.6580982208251953,0.6580982208251953,4.214475154876709,0.9241888523101807
32720,3.192568778991699,0.644576907157898,0.644576907157898,3.9173085689544678,0.9282482266426086
