84606,0.31747984886169434,0.1941356360912323,0.1941356360912323,27.74431610107422,1.0822302103042603
87213,0.3128194808959961,0.19857431948184967,0.19857431948184967,19.438785552978516,1.1319453716278076
86419,0.32985925674438477,0.1930818110704422,0.1930818110704422,15.441425323486328,1.0908458232879639
85234,0.3246307373046875,0.19661086797714233,0.19661086797714233,22.271833419799805,1.1420739889144897
83520,0.4313838481903076,0.20064041018486023,0.20064041018486023,18.883901596069336,1.1611038446426392
87877,0.3053913116455078,0.19111251831054688,0.19111251831054688,17.16649627685547,1.062519907951355
86572,0.3093740940093994,0.18990011513233185,0.18990011513233185,15.761239051818848,1.061826467514038
88899,0.3108794689178467,0.19047081470489502,0.19047081470489502,17.550752639770508,1.072703242301941
85949,0.30619215965270996,0.20401982963085175,0.20401982963085175,22.712034225463867,1.1531217098236084
86588,0.37088966369628906,0.19957850873470306,0.19957850873470306,18.531423568725586,1.0813381671905518
84216,0.3157510757446289,0.19321739673614502,0.19321739673614502,21.533674240112305,1.123324990272522
87592,0.3062930107116699,0.19261568784713745,0.19261568784713745,20.50322151184082,1.1318435668945312
85888,0.32731080055236816,0.19970984756946564,0.19970984756946564,15.64824390411377,1.157623529434204
85927,0.3071253299713135,0.19970738887786865,0.19970738887786865,39.740013122558594,1.115682601928711
86455,0.3363919258117676,0.19585838913917542,0.19585838913917542,23.623186111450195,1.1326180696487427
86617,0.3639504909515381,0.19574663043022156,0.19574663043022156,17.555871963500977,1.1458913087844849
84645,0.476071834564209,0.1968114972114563,0.1968114972114563,17.1944580078125,1.0937141180038452
89212,0.4777107238769531,0.19586887955665588,0.19586887955665588,18.795217514038086,1.074846625328064
83975,0.5007674694061279,0.19726009666919708,0.19726009666919708,20.842370986938477,1.1159430742263794
85453,0.32498884201049805,0.1998550146818161,0.1998550146818161,28.12926483154297,1.15102219581604
85547,0.3482980728149414,0.19743750989437103,0.19743750989437103,15.229856491088867,1.1311092376708984
88658,0.4638669490814209,0.19157440960407257,0.19157440960407257,22.938241958618164,1.060752511024475
