113673,0.1889033317565918,0.16489464044570923,0.16489464044570923,16.505779266357422,0.9923661947250366
110077,0.1774272918701172,0.17483392357826233,0.17483392357826233,14.652443885803223,1.0076758861541748
111035,0.17710041999816895,0.16673710942268372,0.16673710942268372,11.434417724609375,0.9834511876106262
111454,0.1829838752746582,0.1684168577194214,0.1684168577194214,18.076496124267578,0.990531325340271
118131,0.18024873733520508,0.1742526888847351,0.1742526888847351,21.087711334228516,1.0129039287567139
111669,0.1753537654876709,0.1674267053604126,0.1674267053604126,54.009830474853516,0.9942433834075928
111164,0.1859889030456543,0.16396133601665497,0.16396133601665497,13.720911026000977,0.9967103600502014
114419,0.185866117477417,0.16464100778102875,0.16464100778102875,22.978994369506836,0.9748898148536682
117577,0.1848902702331543,0.1846405416727066,0.1846405416727066,19.752910614013672,1.0261117219924927
115718,0.19190192222595215,0.173574298620224,0.173574298620224,26.391355514526367,1.0036488771438599
112952,0.18813061714172363,0.15904738008975983,0.15904738008975983,13.700900077819824,0.9779019951820374
112849,0.19040679931640625,0.15985220670700073,0.15985220670700073,22.202274322509766,0.966591477394104
119130,0.1832742691040039,0.17215651273727417,0.17215651273727417,13.4263277053833,1.0133168697357178
112911,0.18254566192626953,0.1699124574661255,0.1699124574661255,13.93160629272461,0.997075617313385
114191,0.1817030906677246,0.1684805005788803,0.1684805005788803,13.532689094543457,1.0009592771530151
112118,0.2132244110107422,0.1781313568353653,0.1781313568353653,17.390520095825195,0.9922201633453369
111592,0.1759786605834961,0.1711353361606598,0.1711353361606598,14.880876541137695,1.0159687995910645
114454,0.17719721794128418,0.16764633357524872,0.16764633357524872,13.756546020507812,0.9932807087898254
120787,0.17598319053649902,0.17204681038856506,0.17204681038856506,18.497861862182617,1.0029067993164062
114944,0.17742276191711426,0.17247796058654785,0.17247796058654785,14.063173294067383,1.0073288679122925
113622,0.17940616607666016,0.17017515003681183,0.17017515003681183,17.4893741607666,1.0089927911758423
113288,0.17823004722595215,0.16672572493553162,0.16672572493553162,40.469871520996094,0.9965896010398865
