100114,0.3018016815185547,0.13916055858135223,0.13916055858135223,10.520185470581055,0.9180566668510437
105376,0.30149173736572266,0.14680296182632446,0.14680296182632446,9.126481056213379,0.9424259066581726
102645,0.29938793182373047,0.13931414484977722,0.13931414484977722,10.96600341796875,0.9268630743026733
100925,0.30852580070495605,0.1406901478767395,0.1406901478767395,10.995184898376465,0.9355250000953674
102678,0.33484816551208496,0.14583934843540192,0.14583934843540192,17.279003143310547,0.9479925632476807
108046,0.2939004898071289,0.14334294199943542,0.14334294199943542,10.97146987915039,0.940282940864563
105750,0.42890357971191406,0.13863597810268402,0.13863597810268402,11.472743034362793,0.9311336278915405
102406,0.2956061363220215,0.1394394338130951,0.1394394338130951,28.780895233154297,0.915558934211731
101129,0.29141879081726074,0.14586329460144043,0.14586329460144043,9.74017333984375,0.9477256536483765
111843,0.2934577465057373,0.14813406765460968,0.14813406765460968,9.776579856872559,0.9475893378257751
100693,0.37999558448791504,0.1379733830690384,0.1379733830690384,12.351174354553223,0.9161860942840576
108658,0.29641056060791016,0.13897214829921722,0.13897214829921722,13.281166076660156,0.940555989742279
102946,0.3338296413421631,0.1420663297176361,0.1420663297176361,9.420735359191895,0.9395086765289307
113194,0.29575276374816895,0.1501658856868744,0.1501658856868744,10.444531440734863,0.9487470984458923
100637,0.30178380012512207,0.14065636694431305,0.14065636694431305,14.725308418273926,0.9311684370040894
99708,0.3047635555267334,0.14030057191848755,0.14030057191848755,10.258769989013672,0.9199442863464355
106847,0.2947838306427002,0.14490994811058044,0.14490994811058044,14.191036224365234,0.9391964077949524
106202,0.2957041263580322,0.14370153844356537,0.14370153844356537,10.11761474609375,0.9330365657806396
97505,0.2904188632965088,0.14084018766880035,0.14084018766880035,22.811471939086914,0.9287195801734924
102921,0.33858227729797363,0.14309313893318176,0.14309313893318176,12.417561531066895,0.9410583972930908
112320,0.298633337020874,0.14744818210601807,0.14744818210601807,12.475852012634277,0.9497283101081848
109369,0.3022427558898926,0.14025276899337769,0.14025276899337769,10.892953872680664,0.9268683195114136
