96890,0.18961882591247559,0.10291244834661484,0.10291244834661484,11.436169624328613,0.7858412861824036
97320,0.18158841133117676,0.10185739398002625,0.10185739398002625,6.39182710647583,0.7931613326072693
97367,0.18122267723083496,0.10108188539743423,0.10108188539743423,11.0779447555542,0.7811661958694458
100777,0.18023896217346191,0.10694102942943573,0.10694102942943573,22.8487491607666,0.7885938286781311
98954,0.18390870094299316,0.11084997653961182,0.11084997653961182,8.762290000915527,0.8093589544296265
95926,0.17418193817138672,0.10485910624265671,0.10485910624265671,6.73962926864624,0.803624153137207
97317,0.17548775672912598,0.10314557701349258,0.10314557701349258,12.914881706237793,0.7847791910171509
100548,0.17790603637695312,0.1039661318063736,0.1039661318063736,32.88557052612305,0.7881231307983398
103266,0.17628049850463867,0.11479193717241287,0.11479193717241287,8.834528923034668,0.8081461787223816
97857,0.17904925346374512,0.10822936147451401,0.10822936147451401,13.81499195098877,0.7961294651031494
97147,0.18089795112609863,0.10295554250478745,0.10295554250478745,7.424025535583496,0.7735435962677002
99784,0.17828822135925293,0.1063263937830925,0.1063263937830925,41.608333587646484,0.7750439047813416
100933,0.18218564987182617,0.10708479583263397,0.10708479583263397,7.351881980895996,0.7952483296394348
99573,0.18276762962341309,0.10313732922077179,0.10313732922077179,7.96174955368042,0.7961618900299072
100489,0.18529415130615234,0.13692720234394073,0.13692720234394073,46.87394714355469,0.7830889225006104
98137,0.17462682723999023,0.10383933037519455,0.10383933037519455,7.859190940856934,0.7857927083969116
96968,0.1758582592010498,0.10442528128623962,0.10442528128623962,13.713339805603027,0.8006553053855896
101807,0.17850518226623535,0.10301942378282547,0.10301942378282547,9.269225120544434,0.7941296100616455
101615,0.17870712280273438,0.10347811877727509,0.10347811877727509,18.295150756835938,0.7901582717895508
101948,0.17629170417785645,0.10412047058343887,0.10412047058343887,12.735845565795898,0.7913478016853333
99013,0.18155360221862793,0.11071206629276276,0.11071206629276276,19.096960067749023,0.7956495881080627
98303,0.17766714096069336,0.10056353360414505,0.10056353360414505,6.689760208129883,0.783799946308136
