88783,0.32501745223999023,0.3540840744972229,0.3540840744972229,4.450357913970947,0.8650170564651489
90963,0.33379435539245605,0.3594192564487457,0.3594192564487457,4.378923416137695,0.8722081780433655
90472,0.2920560836791992,0.3400682806968689,0.3400682806968689,4.652744293212891,0.862312912940979
90844,0.3025975227355957,0.37656089663505554,0.37656089663505554,6.155040740966797,0.8666529655456543
88031,0.3008127212524414,0.4208114445209503,0.4208114445209503,5.265720844268799,0.8920724391937256
92714,0.29091405868530273,0.3653944432735443,0.3653944432735443,5.231687545776367,0.854789674282074
90971,0.2919151782989502,0.3591732382774353,0.3591732382774353,4.765650749206543,0.8626297116279602
89616,0.31944775581359863,0.36735159158706665,0.36735159158706665,4.783383846282959,0.8660503029823303
92513,0.29992246627807617,0.36243951320648193,0.36243951320648193,40.77069091796875,0.8935171961784363
90536,0.3141214847564697,0.35622110962867737,0.35622110962867737,4.789163589477539,0.8707355856895447
86189,0.3038160800933838,0.3499620258808136,0.3499620258808136,4.467370510101318,0.8567827343940735
95165,0.35806870460510254,0.3590395748615265,0.3590395748615265,4.229942321777344,0.8557593822479248
93550,0.3034534454345703,0.35492196679115295,0.35492196679115295,5.3932905197143555,0.8774712085723877
87381,0.2988705635070801,0.3473319709300995,0.3473319709300995,5.171483993530273,0.8729798197746277
89827,0.3001406192779541,0.3581209182739258,0.3581209182739258,5.262045383453369,0.8681360483169556
87708,0.2917807102203369,0.35433700680732727,0.35433700680732727,5.272934436798096,0.8703216910362244
89399,0.29605770111083984,0.32343193888664246,0.32343193888664246,5.083924770355225,0.8770895600318909
92119,0.29302334785461426,0.33778735995292664,0.33778735995292664,5.791207313537598,0.8705553412437439
88368,0.29170656204223633,0.36322376132011414,0.36322376132011414,5.357594966888428,0.8806426525115967
92645,0.30216193199157715,0.34546175599098206,0.34546175599098206,8.450122833251953,0.875762403011322
88834,0.29273056983947754,0.3388145864009857,0.3388145864009857,4.181811332702637,0.8683492541313171
89231,0.29708337783813477,0.34266117215156555,0.34266117215156555,4.821157455444336,0.8655884861946106
