89486,0.7074980735778809,0.08094346523284912,0.08094346523284912,8.709649085998535,0.7473569512367249
90369,0.6564548015594482,0.08234753459692001,0.08234753459692001,9.017817497253418,0.7589311599731445
89931,0.6567873954772949,0.08147267997264862,0.08147267997264862,5.263084888458252,0.75071781873703
90362,0.6760909557342529,0.08112981915473938,0.08112981915473938,9.169182777404785,0.7566088438034058
89142,0.6811642646789551,0.08307741582393646,0.08307741582393646,8.152848243713379,0.750090479850769
90537,0.6579189300537109,0.08142473548650742,0.08142473548650742,5.539775848388672,0.7447317242622375
92141,0.6475701332092285,0.08085384964942932,0.08085384964942932,6.344761848449707,0.7556551694869995
95635,0.6598501205444336,0.08110450208187103,0.08110450208187103,6.958348751068115,0.7487004399299622
89370,0.6556556224822998,0.08468973636627197,0.08468973636627197,10.108799934387207,0.7640547752380371
88665,0.6682181358337402,0.08222325146198273,0.08222325146198273,6.433742046356201,0.7458905577659607
88814,0.6714611053466797,0.0799029991030693,0.0799029991030693,5.367384910583496,0.7475576996803284
92433,0.6494765281677246,0.0802333727478981,0.0802333727478981,8.561027526855469,0.7519824504852295
88260,0.6466879844665527,0.08271214365959167,0.08271214365959167,14.300422668457031,0.7556260824203491
89216,0.6601221561431885,0.08249255269765854,0.08249255269765854,28.594968795776367,0.7443253993988037
88559,0.6820054054260254,0.08164337277412415,0.08164337277412415,5.644444942474365,0.7534230947494507
95897,0.6517171859741211,0.08148817718029022,0.08148817718029022,15.641927719116211,0.756192684173584
87244,0.6659839153289795,0.08211169391870499,0.08211169391870499,8.00527572631836,0.7487401366233826
94202,0.6637036800384521,0.08178935199975967,0.08178935199975967,14.191995620727539,0.7555639743804932
90664,0.6639535427093506,0.08138854801654816,0.08138854801654816,7.871832847595215,0.7522261738777161
90325,0.6474239826202393,0.08170394599437714,0.08170394599437714,16.53849983215332,0.7525144219398499
86782,0.6674444675445557,0.08212355524301529,0.08212355524301529,6.354488372802734,0.7439813017845154
91558,0.658909797668457,0.08071795105934143,0.08071795105934143,6.583639621734619,0.74387127161026
