94277,0.18197417259216309,0.15384554862976074,0.15384554862976074,13.945306777954102,0.9707791209220886
90474,0.18489313125610352,0.13723579049110413,0.13723579049110413,17.28160858154297,0.9650224447250366
90253,0.1846756935119629,0.1344534009695053,0.1344534009695053,21.935752868652344,0.9648622870445251
90832,0.18505477905273438,0.1345941126346588,0.1345941126346588,13.889303207397461,0.9796869158744812
91054,0.1962733268737793,0.13661959767341614,0.13661959767341614,14.056598663330078,0.9885933995246887
91010,0.17425155639648438,0.12794917821884155,0.12794917821884155,14.329883575439453,0.9461683630943298
93191,0.19068527221679688,0.16355419158935547,0.16355419158935547,287.884765625,0.9548751711845398
93425,0.18515419960021973,0.12731647491455078,0.12731647491455078,19.867998123168945,0.9630809426307678
94017,0.17595458030700684,0.14050067961215973,0.14050067961215973,16.715761184692383,1.00005304813385
91488,0.19107961654663086,0.13251718878746033,0.13251718878746033,14.708717346191406,0.9614859223365784
89228,0.18982458114624023,0.14393293857574463,0.14393293857574463,22.537273406982422,0.957821249961853
91587,0.17846012115478516,0.13024793565273285,0.13024793565273285,38.24515914916992,0.94974684715271
92834,0.1787889003753662,0.13693448901176453,0.13693448901176453,17.268247604370117,0.9902627468109131
90968,0.18469834327697754,0.15832383930683136,0.15832383930683136,14.809581756591797,0.95878005027771
93245,0.18528437614440918,0.1289018988609314,0.1289018988609314,14.239153861999512,0.9615031480789185
94251,0.19029474258422852,0.13056202232837677,0.13056202232837677,18.587703704833984,0.9686151146888733
89531,0.1875448226928711,0.1315111517906189,0.1315111517906189,16.860639572143555,0.9792059659957886
91094,0.17743706703186035,0.1318630427122116,0.1318630427122116,15.527427673339844,0.9671964645385742
91369,0.17329144477844238,0.13435658812522888,0.13435658812522888,16.621158599853516,0.9794414639472961
89966,0.17670583724975586,0.13643169403076172,0.13643169403076172,18.192960739135742,0.9908081889152527
89827,0.1859130859375,0.13146235048770905,0.13146235048770905,14.374612808227539,0.961877703666687
94521,0.1841874122619629,0.13110101222991943,0.13110101222991943,15.493484497070312,0.952947735786438
