88390,0.736914873123169,0.2145587056875229,0.2145587056875229,34.88592529296875,1.0705541372299194
89315,0.6740298271179199,0.22152209281921387,0.22152209281921387,16.346467971801758,1.0604863166809082
87002,0.6829750537872314,0.21609540283679962,0.21609540283679962,73.75137329101562,1.0732100009918213
91872,0.6521823406219482,0.22967354953289032,0.22967354953289032,22.012100219726562,1.0782663822174072
87580,0.6648762226104736,0.25749626755714417,0.25749626755714417,11.180137634277344,1.0747734308242798
91622,0.7383451461791992,0.2182851880788803,0.2182851880788803,11.128779411315918,1.0544215440750122
93138,0.6499300003051758,0.2260039746761322,0.2260039746761322,22.98700714111328,1.053550362586975
92895,0.6691813468933105,0.22828751802444458,0.22828751802444458,12.232865333557129,1.056123971939087
93537,0.6771271228790283,0.2427167296409607,0.2427167296409607,15.892743110656738,1.0835068225860596
87350,0.6576812267303467,0.2266457974910736,0.2266457974910736,20.03193473815918,1.077928066253662
85480,0.659151554107666,0.23295575380325317,0.23295575380325317,9.936741828918457,1.0709713697433472
99646,0.6773681640625,0.2191697359085083,0.2191697359085083,15.286999702453613,1.0698397159576416
88993,0.6975607872009277,0.23331496119499207,0.23331496119499207,12.241623878479004,1.067246675491333
86829,0.6657860279083252,0.22316525876522064,0.22316525876522064,14.917469024658203,1.0798006057739258
90277,0.7082352638244629,0.22541581094264984,0.22541581094264984,13.047276496887207,1.075493574142456
91631,0.6800298690795898,0.21775777637958527,0.21775777637958527,19.552961349487305,1.0741822719573975
83158,0.6651983261108398,0.24278241395950317,0.24278241395950317,16.972686767578125,1.0548423528671265
92728,0.6781840324401855,0.2182820588350296,0.2182820588350296,12.45043659210205,1.0686978101730347
90767,0.6530702114105225,0.2207992821931839,0.2207992821931839,12.031257629394531,1.0701963901519775
87490,0.674628734588623,0.22651749849319458,0.22651749849319458,12.463403701782227,1.0729926824569702
84545,0.6627542972564697,0.21985332667827606,0.21985332667827606,21.789451599121094,1.0560832023620605
90422,0.6500940322875977,0.2346383035182953,0.2346383035182953,10.014182090759277,1.063932180404663
