74451,0.7418954372406006,inf,inf,7.17700719833374,1.1523325443267822
74556,0.6652381420135498,4.224303245544434,4.224303245544434,6.087912082672119,1.1465586423873901
75974,0.6894564628601074,3.585642099380493,3.585642099380493,5.33836555480957,1.1491527557373047
76889,0.6868569850921631,4.1657891273498535,4.1657891273498535,5.667025089263916,1.139581322669983
72954,0.6801788806915283,4.029910087585449,4.029910087585449,5.970306396484375,1.171883463859558
77783,0.6587657928466797,5.905338287353516,5.905338287353516,6.012880802154541,1.159667730331421
78749,0.7296171188354492,4.080131530761719,4.080131530761719,13.40595817565918,1.1507211923599243
78630,0.6704123020172119,4.711014747619629,4.711014747619629,9.317575454711914,1.1376980543136597
72398,0.6707732677459717,3.79876446723938,3.79876446723938,8.180419921875,1.145169973373413
89339,0.6527066230773926,inf,inf,5.4036335945129395,1.1628131866455078
77455,0.6625156402587891,5.092217445373535,5.092217445373535,5.805706024169922,1.1349656581878662
77004,0.6727609634399414,3.8001697063446045,3.8001697063446045,6.739243507385254,1.13137948513031
86240,0.6723911762237549,4.057957649230957,4.057957649230957,5.576853275299072,1.1545356512069702
86709,0.6659162044525146,4.162031650543213,4.162031650543213,41.892333984375,1.1555248498916626
82090,0.6492288112640381,3.615361213684082,3.615361213684082,6.809981822967529,1.149577260017395
76494,0.6670989990234375,4.843280792236328,4.843280792236328,9.026252746582031,1.1481462717056274
68474,0.6552021503448486,4.399107933044434,4.399107933044434,6.808025360107422,1.1616312265396118
81574,0.6613330841064453,4.258998394012451,4.258998394012451,5.684037685394287,1.1654053926467896
75727,0.6657044887542725,5.342891693115234,5.342891693115234,7.370598316192627,1.1576957702636719
71512,0.6684339046478271,inf,inf,6.981456279754639,1.1572184562683105
91301,0.6863412857055664,4.731574535369873,4.731574535369873,5.933438301086426,1.1468555927276611
76911,0.6481685638427734,3.885000705718994,3.885000705718994,6.968555927276611,1.1521291732788086
