68730,1.536700963973999,0.25297215580940247,0.25297215580940247,3.660949230194092,0.8340769410133362
58837,1.3234150409698486,0.2626558542251587,0.2626558542251587,6.314349174499512,0.8577665090560913
70613,1.53908371925354,0.25158369541168213,0.25158369541168213,4.827875137329102,0.8401155471801758
57144,1.3639733791351318,0.26155364513397217,0.26155364513397217,3.6650516986846924,0.8575420379638672
58780,1.583599328994751,0.26744621992111206,0.26744621992111206,3.873786211013794,0.868050754070282
56679,1.354485034942627,0.2643011212348938,0.2643011212348938,3.800788402557373,0.8569403886795044
65640,1.5126197338104248,0.25331446528434753,0.25331446528434753,3.8911168575286865,0.8338159918785095
69724,1.229572057723999,0.25685033202171326,0.25685033202171326,4.088378429412842,0.8367723226547241
61509,1.2725908756256104,0.2625444531440735,0.2625444531440735,4.0481696128845215,0.8678827285766602
62057,1.1985070705413818,0.2706804573535919,0.2706804573535919,5.000457763671875,0.8647544980049133
66826,1.1787118911743164,0.25927838683128357,0.25927838683128357,3.743732213973999,0.8371171951293945
68107,1.1994249820709229,0.253103643655777,0.253103643655777,49.18325424194336,0.8375140428543091
56007,1.2511708736419678,0.2627270817756653,0.2627270817756653,4.009678363800049,0.8674563765525818
60247,1.505713701248169,0.28077852725982666,0.28077852725982666,26.244443893432617,0.8785827159881592
65656,1.4200232028961182,0.25498172640800476,0.25498172640800476,4.978250026702881,0.8411017656326294
66612,1.2309765815734863,0.2555636167526245,0.2555636167526245,4.471478462219238,0.8446243405342102
63277,1.2764384746551514,0.2680032253265381,0.2680032253265381,3.78625750541687,0.8560771346092224
69575,1.1897642612457275,0.2584506869316101,0.2584506869316101,3.6643636226654053,0.8428905606269836
64757,1.1655206680297852,0.2552196979522705,0.2552196979522705,3.3922183513641357,0.8374614715576172
71684,1.187896966934204,0.25799983739852905,0.25799983739852905,3.6234753131866455,0.8404403924942017
58699,1.2087657451629639,0.2726247310638428,0.2726247310638428,3.771724224090576,0.8716607689857483
60439,1.182506799697876,0.2573854923248291,0.2573854923248291,3.6468286514282227,0.8507347106933594
