53427,1.5056259632110596,0.6416462659835815,0.6416462659835815,3.7852907180786133,0.9027212262153625
51713,1.428760051727295,inf,inf,4.2543230056762695,0.919743001461029
52607,1.540177345275879,0.7128093838691711,0.7128093838691711,4.06998872756958,0.910262942314148
53475,1.3378286361694336,0.7284117341041565,0.7284117341041565,17.55149269104004,0.9060381054878235
52265,1.4483845233917236,0.8880480527877808,0.8880480527877808,3.8459081649780273,0.9171140789985657
53278,1.3486156463623047,0.9272453784942627,0.9272453784942627,6.247159957885742,0.9187620282173157
54749,1.6747093200683594,0.7041550278663635,0.7041550278663635,5.107161998748779,0.8976068496704102
55935,1.3535709381103516,0.7128980755805969,0.7128980755805969,4.445731163024902,0.9135377407073975
56329,1.3751697540283203,0.6620348691940308,0.6620348691940308,4.8582048416137695,0.919417142868042
46217,1.3237268924713135,0.7487101554870605,0.7487101554870605,4.383395195007324,0.9422733783721924
54480,1.3106744289398193,0.6722303032875061,0.6722303032875061,5.284067153930664,0.908264696598053
51033,1.2330396175384521,0.6825646162033081,0.6825646162033081,4.133090019226074,0.9059979319572449
54851,1.321535587310791,0.7191464900970459,0.7191464900970459,4.192268371582031,0.9109270572662354
50145,1.1719427108764648,1.019771933555603,1.019771933555603,9.109840393066406,0.9505404829978943
53827,1.4413113594055176,0.709954023361206,0.709954023361206,4.441986560821533,0.9049687385559082
51892,1.2403855323791504,0.7258804440498352,0.7258804440498352,5.551665782928467,0.9130238890647888
51011,1.1561384201049805,1.148141860961914,1.148141860961914,4.1990838050842285,0.9277685284614563
54149,1.1903624534606934,1.1998929977416992,1.1998929977416992,3.919099807739258,0.9127529263496399
52430,1.1555895805358887,0.681879997253418,0.681879997253418,4.286733627319336,0.9035587906837463
54309,1.279973030090332,0.7420169711112976,0.7420169711112976,3.783705472946167,0.9143843650817871
48093,1.2084510326385498,0.7956332564353943,0.7956332564353943,4.726678371429443,0.9391188621520996
52146,1.2158939838409424,0.7539263367652893,0.7539263367652893,3.8429114818573,0.9149879813194275
