101028,0.3173811435699463,0.10887439548969269,0.10887439548969269,9.819463729858398,0.8204317688941956
113806,0.2936582565307617,0.11305361986160278,0.11305361986160278,12.229503631591797,0.8478888273239136
105370,0.30512094497680664,0.10904625803232193,0.10904625803232193,18.866647720336914,0.835891842842102
101985,0.3203859329223633,0.11000295728445053,0.11000295728445053,8.523453712463379,0.834506630897522
111349,0.31941652297973633,0.11191391944885254,0.11191391944885254,9.191595077514648,0.8292655944824219
109700,0.29656386375427246,0.1108013391494751,0.1108013391494751,14.472721099853516,0.8416339159011841
104468,0.30214715003967285,0.10857187211513519,0.10857187211513519,10.574569702148438,0.8303127884864807
101013,0.29868173599243164,0.11019404232501984,0.11019404232501984,8.23350715637207,0.824069619178772
107793,0.2913670539855957,0.11197522282600403,0.11197522282600403,15.300037384033203,0.8462754487991333
115893,0.2983717918395996,0.11350517719984055,0.11350517719984055,9.259662628173828,0.8488669395446777
97136,0.33408045768737793,0.11331236362457275,0.11331236362457275,10.766799926757812,0.837428629398346
110939,0.29920220375061035,0.10789428651332855,0.10789428651332855,8.586257934570312,0.830527663230896
109366,0.3324902057647705,0.11004073172807693,0.11004073172807693,9.342220306396484,0.8249078392982483
117459,0.30451416969299316,0.11491712182760239,0.11491712182760239,10.804422378540039,0.8508933782577515
105548,0.29175806045532227,0.10918717831373215,0.10918717831373215,11.760919570922852,0.8372601270675659
102615,0.3009970188140869,0.11040030419826508,0.11040030419826508,18.87722396850586,0.8258626461029053
115024,0.29514098167419434,0.11159905046224594,0.11159905046224594,9.055774688720703,0.8442914485931396
111043,0.29593634605407715,0.11187582463026047,0.11187582463026047,10.606534957885742,0.8449021577835083
105245,0.30393433570861816,0.10979858040809631,0.10979858040809631,7.132101058959961,0.8335751891136169
103977,0.34302544593811035,0.11200857162475586,0.11200857162475586,8.242279052734375,0.8362123370170593
115479,0.2925534248352051,0.11362653970718384,0.11362653970718384,9.859705924987793,0.8527300953865051
106586,0.2961592674255371,0.109426349401474,0.109426349401474,8.407757759094238,0.8394612669944763
