94994,0.18816685676574707,0.10882329940795898,0.10882329940795898,9.58424186706543,0.809632420539856
94637,0.18077683448791504,0.11678127944469452,0.11678127944469452,7.3258256912231445,0.8034228086471558
93200,0.180999755859375,0.11753181368112564,0.11753181368112564,16.359342575073242,0.8047860860824585
98004,0.17408323287963867,0.11332555115222931,0.11332555115222931,6.253667831420898,0.8163946270942688
92890,0.18257474899291992,0.13374389708042145,0.13374389708042145,6.534302711486816,0.8277072310447693
93331,0.18480730056762695,0.11662259697914124,0.11662259697914124,7.249998569488525,0.8045489192008972
93002,0.18099761009216309,0.11694599688053131,0.11694599688053131,8.343598365783691,0.8056468367576599
96042,0.18232202529907227,0.11052898317575455,0.11052898317575455,22.565467834472656,0.813855767250061
96537,0.17522811889648438,0.12222930788993835,0.12222930788993835,7.311686038970947,0.8373664021492004
95314,0.18034100532531738,0.11852788925170898,0.11852788925170898,8.519103050231934,0.8058308362960815
91275,0.17911171913146973,0.10618637502193451,0.10618637502193451,7.719465255737305,0.7949551939964294
93660,0.1816730499267578,0.10450974851846695,0.10450974851846695,12.110528945922852,0.7997724413871765
97982,0.18219804763793945,0.11736606061458588,0.11736606061458588,13.643411636352539,0.8217259049415588
93877,0.18269729614257812,0.17712341248989105,0.17712341248989105,15.793891906738281,0.8075278997421265
96467,0.19165587425231934,0.49765336513519287,0.49765336513519287,7.912796974182129,0.8160721063613892
94742,0.17913365364074707,0.11564753949642181,0.11564753949642181,11.254253387451172,0.7997090816497803
94144,0.17467355728149414,0.1220569759607315,0.1220569759607315,7.7438836097717285,0.8212922215461731
96413,0.18417072296142578,0.1378525346517563,0.1378525346517563,10.360380172729492,0.8183041214942932
95756,0.17484164237976074,0.11529100686311722,0.11529100686311722,7.8225626945495605,0.8194988965988159
98167,0.17705273628234863,0.1335906684398651,0.1335906684398651,13.192355155944824,0.8164399266242981
94484,0.17184853553771973,0.13375936448574066,0.13375936448574066,36.381187438964844,0.8072010278701782
93954,0.18222665786743164,0.11954550445079803,0.11954550445079803,7.38956880569458,0.8173847198486328
