209135,0.19685697555541992
171591,0.192338228225708
156253,0.1826615333557129
150464,0.1831510066986084
181281,0.19346284866333008
175494,0.17198848724365234
161820,0.2076704502105713
222263,0.19077610969543457
184483,0.19164443016052246
162148,0.17613005638122559
153810,0.19315075874328613
151696,0.1878676414489746
167969,0.19242477416992188
177641,0.1918492317199707
156569,0.18761277198791504
152583,0.17882347106933594
156975,0.1885237693786621
247921,0.2020702362060547
167718,0.20288610458374023
197540,0.193450927734375
237576,0.18136096000671387
228656,0.19125580787658691
231540,0.17937684059143066
197118,0.18604826927185059
228108,0.18383526802062988
167749,0.18430352210998535
143428,0.1866436004638672
144007,0.16494345664978027
148935,0.19478631019592285
147187,0.19307255744934082
182757,0.18645834922790527
155273,0.17334914207458496
188625,0.1865396499633789
163473,0.18229174613952637
150764,0.18644261360168457
141365,0.18423151969909668
145011,0.19654107093811035
148411,0.17618989944458008
150422,0.1884922981262207
150804,0.17745065689086914
151075,0.18264222145080566
150446,0.1865851879119873
150178,0.18384313583374023
147939,0.1833188533782959
149065,0.19044923782348633
147132,0.18576478958129883
146962,0.1875159740447998
152701,0.18900132179260254
201577,0.18510818481445312
238776,0.18650269508361816
213750,0.18777775764465332
157893,0.15815448760986328
156487,0.19821953773498535
151335,0.18136310577392578
150634,0.1897590160369873
153517,0.18227171897888184
242830,0.1983652114868164
179317,0.1809673309326172
157754,0.17141032218933105
148496,0.1934218406677246
156607,0.19757986068725586
157926,0.18290448188781738
191397,0.2027266025543213
202186,0.1840496063232422
204358,0.18135476112365723
163856,0.18381047248840332
158413,0.18879032135009766
180647,0.19316554069519043
171343,0.1894817352294922
162893,0.1745765209197998
186613,0.18632936477661133
181603,0.18898320198059082
185754,0.18448948860168457
185266,0.19466352462768555
254560,0.19940590858459473
239702,0.1855173110961914
188735,0.18285465240478516
186528,0.1877288818359375
231845,0.19275546073913574
150882,0.18895673751831055
144292,0.18652105331420898
146754,0.18374133110046387
145967,0.18721485137939453
149899,0.1830761432647705
158076,0.18636298179626465
166755,0.1899411678314209
157239,0.1835010051727295
185784,0.1863851547241211
187707,0.18363738059997559
228545,0.17437243461608887
167554,0.18400120735168457
230893,0.17305922508239746
243988,0.2031409740447998
156436,0.17306756973266602
150541,0.18840241432189941
152701,0.1777656078338623
148897,0.18243622779846191
152895,0.18041682243347168
162210,0.18891429901123047
198174,0.18717575073242188
209814,0.18544769287109375
245775,0.18500423431396484
171467,0.18753528594970703
147743,0.20635414123535156
149636,0.17264485359191895
169473,0.1942150592803955
272646,0.17621731758117676
302003,0.19936704635620117
189932,0.17533302307128906
231977,0.1924130916595459
144924,0.16804003715515137
145069,0.18333840370178223
156396,0.1919252872467041
203523,0.202239990234375
209645,0.1623685359954834
164682,0.1903831958770752
203495,0.19319415092468262
159004,0.19402241706848145
198773,0.18912386894226074
157138,0.18955492973327637
155394,0.18817949295043945
190255,0.17609763145446777
225633,0.1872391700744629
208590,0.1855485439300537
254356,0.19495868682861328
173887,0.1909339427947998
145020,0.1925199031829834
144491,0.18568086624145508
166393,0.19154763221740723
235080,0.17766475677490234
240562,0.19013643264770508
215529,0.20170235633850098
237503,0.1751406192779541
222195,0.1870250701904297
223330,0.19184637069702148
213644,0.17934179306030273
147895,0.19029831886291504
148835,0.16938185691833496
205066,0.18770933151245117
164720,0.18441343307495117
151931,0.18574190139770508
190256,0.1873917579650879
155786,0.18877625465393066
148136,0.177504301071167
156449,0.18514657020568848
222704,0.19198179244995117
244785,0.15794086456298828
154545,0.19043684005737305
163315,0.18490004539489746
208212,0.19264960289001465
