136084,0.10196852684020996
108960,0.10543084144592285
98563,0.09496331214904785
95391,0.10650396347045898
115470,0.10574197769165039
115872,0.1196279525756836
103456,0.10286068916320801
155098,0.09384417533874512
122355,0.1093740463256836
105387,0.10761642456054688
96993,0.0829017162322998
95679,0.11018872261047363
108589,0.10511040687561035
113463,0.10805726051330566
98996,0.09030461311340332
97115,0.10574030876159668
100043,0.0963907241821289
164478,0.11019110679626465
106995,0.10534882545471191
123304,0.10581827163696289
152466,0.10315203666687012
149861,0.1158602237701416
147609,0.10960078239440918
127374,0.11413860321044922
155251,0.10833883285522461
107623,0.10737037658691406
93134,0.10404157638549805
92012,0.11426138877868652
94140,0.10461616516113281
93811,0.10562634468078613
120114,0.09993171691894531
98104,0.11815285682678223
130581,0.10988283157348633
103412,0.11499524116516113
95089,0.10107803344726562
90625,0.11457300186157227
91859,0.11071419715881348
93574,0.10026860237121582
94735,0.10473799705505371
95457,0.10944104194641113
95329,0.12315201759338379
94396,0.11496186256408691
95074,0.09572052955627441
92919,0.10868692398071289
94743,0.12100672721862793
93148,0.10168147087097168
93085,0.10825014114379883
95264,0.08366179466247559
130993,0.09869384765625
162141,0.10910892486572266
142080,0.10268425941467285
99651,0.1164541244506836
98066,0.11720800399780273
95815,0.12288951873779297
94720,0.10361146926879883
97049,0.10286736488342285
147563,0.11092090606689453
109834,0.09446930885314941
97657,0.10702776908874512
93002,0.10086178779602051
98357,0.10729265213012695
97307,0.11147022247314453
125277,0.09999489784240723
130489,0.11015701293945312
133086,0.11146259307861328
103149,0.10836505889892578
99804,0.11119461059570312
115219,0.11406517028808594
104879,0.1009664535522461
100947,0.11331582069396973
114788,0.11594748497009277
110021,0.11389827728271484
108481,0.10457229614257812
109502,0.10941267013549805
156390,0.11825203895568848
143717,0.11995458602905273
113237,0.11064982414245605
111962,0.09846353530883789
149216,0.11308169364929199
93559,0.1047220230102539
89876,0.11270475387573242
91224,0.10912442207336426
90579,0.11924004554748535
92867,0.10749363899230957
97431,0.10871100425720215
102003,0.1003427505493164
96545,0.09633016586303711
116985,0.11540365219116211
114961,0.11815524101257324
155068,0.11150860786437988
103535,0.10420989990234375
146899,0.09476590156555176
158959,0.10249209403991699
96701,0.11477088928222656
92448,0.09717917442321777
93976,0.1150062084197998
92022,0.09805607795715332
93926,0.10745716094970703
99481,0.10717964172363281
126907,0.1123666763305664
129398,0.09784913063049316
157585,0.09084439277648926
108808,0.10631990432739258
91351,0.1185750961303711
92912,0.1037602424621582
105918,0.10129976272583008
151291,0.10649371147155762
161554,0.10106086730957031
115968,0.1110384464263916
154071,0.10666298866271973
90571,0.11253643035888672
90061,0.09765982627868652
97199,0.10385942459106445
134140,0.11298847198486328
136667,0.11601543426513672
102208,0.1073455810546875
136866,0.11155223846435547
99679,0.11202025413513184
127458,0.10418891906738281
96127,0.10506606101989746
96375,0.10100793838500977
120876,0.11020350456237793
143273,0.10445904731750488
135770,0.10814070701599121
157753,0.0977017879486084
107447,0.10395407676696777
90149,0.10070395469665527
88686,0.1116480827331543
102991,0.11003494262695312
155916,0.11475467681884766
150395,0.11365151405334473
140359,0.11242389678955078
156259,0.10744905471801758
154790,0.11455869674682617
146921,0.11805176734924316
144167,0.10979676246643066
91457,0.10870623588562012
92949,0.09777379035949707
134858,0.11428999900817871
101133,0.11084103584289551
94157,0.09775876998901367
122586,0.10856938362121582
95994,0.1089015007019043
91115,0.11293506622314453
96500,0.1135706901550293
141050,0.10479927062988281
156628,0.1133890151977539
94032,0.10495305061340332
100482,0.10539817810058594
142652,0.1307213306427002
