99565,0.09395480155944824
83637,0.0816035270690918
79110,0.11255288124084473
77497,0.10168695449829102
92893,0.11058282852172852
86348,0.10321950912475586
80287,0.10633730888366699
116971,0.11200737953186035
94066,0.11118054389953613
79915,0.10941338539123535
77384,0.10454320907592773
76895,0.11087584495544434
83014,0.1127932071685791
87464,0.11354875564575195
79015,0.08977079391479492
78876,0.10803794860839844
80952,0.10733675956726074
123739,0.11112189292907715
82129,0.10074877738952637
93301,0.10434985160827637
145518,0.10732436180114746
114349,0.1023409366607666
110005,0.08188939094543457
95716,0.10523462295532227
116818,0.10172367095947266
91661,0.09963464736938477
76999,0.10178399085998535
76036,0.11342954635620117
77744,0.11110782623291016
77909,0.10251975059509277
97382,0.10126185417175293
79999,0.1117258071899414
104202,0.10009455680847168
82060,0.10536527633666992
78408,0.10629153251647949
76453,0.10077190399169922
76970,0.10970354080200195
77613,0.10542988777160645
78228,0.0991051197052002
78671,0.08155965805053711
78265,0.1117401123046875
78808,0.09548664093017578
78663,0.1070706844329834
78026,0.1089024543762207
78998,0.0988156795501709
78753,0.10680770874023438
77600,0.10155415534973145
79609,0.10047626495361328
102205,0.1179044246673584
123543,0.11357593536376953
107392,0.10556221008300781
80142,0.1108541488647461
80177,0.11206364631652832
79186,0.10697436332702637
78865,0.10380196571350098
80151,0.08822965621948242
109761,0.11018705368041992
87605,0.10809969902038574
80773,0.12108755111694336
78500,0.11154317855834961
81037,0.10304403305053711
81392,0.11292099952697754
101893,0.11182808876037598
98897,0.11452674865722656
102626,0.11223363876342773
84320,0.11149835586547852
84188,0.11202383041381836
92198,0.11759686470031738
85285,0.10808777809143066
83421,0.11329126358032227
89985,0.10919070243835449
85975,0.11458635330200195
84769,0.09867072105407715
84669,0.10754609107971191
114848,0.09203100204467773
109307,0.11047697067260742
94911,0.08900094032287598
91741,0.1064608097076416
115529,0.09145736694335938
80865,0.10599899291992188
78343,0.10842251777648926
79594,0.13411331176757812
79406,0.1094517707824707
80743,0.11278343200683594
83156,0.0966036319732666
86182,0.1088716983795166
83376,0.10959339141845703
95056,0.11267733573913574
95467,0.11238694190979004
120034,0.11290645599365234
84477,0.10022878646850586
122974,0.10846281051635742
122109,0.11054563522338867
84828,0.1112070083618164
81483,0.11182928085327148
81317,0.1015164852142334
80937,0.09874153137207031
82026,0.0990450382232666
84201,0.11296415328979492
105444,0.10633039474487305
104596,0.11279821395874023
128800,0.10413098335266113
90787,0.11045169830322266
80973,0.11411476135253906
81235,0.09987735748291016
90214,0.10791754722595215
125341,0.11202406883239746
120309,0.1004488468170166
96009,0.10497713088989258
128270,0.10766243934631348
81482,0.10949516296386719
79898,0.10889744758605957
84850,0.10982227325439453
111169,0.10822558403015137
117109,0.10581350326538086
85980,0.10760807991027832
115868,0.10839080810546875
84249,0.10752987861633301
106373,0.10995721817016602
84913,0.10750222206115723
84069,0.10925960540771484
100668,0.1141197681427002
118112,0.1129763126373291
113674,0.10958266258239746
120449,0.10526132583618164
93662,0.09040713310241699
81134,0.1132822036743164
80082,0.11329889297485352
89447,0.08944177627563477
131021,0.11319375038146973
125362,0.11120486259460449
117582,0.1006934642791748
132169,0.10068058967590332
137354,0.09618043899536133
125800,0.10763406753540039
122885,0.11154770851135254
81376,0.10373449325561523
84149,0.10763025283813477
118547,0.10649943351745605
86424,0.08339762687683105
84035,0.1022043228149414
104695,0.10356497764587402
85246,0.11163926124572754
82309,0.11257672309875488
86462,0.11566877365112305
124829,0.109100341796875
130096,0.11778831481933594
84390,0.1124427318572998
88724,0.10453248023986816
126173,0.09463286399841309
