56397,0.08033013343811035
52809,0.09025335311889648
53266,0.07072854042053223
53218,0.0817403793334961
57967,0.07357263565063477
53499,0.07673907279968262
52587,0.08520889282226562
64790,0.07014679908752441
57068,0.0782310962677002
52301,0.07392764091491699
52600,0.07220864295959473
52873,0.08248400688171387
53836,0.07575416564941406
53908,0.07986831665039062
53276,0.07915425300598145
53385,0.07797646522521973
53755,0.07117986679077148
70030,0.07918787002563477
53966,0.07419848442077637
56150,0.07796359062194824
83821,0.0819861888885498
61234,0.07099485397338867
59736,0.0799567699432373
56083,0.07831215858459473
62576,0.0815742015838623
56530,0.07703208923339844
53289,0.08770537376403809
52997,0.07800412178039551
53140,0.07853078842163086
53034,0.07098579406738281
60775,0.07738852500915527
53294,0.08642005920410156
60673,0.08006048202514648
53160,0.0846714973449707
52765,0.07903361320495605
53212,0.07017993927001953
52933,0.07810568809509277
52831,0.08231711387634277
52818,0.08017992973327637
53140,0.072174072265625
53167,0.07322883605957031
53313,0.07856345176696777
53030,0.07986187934875488
52952,0.08437275886535645
53276,0.07295751571655273
54058,0.08763909339904785
53300,0.08420205116271973
53505,0.07628464698791504
58910,0.07436299324035645
65613,0.07940053939819336
58980,0.08389592170715332
53388,0.07700753211975098
52912,0.07485771179199219
53424,0.0758829116821289
53165,0.08660364151000977
53639,0.0753488540649414
62132,0.0732431411743164
54749,0.07727766036987305
53566,0.07278895378112793
53141,0.07958483695983887
53477,0.08353352546691895
53828,0.07219743728637695
56807,0.07672643661499023
55671,0.07395720481872559
56651,0.07248353958129883
53583,0.07886147499084473
54456,0.07772254943847656
56511,0.07942390441894531
54016,0.07979059219360352
54590,0.08521533012390137
55292,0.07883048057556152
53690,0.0751655101776123
53510,0.08939862251281738
53392,0.08090400695800781
58336,0.07758307456970215
58693,0.0825204849243164
54220,0.08572912216186523
55784,0.07864904403686523
65647,0.07812762260437012
55007,0.07781815528869629
53129,0.08313107490539551
53530,0.07753515243530273
53715,0.07847070693969727
53885,0.08994054794311523
54551,0.08892273902893066
54564,0.08883094787597656
54622,0.06970047950744629
56850,0.07800507545471191
56994,0.0767512321472168
61481,0.07868528366088867
53562,0.0721437931060791
64866,0.08477115631103516
62753,0.07726168632507324
55450,0.07810354232788086
54422,0.0776205062866211
53793,0.07899999618530273
53539,0.06884169578552246
54454,0.08026266098022461
54413,0.07482194900512695
59417,0.07501006126403809
58578,0.08090400695800781
63441,0.07080554962158203
57678,0.08618855476379395
54363,0.07248449325561523
54162,0.07271099090576172
55565,0.0829458236694336
71104,0.07843160629272461
59962,0.07477545738220215
56893,0.08529043197631836
74932,0.07814764976501465
54824,0.08325362205505371
53827,0.07608675956726074
55525,0.08501982688903809
58404,0.0786123275756836
64791,0.08273005485534668
54638,0.07795166969299316
63828,0.0831596851348877
54464,0.0731039047241211
58417,0.08623838424682617
55385,0.07772159576416016
54763,0.07598233222961426
57869,0.08073735237121582
61082,0.08146333694458008
61058,0.07494711875915527
65308,0.07031607627868652
57605,0.07821202278137207
54770,0.07740902900695801
54232,0.07637739181518555
55556,0.07392668724060059
65055,0.08003377914428711
64641,0.07766389846801758
62642,0.07925248146057129
65904,0.08486151695251465
73700,0.08115911483764648
63548,0.0798027515411377
67291,0.07132863998413086
53977,0.07078695297241211
55393,0.07918334007263184
63689,0.08178162574768066
56255,0.07548689842224121
54765,0.07463812828063965
60075,0.07718229293823242
54242,0.08155965805053711
54291,0.07631921768188477
55436,0.07671236991882324
66665,0.07494544982910156
66383,0.08425760269165039
54639,0.0745234489440918
54969,0.07838773727416992
68519,0.07428359985351562
