180881,0.19581103324890137
148368,0.19866085052490234
136345,0.18592095375061035
131982,0.1853160858154297
158901,0.18740081787109375
154080,0.17305517196655273
141386,0.2029709815979004
193929,0.1994168758392334
162130,0.19326233863830566
143202,0.19955229759216309
133380,0.17796730995178223
129725,0.187669038772583
146042,0.17598843574523926
154016,0.18875885009765625
135921,0.19890117645263672
133367,0.18506956100463867
136033,0.18500566482543945
215002,0.19438982009887695
144788,0.18952608108520508
169758,0.1756901741027832
206107,0.19247794151306152
194085,0.20205974578857422
193698,0.1857750415802002
169292,0.18674373626708984
193202,0.1971445083618164
146089,0.18818354606628418
126305,0.17074060440063477
124520,0.18568992614746094
129136,0.19931864738464355
128053,0.18889927864074707
154802,0.18846917152404785
133773,0.17959141731262207
162792,0.18607139587402344
139996,0.18570613861083984
129442,0.17535924911499023
123686,0.18367838859558105
124648,0.17793822288513184
127920,0.1741931438446045
129347,0.18630456924438477
129043,0.19051909446716309
130016,0.18475055694580078
128635,0.19534945487976074
128970,0.19266247749328613
126163,0.17086505889892578
128508,0.17202258110046387
126077,0.17278814315795898
125804,0.18440914154052734
129822,0.1890566349029541
171476,0.18619751930236816
204136,0.1870877742767334
180025,0.1648712158203125
134464,0.193817138671875
133564,0.19015884399414062
130147,0.19081974029541016
129036,0.1865530014038086
131889,0.20109844207763672
200072,0.1800999641418457
150118,0.18261933326721191
132989,0.17585301399230957
126275,0.17489051818847656
134149,0.18844103813171387
133667,0.1814889907836914
160769,0.19002914428710938
170343,0.1858377456665039
171720,0.1831493377685547
136598,0.19240975379943848
131556,0.18088436126708984
151779,0.18037652969360352
144365,0.18540692329406738
138407,0.18795299530029297
155719,0.19054245948791504
153713,0.18753552436828613
155164,0.1899878978729248
156532,0.17263174057006836
208925,0.18387365341186523
203195,0.1874706745147705
159533,0.1830754280090332
158011,0.19277453422546387
194736,0.1833343505859375
129479,0.18877816200256348
123692,0.1830120086669922
126577,0.1722395420074463
125328,0.15310311317443848
128354,0.2076404094696045
134690,0.18628525733947754
142234,0.1875290870666504
134089,0.1873950958251953
158057,0.19302749633789062
158444,0.18086647987365723
193124,0.18306493759155273
142814,0.17241263389587402
195691,0.21023988723754883
202310,0.20036888122558594
134133,0.19044113159179688
129528,0.18996548652648926
131615,0.1731584072113037
129180,0.17627263069152832
130598,0.19024109840393066
138941,0.18887114524841309
168171,0.18435359001159668
177522,0.17516040802001953
206848,0.2061936855316162
145833,0.1941678524017334
126693,0.20905613899230957
129235,0.18310952186584473
146148,0.1750199794769287
236030,0.18528318405151367
253270,0.1977078914642334
163119,0.18507862091064453
200651,0.19137072563171387
126200,0.17339324951171875
125771,0.18706226348876953
135813,0.18731164932250977
176353,0.19308042526245117
179294,0.18884611129760742
144856,0.18397259712219238
174810,0.18749094009399414
138253,0.17519688606262207
171299,0.17610764503479004
135559,0.19484424591064453
134708,0.19233083724975586
163878,0.19646263122558594
191996,0.18733620643615723
178355,0.18403911590576172
211217,0.18196511268615723
151480,0.17689132690429688
126764,0.18919038772583008
126111,0.18940329551696777
145303,0.187880277633667
200947,0.18610596656799316
205126,0.18871188163757324
187853,0.18702435493469238
204392,0.19197511672973633
192855,0.17920422554016113
192828,0.19046306610107422
180232,0.18862581253051758
129421,0.17637324333190918
130608,0.217482328414917
176952,0.1839771270751953
142132,0.1853044033050537
132521,0.18408608436584473
166520,0.1824626922607422
136779,0.20102834701538086
128921,0.19342947006225586
137310,0.19312047958374023
189972,0.20395731925964355
212464,0.19457030296325684
134163,0.18058347702026367
140187,0.18485641479492188
181733,0.19291901588439941
