77138,0.10425734519958496
67589,0.09583234786987305
65033,0.10834336280822754
64575,0.10791420936584473
74155,0.09545493125915527
68825,0.1046457290649414
65297,0.10542654991149902
91351,0.10480904579162598
75140,0.09954118728637695
65435,0.10493111610412598
63959,0.10870790481567383
63915,0.10381436347961426
67650,0.10704350471496582
69068,0.10641336441040039
65380,0.1076803207397461
65447,0.108734130859375
66782,0.10533022880554199
96804,0.10659217834472656
67454,0.09945869445800781
74048,0.11349248886108398
111191,0.08929777145385742
90018,0.09661698341369629
86241,0.10550403594970703
75854,0.1172175407409668
92559,0.11231398582458496
74212,0.10935139656066895
64545,0.10674166679382324
63731,0.1037132740020752
64713,0.1045370101928711
64649,0.09538745880126953
78728,0.0988926887512207
66192,0.10899043083190918
82289,0.10447335243225098
66840,0.11194825172424316
65029,0.08070540428161621
64152,0.11844491958618164
64470,0.10741257667541504
64735,0.1083836555480957
64965,0.10573363304138184
65476,0.10295414924621582
65051,0.1072990894317627
65619,0.09515094757080078
65525,0.10843896865844727
65229,0.10714888572692871
66187,0.11322236061096191
66490,0.11397433280944824
65413,0.1061699390411377
66375,0.11030173301696777
80217,0.11310529708862305
96944,0.1127634048461914
84844,0.10642790794372559
66737,0.09620308876037598
65813,0.11067867279052734
66033,0.10516142845153809
66259,0.11197805404663086
66771,0.1053776741027832
85223,0.11113667488098145
70067,0.08732056617736816
66715,0.10176682472229004
65748,0.09099650382995605
67206,0.09327006340026855
67374,0.10245823860168457
78916,0.09665751457214355
77852,0.10302233695983887
80130,0.10455179214477539
69155,0.08745932579040527
69281,0.11468386650085449
74239,0.10547924041748047
69694,0.09602594375610352
69111,0.08990693092346191
72740,0.10981082916259766
69556,0.08798909187316895
69284,0.08029699325561523
69014,0.10392975807189941
87985,0.10735678672790527
83942,0.11304545402526855
76056,0.11469888687133789
74483,0.11370015144348145
91034,0.11469650268554688
67496,0.08805394172668457
65350,0.11141037940979004
66335,0.10779762268066406
66227,0.0891256332397461
67035,0.09750914573669434
68537,0.09733319282531738
70335,0.11026477813720703
68483,0.09502887725830078
75089,0.10818195343017578
75337,0.10491490364074707
92955,0.11371922492980957
68860,0.10840034484863281
96633,0.10855770111083984
94624,0.10607385635375977
70099,0.103057861328125
67966,0.08597326278686523
67593,0.11167049407958984
67515,0.10843467712402344
67897,0.11681580543518066
69199,0.10146093368530273
82309,0.10962486267089844
82952,0.10407471656799316
99189,0.10981202125549316
74758,0.11153793334960938
67222,0.1049191951751709
67451,0.10492658615112305
72868,0.10289978981018066
99782,0.10272979736328125
94596,0.08745932579040527
75766,0.1104574203491211
100789,0.09835267066955566
67697,0.11305046081542969
66748,0.1025247573852539
69830,0.11227250099182129
85870,0.10279583930969238
93044,0.10486650466918945
70737,0.10250496864318848
92715,0.10535931587219238
69923,0.11288213729858398
83205,0.10826420783996582
69894,0.11358952522277832
69515,0.1176905632019043
79453,0.08484554290771484
90797,0.11395692825317383
92647,0.11330986022949219
94066,0.10738325119018555
75337,0.10040712356567383
68209,0.10735797882080078
67137,0.1116948127746582
72432,0.1002645492553711
100558,0.11234283447265625
98088,0.11105775833129883
91081,0.10157012939453125
103771,0.09787201881408691
106858,0.10353922843933105
97983,0.11785173416137695
96633,0.10114264488220215
67789,0.10865426063537598
69764,0.10613203048706055
92455,0.10851931571960449
72505,0.10254263877868652
69258,0.10715317726135254
82033,0.10522723197937012
69963,0.10035371780395508
68595,0.10790109634399414
71114,0.09643292427062988
96013,0.11597490310668945
98677,0.10151457786560059
69524,0.10333967208862305
71616,0.10934758186340332
101414,0.10377168655395508
