128611,0.10338068008422852
103885,0.11048007011413574
95039,0.11103606224060059
91121,0.08667540550231934
114163,0.09742069244384766
108583,0.09508419036865234
98254,0.11892890930175781
148983,0.10804319381713867
117074,0.10580253601074219
98768,0.1111748218536377
91210,0.11078023910522461
91548,0.1216440200805664
101372,0.11426401138305664
107764,0.10457301139831543
95079,0.10840463638305664
94654,0.11273503303527832
97246,0.11836099624633789
157436,0.10437917709350586
99477,0.10639357566833496
120671,0.11167788505554199
159384,0.10244131088256836
143898,0.10397195816040039
142532,0.1084434986114502
122513,0.10435342788696289
151249,0.11701035499572754
100158,0.11318182945251465
91358,0.09879112243652344
89756,0.11142277717590332
92543,0.09982037544250488
92423,0.10533523559570312
118870,0.11352109909057617
94323,0.11738181114196777
130064,0.10180830955505371
100606,0.10813021659851074
93841,0.10705780982971191
89752,0.10055112838745117
90751,0.109100341796875
92678,0.09801673889160156
93316,0.10687637329101562
93952,0.10483479499816895
93712,0.11249804496765137
94743,0.10482096672058105
94548,0.09106731414794922
92696,0.11333465576171875
94124,0.11559057235717773
92313,0.1109919548034668
91302,0.10024642944335938
94998,0.11469364166259766
130955,0.1031351089477539
156684,0.10857534408569336
139020,0.1161189079284668
96803,0.10655021667480469
96738,0.10683298110961914
95508,0.09834790229797363
94437,0.09452486038208008
96464,0.10553908348083496
139254,0.11267232894897461
109874,0.09957432746887207
96671,0.09841156005859375
93147,0.1040346622467041
97646,0.09839034080505371
98575,0.10868644714355469
127553,0.10375499725341797
130015,0.10352516174316406
131528,0.10289144515991211
103566,0.10692310333251953
101189,0.11148500442504883
114997,0.12530040740966797
104884,0.11260581016540527
101490,0.1007242202758789
113731,0.11109757423400879
107777,0.11010146141052246
106479,0.11718606948852539
107369,0.10979247093200684
153539,0.10783267021179199
137818,0.11326980590820312
113391,0.10850191116333008
113372,0.09889841079711914
138290,0.1098024845123291
94498,0.09525465965270996
90936,0.1021730899810791
92347,0.11422228813171387
92185,0.10634803771972656
94678,0.11276388168334961
99300,0.11314582824707031
104313,0.10446548461914062
98854,0.09517073631286621
117169,0.10827946662902832
116657,0.1122751235961914
156460,0.10320568084716797
104070,0.09693622589111328
148761,0.11263442039489746
152705,0.10729598999023438
100094,0.11091947555541992
95373,0.12053704261779785
96052,0.09487128257751465
95074,0.10574626922607422
97955,0.1134192943572998
101638,0.11614203453063965
131150,0.09669637680053711
132855,0.11641573905944824
161269,0.11459612846374512
100964,0.10109949111938477
94882,0.1084747314453125
96196,0.10462498664855957
110126,0.1028146743774414
143064,0.10824203491210938
151204,0.11115884780883789
119765,0.10686039924621582
144888,0.10649824142456055
94745,0.10252618789672852
93329,0.13346219062805176
100849,0.10949230194091797
140736,0.09692597389221191
143784,0.10849499702453613
99024,0.11167240142822266
144582,0.09922027587890625
101420,0.1152491569519043
130311,0.10192322731018066
100946,0.1019906997680664
100273,0.09897828102111816
124282,0.09905481338500977
149310,0.11422014236450195
127833,0.10946416854858398
153795,0.10965895652770996
103270,0.09714508056640625
94306,0.11297178268432617
93338,0.09642481803894043
108180,0.10016012191772461
162304,0.11572027206420898
156099,0.11863327026367188
133667,0.1122276782989502
165752,0.10068655014038086
160532,0.09663009643554688
157754,0.10980224609375
148430,0.11627602577209473
95122,0.09813690185546875
97373,0.0993494987487793
141931,0.08645296096801758
97811,0.1161653995513916
98095,0.0951077938079834
128394,0.11872315406799316
100306,0.09325599670410156
95706,0.10647940635681152
101470,0.09731459617614746
145853,0.10849428176879883
144353,0.11571121215820312
98870,0.10166096687316895
104420,0.10886049270629883
149033,0.11088681221008301
