129346,0.11258792877197266
104899,0.09938955307006836
95147,0.10819864273071289
92744,0.1126246452331543
115204,0.11025691032409668
110335,0.11357688903808594
99207,0.12446761131286621
148073,0.09834170341491699
117416,0.1084296703338623
99748,0.10762238502502441
93196,0.10519552230834961
91415,0.10919690132141113
102979,0.11324667930603027
110757,0.11214423179626465
95985,0.09954261779785156
95392,0.09631657600402832
98140,0.1016085147857666
160122,0.11839509010314941
101456,0.11051273345947266
121544,0.10364985466003418
153738,0.09617137908935547
147357,0.10004734992980957
142846,0.10671281814575195
122444,0.09281349182128906
151564,0.10370469093322754
107556,0.11225128173828125
91335,0.11293864250183105
89578,0.11214900016784668
92269,0.1194770336151123
92390,0.11810564994812012
118707,0.09900140762329102
93972,0.10898470878601074
128588,0.09929037094116211
101153,0.11243295669555664
93661,0.10714173316955566
89404,0.10498166084289551
90836,0.10729122161865234
92557,0.1096048355102539
93998,0.11197018623352051
94644,0.10457110404968262
95727,0.1187293529510498
94613,0.10540485382080078
93312,0.11250948905944824
93543,0.10161447525024414
94937,0.09688091278076172
92912,0.10791325569152832
92116,0.0901341438293457
94408,0.0956125259399414
126164,0.12539148330688477
158363,0.11271810531616211
138392,0.1120920181274414
97747,0.10375833511352539
97867,0.10436224937438965
95534,0.11416983604431152
94977,0.11055135726928711
96670,0.1117408275604248
146386,0.10562968254089355
108380,0.10688447952270508
96150,0.11421942710876465
92518,0.10671281814575195
97089,0.09521055221557617
98036,0.09681272506713867
128910,0.09528255462646484
132203,0.10921120643615723
130390,0.10491800308227539
104411,0.11406087875366211
102020,0.11344337463378906
115360,0.11200833320617676
105661,0.10764575004577637
101565,0.10879659652709961
113767,0.11593866348266602
110203,0.11247825622558594
108359,0.10867810249328613
109999,0.10078644752502441
157209,0.11437344551086426
135848,0.09897136688232422
112857,0.10241341590881348
112598,0.09826350212097168
136536,0.09772706031799316
94304,0.10245251655578613
90048,0.10577535629272461
91388,0.11378765106201172
91376,0.10547423362731934
94366,0.10522818565368652
98427,0.10458016395568848
104308,0.10902714729309082
98684,0.10245203971862793
116654,0.11183285713195801
118009,0.09999966621398926
155673,0.1128535270690918
105260,0.11405038833618164
148422,0.115478515625
156376,0.10980558395385742
98859,0.11029839515686035
94126,0.10607719421386719
95807,0.1095893383026123
93821,0.11268472671508789
96065,0.1089789867401123
99507,0.10828232765197754
129051,0.09174275398254395
132575,0.10541605949401855
159962,0.0992884635925293
106986,0.11245059967041016
93339,0.10989809036254883
95045,0.1069183349609375
108670,0.11283612251281738
144424,0.11488628387451172
157913,0.1000216007232666
118418,0.11867308616638184
147904,0.11444473266601562
92946,0.11810827255249023
92521,0.1144263744354248
99238,0.11254000663757324
137739,0.11195683479309082
140056,0.11278891563415527
97091,0.10667037963867188
140620,0.0954592227935791
98842,0.11665797233581543
125645,0.1071929931640625
98781,0.11848068237304688
98645,0.11052298545837402
123811,0.10245800018310547
146139,0.11358451843261719
129546,0.10468196868896484
153564,0.11553788185119629
108494,0.09134602546691895
92262,0.10717177391052246
91236,0.11539340019226074
105720,0.11345767974853516
158942,0.11080503463745117
149598,0.10676908493041992
132008,0.10611391067504883
160535,0.10589265823364258
159718,0.10163402557373047
151339,0.12183070182800293
143610,0.1132974624633789
93467,0.1130363941192627
94912,0.11319875717163086
138297,0.10686278343200684
98137,0.1058804988861084
95990,0.1032569408416748
125585,0.1136636734008789
98294,0.11278414726257324
93098,0.10826587677001953
98746,0.09493422508239746
145036,0.11304759979248047
146383,0.10666322708129883
96426,0.09484028816223145
102750,0.12064766883850098
146861,0.1194911003112793
