319192,0.3231363296508789
271230,0.3439021110534668
242605,0.30646729469299316
232926,0.3093571662902832
269252,0.3193812370300293
266882,0.3191258907318115
251320,0.3203911781311035
318780,0.3154408931732178
285554,0.31429600715637207
252255,0.2968893051147461
239268,0.336719274520874
232558,0.2860407829284668
258043,0.29207897186279297
272632,0.31865715980529785
243375,0.3093395233154297
237724,0.30761075019836426
242167,0.29143571853637695
355523,0.31537604331970215
267651,0.3047335147857666
300971,0.30891871452331543
335170,0.3000204563140869
336780,0.3166940212249756
334624,0.31694483757019043
299579,0.29999208450317383
325472,0.31632065773010254
253919,0.33393168449401855
223486,0.3110337257385254
219616,0.29736781120300293
228565,0.30631518363952637
223886,0.2960672378540039
272874,0.29299497604370117
238948,0.29373836517333984
274542,0.29956746101379395
249091,0.29906439781188965
231608,0.32549333572387695
218268,0.31433749198913574
219620,0.31716060638427734
223866,0.296276330947876
231350,0.30419254302978516
231090,0.29571056365966797
230076,0.3066680431365967
227833,0.29790401458740234
229711,0.3061685562133789
224434,0.2988910675048828
227393,0.3078732490539551
226152,0.32186388969421387
225242,0.2973592281341553
234528,0.2942197322845459
301325,0.2983675003051758
353585,0.3158121109008789
313820,0.33156824111938477
243038,0.31758999824523926
241610,0.29111385345458984
233780,0.29610633850097656
228599,0.2927708625793457
235021,0.30060815811157227
363320,0.30382394790649414
280681,0.3128838539123535
239938,0.2935304641723633
223823,0.2937912940979004
237934,0.29895448684692383
237553,0.30297112464904785
277248,0.3545680046081543
293309,0.3065814971923828
296831,0.2966485023498535
246829,0.30199289321899414
244988,0.29624414443969727
272452,0.30089306831359863
266130,0.31713342666625977
255349,0.29659509658813477
284311,0.30885982513427734
284994,0.31673336029052734
289112,0.31542444229125977
291572,0.3165090084075928
376965,0.33193039894104004
367084,0.30135011672973633
302312,0.303830623626709
296961,0.30625176429748535
344138,0.3154478073120117
229880,0.30356454849243164
218933,0.3025789260864258
224263,0.2989323139190674
220495,0.2988893985748291
231315,0.314730167388916
241012,0.31287646293640137
255353,0.29851460456848145
241304,0.296445369720459
282437,0.30345821380615234
290412,0.3097388744354248
323395,0.29872894287109375
260008,0.28677988052368164
344000,0.32563066482543945
363970,0.31964564323425293
244813,0.2899456024169922
229341,0.29700469970703125
236983,0.31299829483032227
228122,0.32099366188049316
234896,0.3104588985443115
254131,0.3100461959838867
302519,0.31909799575805664
319420,0.3194122314453125
356653,0.30280375480651855
261514,0.29843926429748535
227888,0.34485793113708496
230132,0.28823304176330566
262024,0.3057079315185547
426123,0.3116474151611328
457627,0.3343350887298584
282025,0.30331850051879883
340587,0.30051088333129883
222032,0.2992374897003174
222311,0.31113123893737793
242954,0.2909426689147949
300751,0.316556453704834
307038,0.3185751438140869
253214,0.29464006423950195
298973,0.34317564964294434
248767,0.32546401023864746
299233,0.30803751945495605
243386,0.30855512619018555
242245,0.3212730884552002
288149,0.29309844970703125
327943,0.31171202659606934
310006,0.2974269390106201
368280,0.32761573791503906
256018,0.3291807174682617
225300,0.2893483638763428
222823,0.2993049621582031
258396,0.2993292808532715
334735,0.2949976921081543
352155,0.3021059036254883
328313,0.2997138500213623
350712,0.30962443351745605
316087,0.3549172878265381
327685,0.29802536964416504
305946,0.2989487648010254
229158,0.29944944381713867
228959,0.30803942680358887
300221,0.306304931640625
250448,0.2872591018676758
236129,0.30810046195983887
287587,0.2996211051940918
242396,0.29905200004577637
229929,0.2982933521270752
242243,0.30702900886535645
332428,0.3202524185180664
361851,0.3117647171020508
242091,0.28624463081359863
251176,0.29857492446899414
302859,0.3296012878417969
