171621,0.1967487335205078
142279,0.17461729049682617
127877,0.16799592971801758
123192,0.16919374465942383
149291,0.1703176498413086
146318,0.17194485664367676
132005,0.17441630363464355
181178,0.1804046630859375
153872,0.17033171653747559
134546,0.1665339469909668
126344,0.17461180686950684
124586,0.17001748085021973
138287,0.16892528533935547
145819,0.1830124855041504
128590,0.16786837577819824
125349,0.17213726043701172
128731,0.16714024543762207
200852,0.1748061180114746
138897,0.17014360427856445
164497,0.1734302043914795
191864,0.18553638458251953
186901,0.1756458282470703
184366,0.17496776580810547
163967,0.17559814453125
186329,0.17232513427734375
138182,0.183180570602417
120488,0.1734766960144043
119733,0.16862988471984863
123519,0.17107462882995605
122351,0.1649646759033203
150004,0.1721951961517334
128166,0.1695699691772461
156101,0.18529820442199707
135011,0.17214155197143555
125973,0.18899059295654297
118191,0.16958975791931152
119751,0.16855549812316895
123608,0.16679000854492188
125182,0.1698780059814453
122949,0.17168211936950684
125711,0.1702587604522705
125032,0.17519760131835938
125061,0.1694793701171875
122514,0.17444324493408203
125335,0.16385269165039062
122838,0.16995525360107422
122193,0.16383814811706543
126805,0.1739668846130371
167204,0.16753077507019043
185602,0.1743636131286621
175855,0.1828765869140625
131143,0.16861629486083984
129085,0.16643381118774414
125365,0.1798076629638672
124761,0.15839838981628418
127468,0.1729450225830078
197822,0.17488765716552734
148880,0.19012737274169922
128274,0.1643235683441162
120754,0.16593289375305176
127351,0.15364837646484375
127989,0.16673040390014648
152571,0.17277073860168457
161767,0.17296791076660156
163231,0.17160940170288086
133241,0.1759500503540039
128416,0.16723299026489258
147475,0.17191243171691895
139076,0.16946959495544434
134736,0.16851305961608887
152125,0.17465877532958984
147299,0.1702260971069336
151305,0.175093412399292
150136,0.18273711204528809
204165,0.17652630805969238
195471,0.17206859588623047
154479,0.17192435264587402
152764,0.17328572273254395
188504,0.18323421478271484
121181,0.17327213287353516
115673,0.1729600429534912
119092,0.17501282691955566
117278,0.17882037162780762
120780,0.187239408493042
127034,0.16755151748657227
134611,0.17000651359558105
126589,0.17024898529052734
150054,0.16855454444885254
151314,0.14081239700317383
182379,0.18358469009399414
135097,0.17012691497802734
185361,0.16945409774780273
197711,0.1743936538696289
126108,0.18257999420166016
121061,0.1619281768798828
122554,0.16768622398376465
121092,0.16812467575073242
123248,0.17490029335021973
130545,0.17204570770263672
159256,0.18212294578552246
169060,0.17301225662231445
197266,0.1744084358215332
137844,0.17041563987731934
120388,0.19655466079711914
122209,0.172990083694458
138519,0.16864728927612305
224905,0.18465828895568848
248336,0.19181227684020996
153260,0.16989469528198242
179640,0.1731884479522705
118765,0.16996359825134277
117821,0.17579436302185059
127597,0.1724686622619629
163198,0.17643380165100098
168971,0.18471956253051758
136828,0.16707158088684082
160846,0.17701005935668945
131552,0.1765139102935791
162301,0.1724696159362793
127834,0.1787245273590088
126680,0.17647695541381836
154525,0.17219328880310059
182182,0.16817879676818848
160187,0.17398285865783691
201477,0.1818525791168213
137016,0.16943001747131348
118670,0.16024208068847656
117110,0.1706836223602295
136014,0.16990900039672852
189865,0.17246079444885254
193487,0.17689204216003418
177953,0.1728978157043457
192924,0.16840219497680664
176825,0.1995704174041748
179928,0.16879510879516602
170135,0.17480683326721191
120715,0.1718001365661621
120336,0.16635608673095703
163916,0.18612980842590332
133512,0.17078709602355957
124548,0.17340350151062012
155738,0.18733739852905273
128249,0.18042707443237305
122249,0.16255760192871094
128043,0.17051982879638672
180538,0.17246699333190918
198854,0.17332005500793457
126707,0.16728758811950684
132938,0.16559958457946777
166908,0.18151068687438965
