54995,0.07968258857727051
50582,0.07859325408935547
51334,0.07084989547729492
51292,0.07941675186157227
56045,0.07948660850524902
51614,0.07964658737182617
50821,0.07814502716064453
60268,0.07290530204772949
54345,0.07155537605285645
50417,0.08182430267333984
50558,0.06940078735351562
50797,0.08118009567260742
51973,0.08234786987304688
51781,0.0787045955657959
51281,0.0785520076751709
51184,0.07520914077758789
51699,0.08117246627807617
67718,0.0803220272064209
52020,0.07915902137756348
54622,0.06954765319824219
76298,0.07600617408752441
56831,0.08422565460205078
57261,0.07987117767333984
54463,0.0798184871673584
57357,0.07711029052734375
54952,0.07195210456848145
51284,0.0811617374420166
51060,0.07942628860473633
51317,0.07097148895263672
51111,0.08277368545532227
58828,0.07931995391845703
51435,0.07621240615844727
58592,0.0760793685913086
51233,0.07668018341064453
50874,0.08109092712402344
51149,0.07559776306152344
50964,0.0698843002319336
50938,0.08004999160766602
51069,0.07726860046386719
51286,0.07325434684753418
51069,0.07923746109008789
51384,0.07546353340148926
51092,0.07393503189086914
50982,0.07668447494506836
51331,0.0738379955291748
52014,0.07394838333129883
51289,0.07967329025268555
51593,0.07623457908630371
56371,0.07833623886108398
62852,0.08363580703735352
56341,0.07817816734313965
51432,0.08512568473815918
51156,0.07872629165649414
51604,0.0775766372680664
51336,0.07976126670837402
51722,0.07988381385803223
60126,0.07099723815917969
52752,0.07639598846435547
51436,0.07521533966064453
50996,0.07819986343383789
51301,0.07526469230651855
51730,0.07370686531066895
54430,0.07753229141235352
53881,0.08168721199035645
53484,0.07003521919250488
51319,0.07595443725585938
52286,0.07540035247802734
53972,0.07884693145751953
51600,0.08024144172668457
52355,0.07838845252990723
53528,0.07895922660827637
51627,0.0772714614868164
51612,0.0789949893951416
51816,0.0796658992767334
55973,0.0708017349243164
55823,0.08104968070983887
50444,0.07752871513366699
52070,0.07791638374328613
63212,0.08025145530700684
52731,0.07814455032348633
50907,0.07251143455505371
51021,0.07416558265686035
51307,0.07691121101379395
51474,0.07633280754089355
51986,0.0701911449432373
51945,0.0776972770690918
52637,0.0764310359954834
54348,0.07628893852233887
54899,0.0786435604095459
58904,0.07763075828552246
51163,0.07917165756225586
60863,0.07558345794677734
60497,0.07116913795471191
53304,0.0752096176147461
52149,0.08813619613647461
51425,0.0753474235534668
51153,0.07807421684265137
51931,0.07976889610290527
51980,0.07771825790405273
56872,0.07202601432800293
56083,0.07612895965576172
59274,0.07423758506774902
53658,0.0844717025756836
51704,0.07559490203857422
51621,0.07372760772705078
52706,0.08107519149780273
66159,0.07805609703063965
56291,0.07222938537597656
54525,0.07602381706237793
72212,0.07331371307373047
52291,0.07699394226074219
51366,0.07666015625
52978,0.07735872268676758
56018,0.07725334167480469
60648,0.08189225196838379
52353,0.08036422729492188
58815,0.07802557945251465
51855,0.07434868812561035
55506,0.08106136322021484
52737,0.07989168167114258
52264,0.07790255546569824
54354,0.08000636100769043
55854,0.07903242111206055
56560,0.08098745346069336
61538,0.08573365211486816
53155,0.0833580493927002
52064,0.07654070854187012
51350,0.08321213722229004
52743,0.0786139965057373
62042,0.08125996589660645
59997,0.07544183731079102
59267,0.07129979133605957
61189,0.07480692863464355
68091,0.0773465633392334
60436,0.07875800132751465
61883,0.07843756675720215
51505,0.07692289352416992
52386,0.07160401344299316
59921,0.08114480972290039
52937,0.07364511489868164
52048,0.08738040924072266
56422,0.08608794212341309
51457,0.07877278327941895
51571,0.08307337760925293
52601,0.07655811309814453
60920,0.08037400245666504
62224,0.08046126365661621
51884,0.07958984375
52104,0.07843685150146484
63793,0.07290959358215332
