109296,0.10159754753112793
88591,0.10480022430419922
82478,0.09425067901611328
80154,0.10151124000549316
97808,0.11320829391479492
91960,0.09538602828979492
84345,0.09373903274536133
126542,0.11497735977172852
99223,0.11294674873352051
84429,0.11429858207702637
80391,0.11056089401245117
79526,0.10055994987487793
87501,0.10258746147155762
93080,0.10250043869018555
83223,0.09081387519836426
82626,0.11062288284301758
84757,0.11434650421142578
133781,0.10487079620361328
87627,0.10948896408081055
103465,0.10451650619506836
133808,0.10952925682067871
125130,0.10361695289611816
121851,0.1039438247680664
103932,0.09378552436828613
128885,0.09818911552429199
94898,0.0928342342376709
80119,0.10068273544311523
78709,0.10389113426208496
81023,0.10330510139465332
80884,0.1083841323852539
102357,0.11898088455200195
83079,0.11267375946044922
110984,0.1186361312866211
86977,0.11780810356140137
81359,0.11265850067138672
78946,0.10799074172973633
79674,0.11134958267211914
80667,0.1099395751953125
81870,0.11052846908569336
82431,0.1116492748260498
82388,0.11635637283325195
82891,0.11071920394897461
82508,0.1096799373626709
81901,0.11937260627746582
82917,0.10619950294494629
81688,0.09115839004516602
80968,0.10131096839904785
83039,0.10383319854736328
110105,0.10685968399047852
134686,0.11048316955566406
116789,0.11510086059570312
84470,0.10045433044433594
84009,0.11500167846679688
83567,0.1106421947479248
82822,0.1018671989440918
84323,0.10848474502563477
122164,0.10661506652832031
93301,0.09835958480834961
84896,0.10906481742858887
82349,0.10395693778991699
85953,0.10734748840332031
85508,0.10648632049560547
110313,0.10375142097473145
108928,0.11109256744384766
111278,0.11247539520263672
90041,0.09526777267456055
88406,0.10978412628173828
99028,0.1325976848602295
91468,0.0994107723236084
88401,0.10719823837280273
96788,0.0991053581237793
92662,0.11246895790100098
90946,0.11317229270935059
92125,0.11750650405883789
129024,0.1086423397064209
120791,0.1077733039855957
99733,0.10683512687683105
99716,0.09502696990966797
125661,0.11374711990356445
84181,0.1013956069946289
81254,0.10655426979064941
83281,0.10556864738464355
82556,0.11118435859680176
84371,0.09927845001220703
87469,0.11099624633789062
91750,0.11307382583618164
87879,0.09383106231689453
102198,0.10113263130187988
102494,0.1052560806274414
132792,0.10904288291931152
90818,0.11318016052246094
132149,0.11034536361694336
135232,0.10926437377929688
89528,0.10803842544555664
85410,0.1149289608001709
85607,0.1008291244506836
85236,0.09348845481872559
86290,0.09758186340332031
89409,0.09890437126159668
114972,0.09111833572387695
115507,0.11330890655517578
142102,0.10285162925720215
90972,0.1224207878112793
84627,0.1027228832244873
85074,0.10031914710998535
96624,0.1127922534942627
129407,0.09174132347106934
132561,0.10588741302490234
103450,0.10488533973693848
134681,0.1111609935760498
84585,0.10231947898864746
83328,0.10191702842712402
89292,0.11189794540405273
122555,0.11629748344421387
125705,0.11307930946350098
88878,0.08781743049621582
125151,0.10648369789123535
89212,0.11467194557189941
114933,0.11228060722351074
89445,0.10836338996887207
89064,0.10860776901245117
110877,0.1103811264038086
129814,0.11420536041259766
116624,0.11198043823242188
132732,0.09554219245910645
91672,0.10480475425720215
85005,0.1147003173828125
83831,0.09486246109008789
94562,0.10616779327392578
141552,0.10846662521362305
132790,0.11206531524658203
120555,0.10455870628356934
144974,0.109405517578125
136542,0.10914182662963867
139030,0.10509419441223145
132514,0.10819005966186523
85754,0.10360240936279297
88401,0.0919795036315918
126017,0.10269284248352051
88810,0.10705852508544922
88240,0.11777067184448242
112350,0.10004425048828125
89852,0.10034322738647461
86275,0.11082816123962402
91236,0.10770845413208008
131980,0.11309456825256348
132764,0.10081648826599121
88378,0.11359238624572754
93713,0.1118478775024414
127674,0.10490798950195312
