100290,0.09587693214416504
82664,0.10361242294311523
77612,0.1141355037689209
76004,0.1103053092956543
91531,0.11118006706237793
84746,0.11111879348754883
79041,0.10396838188171387
117523,0.09499692916870117
92613,0.11300826072692871
79299,0.10462284088134766
76167,0.11300516128540039
75370,0.1086740493774414
82358,0.11202454566955566
86939,0.10566830635070801
77866,0.11026263236999512
78307,0.1094503402709961
80129,0.10702204704284668
126991,0.11175012588500977
81537,0.10233807563781738
94229,0.11234116554260254
134762,0.11290454864501953
115655,0.09891605377197266
111728,0.10871458053588867
95338,0.09428906440734863
118228,0.09452629089355469
90330,0.11279129981994629
75935,0.10618448257446289
75088,0.12079453468322754
76488,0.120086669921875
76866,0.10692334175109863
95920,0.10084152221679688
78870,0.10426616668701172
103172,0.11133217811584473
81307,0.11046433448791504
77254,0.11129593849182129
75073,0.12087774276733398
75762,0.10722923278808594
76493,0.11159563064575195
77460,0.10450601577758789
77780,0.10629606246948242
77655,0.09790825843811035
77898,0.09635472297668457
78466,0.1109459400177002
77399,0.09002113342285156
78276,0.11370611190795898
77492,0.10671114921569824
76519,0.10215020179748535
78115,0.09756350517272949
101944,0.1054837703704834
123736,0.10492300987243652
106866,0.1043388843536377
79080,0.10914874076843262
79012,0.10278153419494629
78232,0.11104416847229004
78147,0.1120448112487793
79202,0.0952458381652832
110917,0.11266756057739258
87063,0.11138272285461426
79890,0.10817551612854004
77729,0.10681033134460449
80611,0.11234116554260254
80400,0.10138940811157227
100771,0.10695481300354004
99510,0.1081700325012207
103319,0.10530519485473633
83419,0.11158370971679688
83056,0.09915637969970703
92187,0.11883759498596191
84631,0.11011552810668945
82509,0.1118919849395752
89633,0.11119914054870605
85818,0.10516834259033203
84400,0.10759806632995605
85135,0.1153709888458252
115478,0.09819531440734863
110282,0.1121678352355957
96566,0.11306548118591309
92776,0.10996437072753906
114589,0.10366129875183105
79379,0.10341405868530273
76751,0.0924530029296875
77955,0.1039590835571289
78031,0.1081085205078125
79246,0.10042095184326172
81559,0.10475897789001465
85503,0.10876321792602539
81967,0.10867643356323242
94688,0.10681581497192383
95165,0.10768389701843262
120155,0.0976266860961914
83753,0.10634398460388184
121252,0.10210728645324707
121731,0.10742735862731934
83618,0.10923099517822266
80328,0.11571335792541504
80279,0.09843921661376953
79726,0.10808134078979492
80730,0.11275410652160645
83213,0.10518980026245117
105977,0.10867190361022949
105718,0.10115456581115723
131044,0.1100623607635498
90975,0.10877418518066406
79072,0.08426165580749512
79727,0.10764908790588379
89364,0.10765361785888672
124508,0.10683250427246094
123768,0.10921216011047363
93297,0.10350704193115234
126037,0.11652183532714844
79697,0.11215996742248535
78768,0.10176420211791992
82868,0.10637211799621582
109971,0.11186480522155762
115151,0.10894584655761719
86486,0.11162376403808594
114830,0.10728931427001953
83694,0.09537196159362793
104804,0.08915448188781738
83064,0.0858466625213623
82859,0.10180187225341797
100315,0.10519146919250488
117390,0.09813666343688965
112661,0.11353182792663574
122638,0.10704421997070312
92102,0.10406756401062012
79228,0.10066533088684082
78517,0.11062335968017578
87632,0.09778833389282227
130688,0.10376334190368652
124967,0.10638642311096191
115419,0.11180782318115234
132721,0.09349489212036133
136291,0.10960936546325684
127748,0.1106557846069336
123320,0.10707736015319824
80552,0.10725665092468262
82196,0.09215617179870605
115686,0.10432863235473633
86846,0.11225652694702148
81578,0.10685396194458008
101646,0.08776092529296875
83061,0.09638619422912598
80139,0.1061544418334961
84298,0.10757565498352051
123242,0.09128594398498535
128117,0.10797834396362305
82095,0.09941363334655762
86295,0.08122444152832031
123412,0.10880446434020996
