197960,0.2738795280456543
172390,0.2996091842651367
170295,0.2752676010131836
172313,0.2756834030151367
192246,0.28771066665649414
247608,0.27723169326782227
209979,0.27879858016967773
179797,0.25575685501098633
171580,0.2708110809326172
174865,0.26630616188049316
174138,0.2684798240661621
173947,0.27767229080200195
209317,0.25664401054382324
164458,0.2572901248931885
188327,0.27072739601135254
168766,0.2533714771270752
171842,0.25219178199768066
163270,0.26610493659973145
172401,0.27104854583740234
180263,0.25881457328796387
169649,0.25205183029174805
167927,0.2488420009613037
201397,0.26439356803894043
186306,0.2537708282470703
167570,0.26416993141174316
224472,0.22538208961486816
173142,0.26765918731689453
203335,0.26355886459350586
175225,0.2569890022277832
180584,0.258880615234375
181350,0.24486064910888672
216387,0.2575819492340088
199854,0.26202821731567383
237185,0.29573965072631836
194686,0.261091947555542
166842,0.2534780502319336
186211,0.27234673500061035
139070,0.14003920555114746
