271780,0.2675952911376953
254267,0.2781941890716553
230399,0.2779722213745117
234272,0.26644372940063477
267327,0.28090929985046387
377167,0.2626066207885742
293549,0.24809026718139648
185780,0.24976611137390137
241685,0.26776671409606934
183357,0.2606072425842285
186518,0.2686448097229004
184319,0.26610445976257324
326621,0.2590298652648926
195339,0.2581210136413574
301019,0.24062800407409668
209880,0.2725040912628174
254866,0.2850372791290283
228271,0.25643301010131836
290767,0.2757997512817383
285679,0.27187132835388184
184451,0.2589075565338135
215925,0.24666523933410645
317460,0.2754387855529785
281219,0.2751576900482178
193647,0.2406308650970459
365297,0.2755444049835205
247735,0.2611384391784668
308046,0.27367091178894043
254112,0.26467156410217285
284641,0.270186185836792
278794,0.24759817123413086
313157,0.26584529876708984
332466,0.26618242263793945
370604,0.2689194679260254
213775,0.2767472267150879
241462,0.2608506679534912
289978,0.26740384101867676
213476,0.1621863842010498
