181665,0.2918202877044678
163441,0.2571988105773926
165529,0.26141357421875
160019,0.27374958992004395
176852,0.26598095893859863
230066,0.26053714752197266
191058,0.29390907287597656
173473,0.27974987030029297
163474,0.272327184677124
169607,0.27040719985961914
170598,0.25873732566833496
167254,0.25948047637939453
195589,0.2573249340057373
170727,0.26483583450317383
174489,0.24627923965454102
179546,0.2799978256225586
163745,0.2917766571044922
162602,0.26355457305908203
170842,0.27249908447265625
167542,0.2638680934906006
168140,0.26119041442871094
163827,0.24157333374023438
183576,0.3151669502258301
172167,0.26807618141174316
172214,0.2517070770263672
204792,0.27288031578063965
175927,0.27149009704589844
187194,0.2983059883117676
165561,0.2714550495147705
167278,0.24106359481811523
165809,0.24989986419677734
204012,0.27278637886047363
187973,0.27002668380737305
215858,0.2552528381347656
183828,0.2527129650115967
161672,0.2716972827911377
175955,0.2538108825683594
125696,0.14569950103759766
