154037,0.28616833686828613
153947,0.26914215087890625
147816,0.2699728012084961
151303,0.2687113285064697
149395,0.27821850776672363
166746,0.2735288143157959
153937,0.2739887237548828
159840,0.27202677726745605
153605,0.2561163902282715
151773,0.26793622970581055
148876,0.26258349418640137
150809,0.270982027053833
148285,0.2514972686767578
149365,0.25348782539367676
162551,0.25522470474243164
152658,0.2560701370239258
147455,0.23203825950622559
153537,0.24563908576965332
161195,0.22206664085388184
156072,0.23429369926452637
150461,0.2714996337890625
151295,0.2517237663269043
150838,0.2754371166229248
153797,0.280102014541626
155765,0.25066041946411133
147088,0.2778475284576416
153748,0.28116869926452637
144309,0.28129100799560547
159795,0.26259803771972656
143767,0.25163960456848145
154138,0.2502787113189697
161453,0.27191615104675293
155720,0.25621581077575684
147443,0.24982690811157227
164851,0.2690773010253906
152337,0.24903154373168945
163255,0.24884605407714844
97695,0.14121723175048828
