163540,0.2805135250091553
155499,0.2665121555328369
155298,0.26952266693115234
156069,0.2532188892364502
149107,0.27252864837646484
174849,0.26447582244873047
159226,0.2542245388031006
159864,0.2758491039276123
153546,0.27267980575561523
151687,0.30730628967285156
151535,0.26881933212280273
150090,0.2667672634124756
152010,0.2626230716705322
153440,0.27142834663391113
160625,0.25159287452697754
157478,0.3042309284210205
153647,0.2839953899383545
151433,0.26064300537109375
159950,0.27503156661987305
155716,0.269061803817749
149185,0.25992393493652344
150093,0.25481510162353516
162536,0.27167296409606934
151960,0.2740955352783203
155103,0.2472975254058838
145713,0.25762391090393066
158558,0.258805513381958
142896,0.275637149810791
159315,0.2609443664550781
153785,0.265169620513916
161365,0.24267959594726562
168690,0.2667388916015625
164639,0.2672266960144043
148672,0.25194692611694336
165351,0.25943446159362793
151091,0.27043890953063965
158665,0.2559342384338379
94226,0.14096379280090332
