152728,0.2837028503417969
157611,0.2743082046508789
150577,0.2897961139678955
153980,0.27443480491638184
151811,0.2726614475250244
176797,0.2729520797729492
162492,0.2614412307739258
161032,0.2810819149017334
156832,0.2681128978729248
158078,0.26016688346862793
153562,0.26021361351013184
153128,0.2844550609588623
153352,0.25370335578918457
153576,0.2568213939666748
153429,0.2589073181152344
165600,0.2572033405303955
159434,0.2534935474395752
156159,0.26656341552734375
163702,0.2682158946990967
157933,0.26725172996520996
155683,0.24973392486572266
162249,0.2551710605621338
152015,0.25850367546081543
154108,0.25530147552490234
161398,0.2765328884124756
157959,0.26488494873046875
156497,0.27889585494995117
149205,0.2713944911956787
166976,0.24969792366027832
150479,0.2741520404815674
167850,0.26332783699035645
174436,0.2546083927154541
152406,0.26062440872192383
162297,0.28765034675598145
162292,0.26294970512390137
155829,0.25173044204711914
176964,0.2757291793823242
98409,0.138871431350708
