766935,1.0797712802886963
659575,1.0678215026855469
665878,1.0714104175567627
667046,1.0470032691955566
742471,1.0903966426849365
802771,1.0957176685333252
686531,1.030515432357788
536937,1.0641202926635742
576991,1.015589714050293
530414,1.057276725769043
579394,1.010735034942627
581808,1.011899709701538
825285,1.0197851657867432
602632,1.020566463470459
786891,1.0541901588439941
619127,1.034311294555664
624270,1.0318834781646729
737068,1.062535285949707
859068,1.0445091724395752
820136,1.0718052387237549
525079,1.0623252391815186
669987,1.0456318855285645
867527,1.0772345066070557
715903,1.0633065700531006
629499,1.027045488357544
825466,1.020519733428955
662976,1.0777325630187988
726756,1.0705697536468506
685904,1.0591027736663818
782178,1.0792956352233887
718009,1.0600240230560303
696140,1.0322368144989014
913513,1.070042371749878
887007,1.037874698638916
628470,1.0337393283843994
715085,1.0327494144439697
788277,1.024540901184082
593648,0.5535917282104492
