268367,0.2839336395263672
237488,0.27285289764404297
219082,0.27866029739379883
225532,0.283552885055542
252672,0.2953157424926758
365545,0.28504347801208496
281456,0.281233549118042
184812,0.2673008441925049
230216,0.27184271812438965
186493,0.27452969551086426
177472,0.252504825592041
184819,0.2633779048919678
282283,0.28925466537475586
184437,0.27703142166137695
273530,0.2534780502319336
190040,0.3065359592437744
237202,0.26606202125549316
209903,0.2628607749938965
234033,0.250262975692749
261772,0.2792325019836426
188257,0.23566222190856934
195367,0.24631619453430176
290952,0.2788357734680176
258348,0.2747628688812256
185288,0.2506258487701416
343253,0.2725856304168701
219661,0.27993035316467285
285496,0.2855033874511719
241280,0.26873087882995605
270366,0.27611589431762695
253486,0.24882268905639648
305878,0.2658393383026123
289933,0.255704402923584
354096,0.2540581226348877
201273,0.2733573913574219
217798,0.2643914222717285
258222,0.25193142890930176
210570,0.1612086296081543
