647084,1.1945128440856934
563475,1.0665910243988037
534402,1.0151879787445068
546026,1.0869770050048828
613164,1.066335678100586
713654,1.0581696033477783
581172,1.0475530624389648
444551,1.0890233516693115
531124,1.0776970386505127
416873,1.100874662399292
450573,1.1228289604187012
444931,1.069535732269287
733294,1.102940320968628
467880,1.1018164157867432
712474,1.0919575691223145
495565,1.0845417976379395
608752,1.1046767234802246
562310,1.088127613067627
707120,1.1200239658355713
697046,1.0966064929962158
411669,1.090062141418457
514219,1.1065967082977295
702570,1.1386756896972656
625964,1.112243413925171
484468,1.0599396228790283
773473,1.0804803371429443
651295,1.1084976196289062
628713,1.0639140605926514
553875,1.118025541305542
635068,1.0830957889556885
607756,1.1019675731658936
585066,1.0675902366638184
701284,1.0523240566253662
745184,1.065171718597412
463518,1.0323071479797363
541159,1.0210177898406982
623847,1.0217599868774414
444916,0.567615270614624
