116966,0.15157318115234375
118864,0.14577388763427734
108104,0.1413888931274414
108209,0.13776087760925293
122476,0.14865899085998535
136474,0.13839030265808105
118361,0.14645767211914062
112126,0.13839149475097656
109319,0.13573694229125977
104495,0.14988160133361816
104454,0.1473402976989746
106398,0.14018964767456055
124310,0.1401960849761963
105773,0.13462519645690918
110869,0.13856244087219238
107956,0.15987586975097656
109779,0.13811492919921875
109716,0.14896416664123535
113518,0.1381392478942871
114578,0.15014219284057617
103258,0.13409924507141113
109810,0.13666653633117676
121550,0.14486360549926758
113817,0.13917946815490723
109466,0.13728904724121094
123648,0.11306166648864746
120671,0.14306330680847168
121594,0.13851547241210938
123345,0.13816142082214355
114345,0.13898491859436035
117265,0.14133405685424805
126019,0.140411376953125
124318,0.14448094367980957
126883,0.14866375923156738
121319,0.14432740211486816
108313,0.14321064949035645
117479,0.14003491401672363
61440,0.08928298950195312
