158388,0.29339146614074707
155687,0.27085041999816895
161179,0.27398252487182617
152695,0.2771425247192383
158155,0.29169678688049316
190582,0.27608418464660645
168938,0.278536319732666
169094,0.26960206031799316
153371,0.26041746139526367
156813,0.26900696754455566
160249,0.2563924789428711
159315,0.26102685928344727
160841,0.2862722873687744
160292,0.26882147789001465
157222,0.25299763679504395
162878,0.2768998146057129
155062,0.27715039253234863
162303,0.267505407333374
172682,0.2727839946746826
151685,0.29723310470581055
154406,0.2652711868286133
157854,0.2468109130859375
159450,0.26126623153686523
155810,0.26767945289611816
160521,0.2476649284362793
170789,0.27467775344848633
165305,0.27797746658325195
159145,0.2665281295776367
165485,0.26665496826171875
148889,0.26673269271850586
165553,0.2524557113647461
176002,0.2605781555175781
164163,0.25563645362854004
174785,0.2585301399230957
169235,0.27180981636047363
161207,0.26002931594848633
178483,0.2503197193145752
111075,0.1491718292236328
