129033,0.1364884376525879
132039,0.14132022857666016
118803,0.13704538345336914
120871,0.13791584968566895
132679,0.13826918601989746
149111,0.1361556053161621
128267,0.15125203132629395
123963,0.13770723342895508
122417,0.15403389930725098
116157,0.15253853797912598
115871,0.1354529857635498
117907,0.1380617618560791
136927,0.14367270469665527
116940,0.13782596588134766
125545,0.1363825798034668
121104,0.1554110050201416
123482,0.13260579109191895
121958,0.1376936435699463
127971,0.1382749080657959
128371,0.13759946823120117
115096,0.133375883102417
122000,0.14028096199035645
131718,0.14153099060058594
125759,0.1422877311706543
123123,0.137861967086792
132731,0.1389620304107666
129252,0.1414937973022461
132855,0.14073753356933594
135421,0.1423931121826172
126751,0.1387476921081543
130776,0.1537928581237793
137261,0.13588809967041016
134373,0.13943886756896973
136708,0.1355299949645996
135536,0.15789079666137695
121603,0.1431121826171875
131165,0.13616061210632324
68885,0.09704780578613281
