334332,0.2939753532409668
302127,0.27219080924987793
272811,0.2716383934020996
283970,0.2765798568725586
320197,0.28163862228393555
429989,0.2859499454498291
351135,0.2840840816497803
212855,0.27825474739074707
287718,0.27558088302612305
205853,0.2707376480102539
214881,0.2573111057281494
210226,0.2540130615234375
382349,0.2598090171813965
220940,0.2649238109588623
338040,0.26034069061279297
237019,0.29132819175720215
305098,0.2797672748565674
265683,0.27631211280822754
318360,0.2927372455596924
327116,0.28784608840942383
198648,0.2865126132965088
245362,0.2548837661743164
363837,0.29739928245544434
316750,0.31809377670288086
219058,0.2584526538848877
418394,0.28179383277893066
254977,0.27569055557250977
359958,0.2794358730316162
300381,0.2730069160461426
324176,0.2799663543701172
311695,0.2696809768676758
357705,0.27871084213256836
376516,0.2703516483306885
425049,0.2700200080871582
227777,0.2593715190887451
270032,0.2820851802825928
315401,0.25870609283447266
248954,0.15840959548950195
