800424,1.0724821090698242
692895,1.0595483779907227
697710,1.05653977394104
696868,1.034898042678833
788424,1.0822603702545166
924080,1.0465116500854492
734785,1.0678060054779053
605010,1.0549330711364746
712122,1.0272762775421143
572839,1.0390732288360596
614524,1.0313348770141602
594044,1.0596833229064941
922855,1.0740461349487305
647391,1.0643789768218994
851101,1.0499651432037354
652300,1.0321016311645508
757679,1.0282199382781982
753585,1.024488925933838
860772,1.0415763854980469
901892,1.052182674407959
561686,1.039238452911377
671612,1.055046796798706
847818,1.0673325061798096
789942,1.0513410568237305
664801,1.0662269592285156
950072,1.085784673690796
827272,1.0744822025299072
865546,1.0369267463684082
699374,1.050398588180542
808995,1.072272539138794
774432,1.052854299545288
713620,1.0536277294158936
976857,1.042081356048584
878634,1.0363523960113525
660739,1.0320181846618652
751909,1.0090432167053223
850100,1.0622162818908691
622623,0.5300447940826416
