person 0.7398363947868347 1087 382 1113 415
person 0.6501169800758362 1105 280 1127 304
person 0.7885207533836365 969 191 984 216
person 0.9517905712127686 1070 239 1085 259
person 0.2802950441837311 1140 337 1167 368
person 0.7808687686920166 1141 314 1161 339
car 0.9351325035095215 209 368 311 423
car 0.978757917881012 595 94 623 116
car 0.9212324023246765 113 379 187 428
car 0.9534381031990051 545 570 693 687
car 0.6759455800056458 1021 267 1065 292
car 0.9745073318481445 506 167 539 199
car 0.9549861550331116 10 404 57 440
car 0.9808056354522705 640 158 675 184
car 0.7665319442749023 902 220 947 242
car 0.9896312355995178 621 133 651 156
car 0.5850803852081299 1031 303 1070 329
car 0.45460134744644165 1027 451 1114 535
car 0.9608258008956909 658 133 692 155
