person 0.9385755062103271 367 242 383 272
person 0.9245502352714539 1071 238 1085 257
person 0.5075089931488037 1105 279 1129 305
person 0.9209383130073547 300 229 316 258
car 0.9135224223136902 210 368 310 420
car 0.9373793601989746 114 381 188 428
car 0.9881290793418884 641 157 674 183
car 0.8975757956504822 423 227 496 283
car 0.9870966672897339 971 454 1059 540
car 0.9921038150787354 621 132 651 156
car 0.7796802520751953 1019 267 1065 292
car 0.2719252109527588 753 191 787 215
car 0.9797852635383606 589 76 611 90
car 0.721165657043457 509 180 536 211
car 0.839759349822998 1028 301 1077 330
car 0.8341244459152222 677 113 712 131
traffic_light 0.5671713352203369 1142 316 1161 339
traffic_light 0.899320125579834 397 363 426 390
