person 0.7079811096191406 1106 279 1127 305
person 0.7484982013702393 273 258 299 287
person 0.9660347104072571 1070 238 1084 257
car 0.9369596242904663 133 492 238 560
car 0.9831317663192749 206 369 311 420
car 0.9281406998634338 151 435 254 498
car 0.9847160577774048 60 330 100 363
car 0.9771596789360046 113 382 188 428
car 0.9208201169967651 58 398 113 435
car 0.36520835757255554 1023 267 1063 292
car 0.9851126074790955 607 110 633 134
car 0.9879195690155029 621 135 649 160
car 0.9811834096908569 640 156 674 183
car 0.4740011692047119 906 222 946 241
traffic_light 0.5600892305374146 1142 312 1160 336
traffic_light 0.8300224542617798 915 188 929 209
