person 0.6124716997146606 1070 240 1084 258
person 0.7989416718482971 1110 269 1125 293
person 0.8161482810974121 1141 313 1155 336
car 0.9657977223396301 1018 266 1067 295
car 0.982612133026123 359 243 439 295
car 0.9803769588470459 949 244 1004 267
car 0.9038447737693787 189 497 309 577
car 0.938168466091156 175 431 281 500
car 0.9883362650871277 509 166 541 195
car 0.9882837533950806 563 165 589 197
car 0.8662635087966919 66 434 140 490
car 0.917101263999939 791 193 858 220
car 0.9229819178581238 637 107 661 125
car 0.9190294742584229 727 160 755 183
traffic_light 0.4797804355621338 1133 263 1150 284
