person 0.8042116761207581 1073 234 1084 254
person 0.44428959488868713 1143 315 1156 337
person 0.7316488027572632 866 189 879 210
car 0.9228557348251343 468 470 629 556
car 0.8997366428375244 357 409 502 482
car 0.986580491065979 950 245 1002 268
car 0.9657889604568481 573 94 598 116
car 0.9732019901275635 1018 257 1063 293
car 0.9897956252098083 564 178 591 206
car 0.9702821373939514 1053 284 1107 320
truck 0.8337744474411011 148 502 265 573
traffic_light 0.6138765215873718 885 189 899 213
traffic_light 0.4690181016921997 453 204 464 232
