person 0.9346994757652283 365 237 380 262
person 0.7403746843338013 1105 278 1125 304
person 0.9720450639724731 1071 237 1085 259
person 0.9125422835350037 298 229 316 257
car 0.9878294467926025 330 270 413 320
car 0.9044095277786255 210 368 310 421
car 0.9312808513641357 113 381 187 427
car 0.8377757668495178 838 292 919 359
car 0.9934819340705872 596 86 623 102
car 0.5712707042694092 1021 267 1061 293
car 0.9800266623497009 639 158 676 183
car 0.9603371024131775 491 203 529 227
car 0.9899390339851379 622 133 649 155
car 0.7671135663986206 660 99 689 116
traffic_light 0.7296402454376221 1143 312 1160 337
traffic_light 0.8667547106742859 1107 269 1123 293
traffic_light 0.7605298161506653 397 386 422 415
