person 0.5184649229049683 1142 312 1159 336
person 0.9793628454208374 1070 238 1084 258
person 0.6645950675010681 1106 280 1126 305
person 0.9422502517700195 936 187 950 209
car 0.976193904876709 208 367 311 423
car 0.9178335070610046 110 438 195 494
car 0.9964038133621216 220 285 293 321
car 0.9608831405639648 57 398 114 435
car 0.9774211049079895 112 381 188 427
car 0.44241154193878174 1023 267 1063 292
car 0.9860222339630127 639 157 673 184
car 0.99069744348526 621 134 650 158
car 0.9822221994400024 659 133 692 154
car 0.9700634479522705 599 99 625 119
motorbike 0.6816003918647766 1032 304 1067 329
traffic_light 0.8298645615577698 852 236 889 271
pottedplant 0.3896794021129608 752 191 785 216
