person 0.9580427408218384 939 193 952 219
person 0.6065000891685486 1141 313 1160 335
person 0.5027332305908203 1105 280 1130 305
person 0.9065035581588745 1071 237 1086 254
person 0.4883170425891876 1150 429 1178 469
car 0.9270306825637817 207 367 311 422
car 0.9390150904655457 113 380 187 427
car 0.9803556203842163 595 155 629 181
car 0.9817562103271484 641 156 674 182
car 0.952586829662323 797 230 836 266
car 0.7930184006690979 1018 268 1063 293
car 0.9514855742454529 621 131 651 159
car 0.9542110562324524 698 139 736 162
car 0.6603974103927612 750 540 891 695
car 0.8937034606933594 512 191 536 217
car 0.935341477394104 641 260 694 320
motorbike 0.6555851101875305 1055 337 1098 372
