person 0.5948089361190796 1143 315 1162 335
person 0.5047231912612915 1105 281 1130 305
person 0.6378980278968811 389 474 416 508
person 0.7322932481765747 365 527 393 554
person 0.9514822363853455 1071 236 1086 256
person 0.8669999837875366 298 229 316 257
person 0.804360032081604 1158 286 1174 310
car 0.9243650436401367 209 368 310 422
car 0.9740241765975952 328 257 395 306
car 0.6187326908111572 72 337 115 371
car 0.9550694227218628 113 382 187 426
car 0.9065572619438171 1096 342 1138 383
car 0.8402429819107056 931 331 1009 401
car 0.5679506063461304 1019 267 1063 292
car 0.923568069934845 1028 301 1076 331
car 0.9673382043838501 639 112 667 132
car 0.9912671446800232 621 136 651 159
car 0.8901413083076477 997 233 1033 251
