person 0.6280074119567871 1142 312 1159 337
person 0.5546396374702454 1105 273 1120 294
person 0.945920467376709 1070 239 1083 257
car 0.9336690902709961 190 498 308 576
car 0.9550439119338989 1016 262 1064 294
car 0.9403136968612671 174 431 281 497
car 0.9695836305618286 62 333 104 368
car 0.9720208644866943 514 140 541 169
car 0.9399833679199219 68 436 141 489
car 0.8739243745803833 819 205 882 232
car 0.9723644852638245 563 177 591 207
car 0.37540629506111145 491 208 519 235
car 0.8995461463928223 615 86 635 100
car 0.6545971632003784 1004 246 1036 266
car 0.9455443024635315 670 231 729 271
car 0.9700620770454407 3 478 65 562
traffic_light 0.8056368231773376 1165 266 1182 284
