person 0.6183091998100281 1105 281 1130 305
car 0.9377279877662659 208 367 311 422
car 0.9755010008811951 114 380 186 427
car 0.8263818025588989 859 309 944 383
car 0.6805779933929443 1019 268 1065 292
car 0.9945441484451294 621 133 650 156
car 0.8997846841812134 166 300 218 330
car 0.9798705577850342 639 158 674 183
car 0.8934365510940552 1029 301 1075 331
car 0.8001697063446045 941 337 1016 406
car 0.32249611616134644 776 170 809 197
car 0.9564126133918762 928 219 980 245
car 0.9710285663604736 656 133 691 154
traffic_light 0.5064427256584167 1143 314 1162 338
fire_hydrant 0.5505788326263428 273 257 299 287
