person 0.4382705092430115 1103 278 1128 305
person 0.5566809177398682 1140 312 1157 333
person 0.7629626393318176 861 186 876 209
car 0.9744389653205872 790 278 895 354
car 0.9942597150802612 205 367 311 422
car 0.6532366275787354 1073 330 1120 360
car 0.9339472055435181 188 498 311 576
car 0.7427160739898682 1017 266 1063 291
car 0.979137659072876 510 159 540 189
car 0.9705681800842285 175 430 285 499
car 0.9866572022438049 111 381 190 427
car 0.8300366997718811 1053 238 1085 257
car 0.6845915913581848 1030 303 1067 329
