person 0.20754417777061462 773 167 808 196
person 0.9034691452980042 1072 235 1085 254
person 0.9024949073791504 299 230 316 258
person 0.8592782616615295 940 187 954 207
car 0.9551505446434021 209 368 311 421
car 0.9889591932296753 328 256 399 301
car 0.9637382626533508 113 381 187 428
car 0.9558212161064148 56 398 114 435
car 0.7141848802566528 1019 267 1066 292
car 0.9693118333816528 599 99 625 119
car 0.5848897695541382 960 356 1035 426
car 0.970769464969635 641 159 674 183
car 0.9890785813331604 620 136 650 158
car 0.9136319756507874 82 436 156 498
car 0.9749076962471008 659 133 691 153
car 0.670177161693573 1031 303 1069 329
motorbike 0.31509456038475037 765 167 802 192
traffic_light 0.5899472832679749 1141 313 1158 336
traffic_light 0.41204991936683655 1105 278 1126 305
