person 0.930572509765625 1072 238 1086 260
person 0.732633113861084 451 212 464 237
person 0.5843638181686401 870 192 888 213
person 0.8992214798927307 814 195 827 219
person 0.8763935565948486 1084 240 1102 263
person 0.9055529832839966 297 230 315 258
car 0.9932603240013123 522 466 684 538
car 0.9852466583251953 992 230 1035 253
car 0.9724152088165283 600 155 637 185
car 0.9913383722305298 563 180 590 206
car 0.9512593150138855 1022 289 1118 327
car 0.9891541600227356 564 167 588 194
car 0.9489726424217224 635 152 670 179
motorbike 0.7776563167572021 19 370 52 406
