person 0.9808542728424072 1071 237 1085 255
person 0.5514634847640991 1103 279 1128 306
person 0.9448679089546204 940 194 952 218
car 0.976091206073761 787 294 891 368
car 0.9923642873764038 203 367 312 420
car 0.895720899105072 188 499 310 576
car 0.9962755441665649 589 89 619 110
car 0.8525259494781494 1120 315 1160 345
car 0.9444267153739929 175 431 283 498
car 0.6832606196403503 1019 267 1066 293
car 0.981196403503418 112 380 189 427
car 0.9106733798980713 1031 303 1069 329
traffic_light 0.6841533780097961 861 187 876 210
