person 0.4195146858692169 1143 314 1161 338
person 0.9342327117919922 274 256 298 287
person 0.7264537215232849 423 210 440 244
person 0.49938520789146423 1105 281 1133 306
person 0.9457228183746338 300 229 319 258
car 0.9792447090148926 726 330 835 399
car 0.985511302947998 626 417 778 519
car 0.9727460741996765 207 369 311 424
car 0.9907509684562683 352 314 439 361
car 0.997638463973999 862 324 931 382
car 0.9641607403755188 110 382 176 430
car 0.8879005908966064 986 399 1071 483
car 0.9724200963973999 510 180 538 211
car 0.9333717823028564 908 491 1004 611
car 0.9939647316932678 585 115 615 147
car 0.9944753050804138 593 150 632 183
car 0.9674792289733887 1000 501 1086 601
car 0.9946340322494507 593 136 623 163
car 0.9846526980400085 639 157 671 182
car 0.9786927103996277 550 130 577 155
traffic_light 0.5610151290893555 1148 267 1173 286
traffic_light 0.8222243189811707 1071 239 1083 259
