person 0.5617831349372864 1140 312 1158 335
person 0.5642210841178894 1105 279 1126 304
person 0.8267090916633606 274 257 298 288
person 0.9631558656692505 1070 238 1084 257
car 0.9952684044837952 814 250 902 303
car 0.9912129044532776 202 367 313 421
car 0.9058157801628113 189 499 309 576
car 0.9560729265213013 176 431 283 499
car 0.9779621362686157 112 381 189 427
car 0.994629442691803 589 145 622 171
car 0.9667355418205261 571 97 591 114
car 0.8558844327926636 610 107 632 129
car 0.9565082788467407 658 182 693 208
car 0.8806976079940796 60 397 112 435
car 0.9776792526245117 673 156 718 182
car 0.9879480004310608 624 141 664 167
car 0.4260147511959076 1022 267 1063 293
car 0.7456644773483276 1030 303 1071 329
