person 0.5108022093772888 1104 279 1126 306
person 0.9420421123504639 1071 237 1085 256
person 0.9304028749465942 221 240 237 267
person 0.7309749126434326 275 256 298 286
car 0.9928439259529114 806 245 880 303
car 0.9848514199256897 808 309 900 368
car 0.9933778643608093 205 368 311 420
car 0.9403265714645386 190 498 308 575
car 0.9696848392486572 176 430 282 499
car 0.9824288487434387 111 380 189 427
car 0.8155779242515564 1122 315 1159 345
car 0.6300008893013 1018 267 1064 293
car 0.988109290599823 616 119 643 146
car 0.9070185422897339 1029 303 1071 330
car 0.3637494146823883 624 240 677 297
car 0.9416917562484741 57 396 112 431
motorbike 0.5308436751365662 631 254 672 294
