person 0.5867857336997986 1141 311 1158 335
person 0.9794700741767883 1070 240 1084 258
person 0.8217235207557678 274 257 299 287
person 0.6310499906539917 1104 279 1127 306
car 0.9911495447158813 695 426 789 566
car 0.9913395047187805 203 368 313 419
car 0.9551030397415161 188 498 310 576
car 0.9620233774185181 1042 325 1113 360
car 0.981421947479248 613 115 639 141
car 0.9873470067977905 595 161 627 190
car 0.9417797923088074 709 250 780 302
car 0.9870319366455078 111 381 189 428
car 0.981310248374939 176 431 283 499
car 0.5108160972595215 1019 267 1063 293
car 0.9833278656005859 56 396 115 431
car 0.9729256629943848 48 437 111 486
car 0.9392609596252441 722 200 786 250
