person 0.5617616176605225 1104 278 1127 306
person 0.9603175520896912 1071 237 1085 257
car 0.9578167796134949 210 368 310 421
car 0.961730420589447 114 380 186 428
car 0.7908474802970886 875 335 958 414
car 0.9780247211456299 598 99 625 118
car 0.5641946792602539 1021 268 1063 292
car 0.910094141960144 52 400 105 437
car 0.9836005568504333 641 158 675 183
car 0.9932171702384949 621 134 650 157
car 0.6868923306465149 1031 303 1071 329
car 0.9835354089736938 416 219 492 269
car 0.9830463528633118 659 133 692 154
traffic_light 0.304670125246048 851 238 880 270
traffic_light 0.7317087650299072 839 231 870 262
traffic_light 0.4810918867588043 1144 324 1163 357
