person 0.6155104637145996 1143 312 1157 335
person 0.8018606305122375 1065 269 1084 290
person 0.8219485282897949 768 183 779 206
car 0.9873277544975281 612 382 748 447
car 0.9940687417984009 591 137 622 164
car 0.5865600109100342 266 487 406 566
car 0.9772862792015076 727 436 875 518
car 0.9771979451179504 881 263 949 311
car 0.9929878115653992 563 177 592 204
car 0.9872058629989624 950 245 997 267
car 0.9659377336502075 1017 249 1058 269
car 0.9687076210975647 610 115 637 140
car 0.955927848815918 995 329 1062 379
car 0.9344456195831299 502 180 537 217
car 0.9307188391685486 1018 364 1090 417
car 0.954319417476654 672 158 712 182
truck 0.47289666533470154 268 495 407 574
traffic_light 0.670600950717926 860 186 876 214
