person 0.5406175851821899 1105 280 1126 303
person 0.6750056743621826 1152 425 1178 468
person 0.9345096349716187 1071 237 1085 255
car 0.8652651309967041 636 244 705 321
car 0.9029374122619629 209 368 309 420
car 0.9747179746627808 962 440 1033 516
car 0.916139543056488 113 381 186 427
car 0.8381036520004272 591 365 655 469
car 0.9952836632728577 586 118 616 142
car 0.9248713254928589 663 95 691 120
car 0.9823532104492188 601 162 635 195
car 0.7823271751403809 1017 267 1066 293
car 0.9904546141624451 642 157 674 183
car 0.9905657172203064 621 131 653 159
car 0.5367593169212341 795 232 842 268
car 0.5702993869781494 514 187 535 215
traffic_light 0.5568932890892029 1143 314 1161 336
