person 0.6504682898521423 375 290 391 320
person 0.6225988268852234 1105 281 1128 305
person 0.7255721092224121 1156 429 1183 464
person 0.9149739146232605 1070 239 1085 258
car 0.9511309862136841 210 368 310 422
car 0.9505649209022522 114 380 185 428
car 0.992124617099762 640 158 674 184
car 0.5224574208259583 1021 268 1063 292
car 0.9625943303108215 832 284 905 342
car 0.9918911457061768 622 133 651 157
car 0.8130318522453308 1029 303 1073 330
car 0.9810062646865845 680 159 717 182
traffic_light 0.5118552446365356 1143 316 1161 338
traffic_light 0.595691442489624 826 217 865 246
traffic_light 0.37490537762641907 510 178 531 226
traffic_light 0.9548947215080261 410 301 433 348
traffic_light 0.9004241228103638 414 330 436 359
