person 0.9146744012832642 423 210 443 248
person 0.9058900475502014 274 256 298 288
person 0.9350431561470032 300 231 318 260
person 0.5597489476203918 1105 280 1128 305
person 0.9988904595375061 327 630 372 692
person 0.6382059454917908 1100 406 1123 437
person 0.6125376224517822 1086 240 1102 262
car 0.9683204889297485 202 368 314 426
car 0.9839223623275757 582 114 615 146
car 0.9937801957130432 594 151 630 183
car 0.9167084097862244 620 133 649 167
car 0.9815601110458374 640 155 673 182
traffic_light 0.9657910466194153 1143 314 1160 339
traffic_light 0.7471725940704346 1071 237 1083 257
traffic_light 0.7828646898269653 874 206 888 231
traffic_light 0.8555988669395447 883 212 898 238
