person 0.6864398717880249 885 189 898 214
car 0.962701141834259 1018 259 1067 294
car 0.955725371837616 257 426 391 497
car 0.9864621758460999 949 245 1002 268
car 0.948907196521759 574 90 591 106
car 0.9901878237724304 564 178 591 205
car 0.571306586265564 316 489 458 564
car 0.6655415296554565 664 140 691 169
car 0.8100659251213074 1077 281 1125 311
car 0.656780481338501 94 437 169 487
motorbike 0.5237444043159485 87 309 124 339
truck 0.5935660600662231 140 505 217 565
truck 0.6131142377853394 319 504 456 572
traffic_light 0.3100413680076599 1143 318 1159 339
