person 0.5702385902404785 1105 279 1127 306
person 0.9467101097106934 1071 238 1085 258
person 0.9262959361076355 1157 477 1176 506
car 0.9709148406982422 210 367 311 423
car 0.973484218120575 113 380 187 428
car 0.8114579319953918 732 172 766 194
car 0.6155558228492737 1116 360 1154 395
car 0.75709068775177 1019 268 1065 292
car 0.9866987466812134 640 158 674 183
car 0.9844573140144348 659 133 691 154
car 0.9630560278892517 930 227 978 249
car 0.9886602163314819 622 133 650 156
car 0.9908950328826904 589 84 616 101
truck 0.5880757570266724 257 500 394 579
traffic_light 0.8983352780342102 1141 312 1158 335
