person 0.4427260756492615 1023 267 1060 292
person 0.6812391877174377 1106 278 1126 305
person 0.9770894646644592 1069 238 1083 258
person 0.7433855533599854 274 257 299 287
car 0.9860798716545105 203 368 312 420
car 0.868205189704895 169 500 285 571
car 0.927065908908844 170 433 266 498
car 0.9781023859977722 113 382 188 427
car 0.9649999737739563 57 397 114 435
car 0.968137800693512 606 110 632 132
car 0.9734466075897217 4 349 35 380
car 0.9880895018577576 640 158 674 183
car 0.969408392906189 657 134 691 157
car 0.9720169305801392 678 158 718 183
car 0.985909640789032 623 138 649 160
traffic_light 0.4623376429080963 1141 312 1159 336
traffic_light 0.6267785429954529 659 108 680 129
