person 0.6133856177330017 1105 280 1127 305
person 0.9095412492752075 1072 237 1086 257
bicycle 0.9253795146942139 721 409 771 450
car 0.9419249892234802 209 368 310 422
car 0.9569635987281799 113 381 186 428
car 0.9943780303001404 621 132 651 156
car 0.937021791934967 489 213 529 242
car 0.9460287094116211 731 170 764 191
car 0.7699148058891296 1088 481 1136 556
car 0.8274500370025635 878 336 948 399
car 0.6447181105613708 1020 267 1065 292
car 0.9836889505386353 641 158 674 183
car 0.7071137428283691 512 166 537 195
car 0.8871676325798035 1028 301 1076 330
traffic_light 0.6429829597473145 377 262 390 292
traffic_light 0.5565228462219238 1143 315 1162 338
