person 0.8912919163703918 898 205 910 228
person 0.9634169340133667 1073 237 1085 257
person 0.7025339603424072 1106 281 1127 305
person 0.7322891354560852 426 211 446 247
person 0.7550497055053711 273 257 299 289
car 0.9376207590103149 206 366 311 423
car 0.9763107895851135 584 115 615 145
car 0.9413762092590332 113 380 188 428
car 0.9899017810821533 605 157 640 186
car 0.5090764164924622 677 121 706 140
car 0.9330336451530457 560 189 592 223
car 0.9573296904563904 621 133 650 161
car 0.6231020092964172 1022 267 1064 291
car 0.9831101894378662 643 156 672 181
car 0.909798800945282 649 88 674 108
traffic_light 0.613795280456543 1143 314 1161 337
