person 0.6027055978775024 1142 312 1156 336
person 0.3887263834476471 1064 245 1087 263
person 0.9619171023368835 298 228 315 261
car 0.9757935404777527 196 498 326 576
car 0.9893147945404053 204 284 263 317
car 0.93649822473526 1019 266 1064 295
car 0.9522057771682739 179 429 291 497
car 0.9512959718704224 949 245 1001 268
car 0.9843358993530273 563 165 589 197
car 0.41086074709892273 757 171 786 189
car 0.947758138179779 569 74 586 86
car 0.9021413922309875 657 132 684 151
car 0.9375631213188171 69 434 142 488
car 0.9717904329299927 500 178 537 215
