person 0.7331838011741638 1108 278 1129 308
person 0.9030334949493408 1069 239 1083 258
car 0.9932258725166321 559 269 656 328
car 0.9418960213661194 268 362 379 418
car 0.8387773633003235 190 498 309 576
car 0.9003235697746277 175 431 281 498
car 0.979912519454956 557 139 583 165
car 0.9597666263580322 68 434 141 488
car 0.8682133555412292 927 323 986 374
car 0.9678451418876648 107 387 176 435
car 0.8281785249710083 826 209 883 233
car 0.5745132565498352 1023 266 1065 291
traffic_light 0.5985287427902222 1143 311 1159 335
