person 0.9058519005775452 1074 235 1085 256
car 0.9886566996574402 819 347 919 408
car 0.6890642046928406 447 467 607 552
car 0.9833924174308777 881 408 999 479
car 0.9469303488731384 760 270 859 317
car 0.9780731797218323 593 137 623 170
car 0.9842227101325989 922 242 983 266
car 0.9792641997337341 562 179 591 206
car 0.9591962695121765 1089 358 1137 400
car 0.96394944190979 1014 246 1056 269
car 0.9680887460708618 672 158 713 182
car 0.9688127040863037 1032 286 1090 319
car 0.9671638011932373 613 132 638 158
car 0.936850905418396 1073 322 1126 354
