person 0.6041131019592285 1105 280 1128 305
person 0.9634186029434204 915 191 928 217
person 0.9103252291679382 1071 239 1085 257
person 0.7817279100418091 1152 424 1175 467
car 0.9090102314949036 209 368 309 421
car 0.8525611162185669 617 198 669 252
car 0.9916788935661316 592 142 620 171
car 0.9233494997024536 113 380 186 428
car 0.8274826407432556 570 263 625 334
car 0.8253560662269592 859 309 945 381
car 0.9938774704933167 641 156 675 182
car 0.9619696140289307 584 110 611 131
car 0.6978498101234436 1017 267 1064 294
car 0.9854779243469238 677 156 716 183
car 0.9723294377326965 622 132 650 159
car 0.6804757118225098 641 89 661 107
car 0.49110713601112366 514 186 535 214
car 0.8973719477653503 1028 301 1077 329
car 0.7071655988693237 684 117 717 145
traffic_light 0.48022398352622986 1143 314 1160 336
