person 0.8061732053756714 1142 312 1159 336
person 0.6229351758956909 1105 279 1128 304
person 0.9299494624137878 1070 239 1084 258
person 0.9164167046546936 866 188 879 210
car 0.9907935261726379 230 366 334 423
car 0.9097306132316589 189 498 308 576
car 0.9239476919174194 949 225 993 253
car 0.9830887913703918 1041 355 1101 403
car 0.7593266367912292 1018 265 1065 292
car 0.9855586290359497 114 381 190 427
car 0.951429009437561 176 431 283 500
car 0.9247206449508667 551 99 571 118
car 0.9552380442619324 504 174 539 207
car 0.9310930967330933 1029 300 1076 328
car 0.8756781816482544 68 435 142 489
