person 0.7013394832611084 1107 282 1127 305
person 0.9834278225898743 1071 236 1084 255
person 0.6860082745552063 274 257 299 287
car 0.9386406540870667 209 367 311 421
car 0.9695377945899963 113 379 187 427
car 0.7525147199630737 1018 267 1066 291
car 0.9768037796020508 922 220 977 246
car 0.8255882263183594 848 247 904 285
car 0.9826611876487732 639 157 676 183
car 0.990477442741394 622 133 650 156
car 0.7871816754341125 1031 303 1071 329
car 0.7658218145370483 95 310 144 337
car 0.9728730916976929 657 132 692 154
traffic_light 0.5062131285667419 1141 315 1159 336
