person 0.5984358787536621 857 187 876 211
person 0.46727100014686584 1105 280 1127 304
person 0.9616628289222717 1071 237 1085 255
person 0.7627219557762146 1141 311 1159 335
person 0.7636359333992004 274 257 298 286
car 0.983329176902771 801 239 877 295
car 0.9925065636634827 203 367 312 422
car 0.9355245232582092 189 499 308 577
car 0.9154654145240784 1122 345 1159 386
car 0.9652506113052368 175 430 284 499
car 0.9831566214561462 613 119 639 144
car 0.9846811294555664 112 381 189 427
car 0.6102030873298645 1021 267 1064 293
car 0.8914005756378174 1030 303 1071 329
