person 0.7004491686820984 1106 281 1129 306
person 0.7695911526679993 273 257 299 287
person 0.9787707924842834 1072 237 1085 256
car 0.9633277654647827 208 367 310 422
car 0.7725858092308044 134 495 227 559
car 0.9819265007972717 113 380 188 426
car 0.9787994623184204 921 219 978 247
car 0.7499166131019592 1017 268 1065 292
car 0.984147310256958 640 158 674 182
car 0.902885377407074 731 173 766 193
car 0.9776620268821716 659 133 693 154
car 0.9900283217430115 622 133 650 155
traffic_light 0.5348434448242188 1141 315 1159 337
pottedplant 0.6014179587364197 782 184 815 208
