person 0.8373644948005676 862 189 879 215
person 0.677970290184021 1141 310 1158 335
car 0.9799330234527588 863 339 969 411
car 0.9828909039497375 950 386 1036 448
car 0.9699053764343262 523 460 710 547
car 0.9857879877090454 592 114 621 145
car 0.9885565042495728 1017 248 1059 270
car 0.9912557601928711 564 177 592 205
car 0.9832620620727539 944 256 1010 292
car 0.8039155006408691 403 413 538 468
car 0.9864789843559265 589 129 617 156
car 0.9763461351394653 1031 289 1092 325
car 0.7743645310401917 1077 265 1111 292
truck 0.7027990818023682 150 490 259 560
