car 0.9646849632263184 1016 265 1067 296
car 0.7378607392311096 255 366 353 414
car 0.7288011312484741 190 499 308 576
car 0.9804874062538147 309 266 383 311
car 0.8369439244270325 174 432 282 497
car 0.9450192451477051 840 368 923 437
car 0.9766740202903748 664 242 739 294
car 0.9869019985198975 564 177 592 206
car 0.39302578568458557 731 187 761 214
car 0.8276899456977844 821 207 881 232
car 0.9452432990074158 513 160 539 186
car 0.8515549898147583 69 435 140 489
traffic_light 0.752196729183197 1106 272 1121 295
traffic_light 0.5129743218421936 1143 312 1160 337
traffic_light 0.9666975736618042 1138 256 1151 273
