person 0.5399531722068787 1060 245 1081 265
car 0.9367494583129883 1018 265 1067 297
car 0.9261811375617981 190 498 308 577
car 0.9952425956726074 561 274 656 333
car 0.9122928977012634 174 432 281 498
car 0.9866601228713989 564 178 592 205
car 0.977935791015625 132 313 182 349
car 0.857412576675415 67 435 141 489
car 0.8261861801147461 821 205 880 232
car 0.9772151112556458 514 132 541 158
car 0.8410066366195679 509 186 534 214
car 0.9517014622688293 2 477 65 563
traffic_light 0.5579445958137512 1143 312 1159 337
traffic_light 0.6665623188018799 1106 274 1120 294
traffic_light 0.46138516068458557 725 168 755 197
