person 0.9309555888175964 274 256 298 288
person 0.8593011498451233 1057 353 1076 387
person 0.6534110903739929 1070 239 1082 259
person 0.8239710927009583 423 211 442 248
person 0.9367195963859558 300 230 319 260
person 0.5910095572471619 1031 307 1056 338
person 0.6409277319908142 1106 280 1127 305
car 0.9925537705421448 688 416 811 510
car 0.9528055787086487 205 368 313 425
car 0.993158757686615 583 115 615 146
car 0.9809768795967102 62 391 128 433
car 0.9623208045959473 550 107 571 127
car 0.9622461795806885 511 176 538 204
car 0.9957320094108582 594 151 630 182
car 0.9523614048957825 620 133 649 167
traffic_light 0.45944708585739136 1143 313 1160 338
