person 0.3639732599258423 512 185 534 218
person 0.9504103660583496 1071 237 1085 254
person 0.4238571524620056 1105 280 1130 307
car 0.9644551277160645 206 366 311 423
car 0.9860975742340088 114 380 186 428
car 0.9755242466926575 702 392 767 488
car 0.6357912421226501 1102 325 1138 353
car 0.9916573762893677 737 172 771 197
car 0.8796964883804321 911 315 981 375
car 0.9838520884513855 639 157 675 182
car 0.9952621459960938 896 349 941 385
car 0.6125285625457764 610 190 649 223
car 0.9778298735618591 622 130 651 157
car 0.8838369846343994 671 110 701 133
car 0.8211052417755127 1020 266 1063 292
car 0.9692780375480652 857 320 938 384
