person 0.5052219033241272 783 168 809 196
person 0.7714019417762756 1141 313 1158 335
person 0.6506732106208801 1105 278 1127 306
person 0.7745479345321655 274 256 299 287
person 0.9726340770721436 1070 237 1084 255
car 0.9789000749588013 206 367 311 423
car 0.9887440204620361 133 308 185 342
car 0.9597503542900085 131 435 232 499
car 0.9935226440429688 112 380 188 428
car 0.9921632409095764 57 397 115 436
car 0.9957565665245056 640 158 675 184
car 0.9247184991836548 88 494 181 556
car 0.9950518012046814 620 134 650 159
car 0.4287149906158447 1023 267 1063 292
car 0.9921030402183533 658 133 690 155
car 0.9876326322555542 607 110 631 131
car 0.9179511070251465 610 98 630 115
