person 0.6927762031555176 1070 240 1084 257
person 0.8103882670402527 1109 267 1125 293
person 0.9636309742927551 297 228 315 260
car 0.9838740825653076 1017 265 1068 295
car 0.9417077898979187 181 498 303 576
car 0.9828597903251648 360 243 439 295
car 0.9475581049919128 176 431 281 499
car 0.9896210432052612 950 244 1003 267
car 0.9898443222045898 509 165 540 195
car 0.9943838119506836 563 176 591 206
car 0.9399745464324951 790 192 857 220
car 0.9429563879966736 635 107 661 126
car 0.9581541419029236 726 160 756 182
car 0.9526768922805786 66 434 141 490
car 0.7062804698944092 645 97 662 117
