person 0.7316980361938477 1142 312 1159 336
person 0.660069465637207 1106 278 1127 306
person 0.7440247535705566 273 258 299 286
person 0.9797914624214172 1070 237 1084 256
car 0.950173556804657 134 492 237 560
car 0.9905478358268738 205 368 311 421
car 0.9659876823425293 152 434 254 499
car 0.9907264709472656 60 330 100 364
car 0.987697422504425 114 381 187 429
car 0.9861207604408264 57 398 115 436
car 0.9929094314575195 606 110 633 134
car 0.4273170530796051 1023 266 1063 292
car 0.9933115243911743 620 134 649 160
car 0.991224467754364 640 156 675 184
traffic_light 0.9259242415428162 915 188 929 209
