person 0.8629863858222961 377 275 390 305
person 0.4747052788734436 1105 279 1128 306
car 0.9449872970581055 208 367 310 423
car 0.980641782283783 114 380 186 428
car 0.9939932227134705 621 131 650 157
car 0.5560495853424072 777 213 818 246
car 0.9918530583381653 640 158 674 183
car 0.9442697167396545 771 167 811 196
car 0.726420521736145 1019 268 1064 293
car 0.733920693397522 513 164 537 194
car 0.987362265586853 679 158 719 182
car 0.9567146301269531 496 207 530 233
traffic_light 0.8512915968894958 411 357 431 389
