person 0.9526636004447937 892 211 908 240
person 0.9772811532020569 1072 237 1085 257
person 0.9034039378166199 423 210 442 244
person 0.8084725737571716 274 257 298 287
person 0.5565770268440247 1106 279 1127 305
car 0.9755585193634033 206 366 311 424
car 0.9923019409179688 557 178 590 207
car 0.9574904441833496 901 356 980 432
car 0.9802408218383789 116 375 188 428
car 0.9570003747940063 584 112 617 144
car 0.993467390537262 642 155 674 182
car 0.9883092641830444 32 329 74 356
car 0.995855987071991 132 336 204 377
car 0.5660951137542725 759 192 786 214
car 0.9745195508003235 620 134 646 162
car 0.9819377660751343 558 166 585 194
car 0.9941885471343994 597 154 627 181
car 0.8275201320648193 689 132 718 153
car 0.9307587146759033 513 185 538 212
car 0.7969459295272827 1020 266 1065 294
car 0.9861143827438354 591 138 622 165
car 0.9911720156669617 681 158 716 182
traffic_light 0.5809913277626038 1143 316 1159 338
