person 0.9504135847091675 866 189 882 215
person 0.49989786744117737 1081 265 1107 290
person 0.9410616159439087 1073 235 1084 254
person 0.9164407253265381 298 229 316 260
car 0.9941384792327881 836 407 950 483
car 0.9931529760360718 689 366 830 440
car 0.9443110823631287 249 414 372 482
car 0.929676353931427 86 486 175 551
car 0.9866434931755066 587 112 616 139
car 0.9915783405303955 563 177 592 205
car 0.9923317432403564 950 246 1000 268
car 0.987054705619812 994 258 1052 293
car 0.9733442664146423 1034 290 1089 324
car 0.9706055521965027 671 157 714 182
car 0.9669774770736694 595 93 621 115
car 0.8716122508049011 5 333 32 366
