person 0.9155498147010803 1070 240 1084 259
person 0.7563812732696533 1110 278 1126 302
person 0.8691241145133972 1142 312 1160 334
car 0.9945059418678284 423 312 536 374
car 0.9209032654762268 190 499 307 577
car 0.9710096716880798 178 371 269 424
car 0.9672893285751343 173 430 282 498
car 0.9355328679084778 1018 266 1067 292
car 0.9570074081420898 1055 287 1101 315
car 0.9610716104507446 75 395 138 434
car 0.9607771635055542 69 436 141 486
car 0.9131137728691101 860 210 923 240
car 0.977912425994873 554 119 580 146
