person 0.8322494029998779 423 209 442 242
person 0.42324477434158325 1144 315 1160 337
car 0.9369369149208069 519 273 632 330
car 0.9502512216567993 442 335 571 408
car 0.9980418682098389 198 281 268 319
car 0.9699258208274841 208 366 312 424
car 0.880406379699707 806 540 943 683
car 0.9935985803604126 558 178 590 205
car 0.9786327481269836 114 378 191 428
car 0.9963332414627075 512 184 539 208
car 0.9737682938575745 585 113 616 146
car 0.9951687455177307 641 155 672 181
car 0.9771904945373535 107 351 162 382
car 0.994382381439209 601 155 636 184
car 0.9341138005256653 736 179 776 201
car 0.9797816276550293 985 466 1064 523
car 0.9929627776145935 680 158 716 183
car 0.9616586565971375 621 133 647 162
car 0.8320449590682983 1018 493 1079 583
