person 0.9671756029129028 1070 239 1084 258
person 0.42180007696151733 1104 280 1129 305
car 0.7574633359909058 906 374 984 464
car 0.9836921691894531 207 366 312 422
car 0.9845631718635559 114 379 186 427
car 0.9955965876579285 588 85 614 102
car 0.9966603517532349 620 133 652 157
car 0.7844346761703491 1019 267 1062 293
car 0.9926614761352539 640 158 675 183
car 0.972016453742981 918 221 971 244
car 0.5208528637886047 1152 349 1178 374
car 0.8906522393226624 1029 302 1072 330
car 0.9792328476905823 659 134 692 155
car 0.9892101883888245 680 158 720 181
truck 0.6884928345680237 259 497 392 579
traffic_light 0.5758562684059143 1141 313 1160 334
