person 0.7669358253479004 884 187 898 213
person 0.9680196046829224 296 231 316 261
car 0.9760234355926514 1016 263 1068 294
car 0.9783951044082642 640 115 664 137
car 0.9339028596878052 189 497 311 577
car 0.9935270547866821 949 244 1002 268
car 0.9351648092269897 174 431 282 498
car 0.9919120073318481 564 177 591 206
car 0.8739033341407776 278 256 347 306
car 0.9481796622276306 68 435 140 490
car 0.8607226610183716 774 180 825 210
car 0.9757023453712463 502 175 537 211
car 0.9356260299682617 1164 277 1208 308
