person 0.5533075332641602 1104 278 1128 307
person 0.9772328734397888 1071 238 1085 258
car 0.9740714430809021 208 367 311 421
car 0.8658664226531982 875 336 958 414
car 0.9841325283050537 115 380 186 428
car 0.985630989074707 598 98 625 117
car 0.9717080593109131 50 399 107 436
car 0.9964264035224915 621 134 651 157
car 0.6944330930709839 1021 266 1064 292
car 0.988545835018158 416 217 492 270
car 0.990399181842804 641 158 675 183
car 0.9314554929733276 53 440 114 492
car 0.9879505634307861 660 133 692 154
motorbike 0.2881086766719818 848 237 882 270
