person 0.5780128240585327 1105 271 1121 295
car 0.7849172353744507 255 362 352 417
car 0.9820414781570435 1016 264 1069 296
car 0.8229496479034424 175 431 281 499
car 0.9851637482643127 663 242 739 293
car 0.725834310054779 190 497 308 577
car 0.9658358693122864 840 366 922 438
car 0.9774852395057678 310 265 382 311
car 0.9816693663597107 563 164 589 198
car 0.9422135353088379 69 435 140 488
car 0.7159554958343506 730 186 762 214
car 0.9612239599227905 514 160 539 186
car 0.8650273680686951 822 206 881 232
motorbike 0.49736714363098145 722 407 769 451
