person 0.7713910937309265 1140 314 1158 336
person 0.561090886592865 1106 281 1127 304
person 0.9786280989646912 1071 237 1084 257
car 0.9892292618751526 206 366 312 424
car 0.9865711331367493 113 379 185 428
car 0.6768136620521545 249 490 380 568
car 0.8200642466545105 1016 267 1063 293
car 0.9847458600997925 921 219 982 247
car 0.6930546164512634 793 230 838 264
car 0.96319580078125 662 115 692 137
car 0.9921790361404419 622 133 650 156
car 0.9571338295936584 1028 302 1074 329
car 0.9882549047470093 640 158 674 183
car 0.45881637930870056 1094 378 1127 418
truck 0.6663141250610352 250 491 379 582
