person 0.5719645619392395 1143 316 1160 338
person 0.7854535579681396 378 305 393 336
car 0.9774274826049805 683 366 760 467
car 0.9154771566390991 922 384 1008 476
car 0.974614679813385 209 367 311 423
car 0.8873835802078247 899 283 965 345
car 0.9862669706344604 114 379 186 428
car 0.9956310987472534 639 157 676 183
car 0.9951752424240112 622 132 650 156
car 0.7291536331176758 789 188 824 212
car 0.9713174104690552 640 89 667 107
car 0.9579598307609558 613 64 634 79
car 0.9855199456214905 503 202 537 226
car 0.9845837354660034 670 113 701 136
car 0.9609275460243225 1025 298 1079 331
car 0.566343367099762 1103 279 1134 306
car 0.8431002497673035 1020 266 1066 293
car 0.9928521513938904 680 161 716 183
motorbike 0.5156341791152954 739 181 762 200
