person 0.5744051933288574 1107 280 1130 307
person 0.4854384660720825 1142 314 1159 336
person 0.9791030287742615 1072 236 1085 256
car 0.990532636642456 206 366 311 423
car 0.8230084180831909 134 493 228 559
car 0.991671621799469 113 379 187 426
car 0.9863938689231873 923 219 979 248
car 0.9931365251541138 639 158 674 183
car 0.8572452664375305 1016 267 1065 292
car 0.9753361940383911 731 172 766 192
car 0.9871111512184143 659 133 692 155
car 0.9944380521774292 622 133 650 156
car 0.5057479739189148 984 466 1067 561
car 0.9898537993431091 680 158 720 182
car 0.3918943405151367 782 185 816 208
