person 0.868156373500824 861 189 880 214
car 0.9568707346916199 862 339 969 410
car 0.9483935236930847 522 457 711 551
car 0.9753735065460205 950 386 1036 447
car 0.6906806826591492 151 488 260 560
car 0.9845795631408691 592 113 621 144
car 0.9924265146255493 563 177 592 206
car 0.8955427408218384 402 397 539 461
car 0.9894127249717712 1019 248 1058 269
car 0.989233136177063 945 255 1009 293
car 0.9880295395851135 1029 288 1092 326
car 0.987508237361908 589 130 617 156
car 0.8427969813346863 1077 264 1112 292
car 0.96173495054245 496 185 532 224
truck 0.5676205158233643 151 499 263 571
