person 0.6559637188911438 1141 313 1158 337
bicycle 0.7862129211425781 724 408 768 449
car 0.9936512112617493 527 293 641 357
car 0.9829346537590027 267 365 366 420
car 0.9810044169425964 561 160 588 191
car 0.9652003049850464 924 319 987 375
car 0.9393245577812195 176 431 280 500
car 0.8531391024589539 192 498 307 577
car 0.981712281703949 69 433 142 489
car 0.9881369471549988 1 398 52 436
car 0.9201715588569641 851 470 930 607
car 0.9096536636352539 821 206 880 232
car 0.9873409867286682 491 200 529 230
car 0.6566194891929626 711 193 741 223
traffic_light 0.7304145097732544 1069 239 1082 258
traffic_light 0.8860654234886169 1105 273 1119 294
