person 0.4823321998119354 1106 281 1128 305
person 0.7355488538742065 423 210 441 243
person 0.8485349416732788 912 213 925 240
car 0.9614120125770569 206 366 311 424
car 0.9935175180435181 558 179 589 207
car 0.959496021270752 375 320 480 378
car 0.9881595373153687 115 377 186 429
car 0.9959392547607422 513 185 540 209
car 0.9933605790138245 152 296 221 329
car 0.9939960241317749 642 157 673 182
car 0.9822952747344971 72 350 131 400
car 0.9137071967124939 865 317 939 380
car 0.9823567867279053 899 349 941 387
car 0.9571372270584106 584 114 616 145
car 0.9899972677230835 558 166 585 193
car 0.9943822622299194 597 154 627 181
car 0.970669150352478 12 330 47 360
car 0.9781955480575562 618 135 644 162
traffic_light 0.5848862528800964 780 210 810 239
traffic_light 0.5440055727958679 1143 316 1160 337
