person 0.9401429891586304 274 255 299 287
person 0.969651460647583 422 209 442 249
person 0.44379115104675293 1144 314 1159 338
person 0.8693247437477112 1057 352 1076 386
person 0.9674561619758606 300 229 318 260
person 0.9421685338020325 242 596 273 643
car 0.99540776014328 685 408 814 518
car 0.9688448905944824 206 367 312 426
car 0.9953482747077942 583 114 614 145
car 0.9862707853317261 65 391 126 433
car 0.975114643573761 551 106 571 127
car 0.9965456128120422 594 151 630 182
car 0.9717269539833069 620 134 648 168
car 0.9689478874206543 511 176 539 203
traffic_light 0.7126036882400513 1070 239 1082 260
