person 0.44190508127212524 1103 278 1127 306
car 0.9507628083229065 209 367 311 423
car 0.9843263030052185 596 96 624 118
car 0.9800435304641724 115 380 185 427
car 0.9930249452590942 32 399 88 437
car 0.9964663982391357 621 134 651 157
car 0.9001272320747375 919 313 993 377
car 0.9948487877845764 640 157 675 183
car 0.9353597164154053 900 220 948 244
car 0.8274982571601868 1020 266 1066 293
car 0.986283540725708 14 438 75 489
car 0.9855674505233765 659 134 692 155
motorbike 0.8884686231613159 1111 354 1142 386
traffic_light 0.8043028116226196 1140 310 1157 335
