person 0.9114373922348022 1141 313 1159 339
person 0.6340404152870178 1106 277 1126 304
person 0.8659804463386536 273 258 298 287
person 0.9007608294487 917 192 928 215
car 0.9961068034172058 203 367 312 422
car 0.9893759489059448 871 272 945 320
car 0.9661308526992798 190 496 308 577
car 0.9637421369552612 1100 361 1151 400
car 0.9804694056510925 176 429 283 501
car 0.9890168905258179 111 381 190 428
car 0.6860985159873962 1021 265 1063 293
car 0.981903612613678 634 162 686 196
traffic_light 0.8148860335350037 860 187 875 210
