person 0.8122786283493042 860 186 877 209
person 0.49459534883499146 1104 278 1127 306
person 0.8487551808357239 1141 312 1157 334
car 0.9023985266685486 789 274 896 356
car 0.9963106513023376 205 367 311 423
car 0.9473351240158081 190 497 308 578
car 0.8790106773376465 1073 327 1121 359
car 0.9849219918251038 177 430 283 499
car 0.9885854125022888 510 158 540 189
car 0.7945629358291626 1017 266 1064 291
car 0.9908835291862488 111 381 189 428
car 0.8590206503868103 1055 238 1085 257
car 0.8318037986755371 1029 302 1067 330
