person 0.9843910932540894 1071 236 1084 255
person 0.6566464900970459 1144 313 1159 335
person 0.6514283418655396 1105 278 1127 306
car 0.9520573616027832 1071 324 1125 362
car 0.9635481834411621 190 497 307 578
car 0.9960618615150452 203 367 313 421
car 0.9824085831642151 177 431 282 499
car 0.9077173471450806 701 235 772 292
car 0.9901418089866638 112 380 189 429
car 0.8233792781829834 1019 266 1065 294
car 0.9830999374389648 642 130 673 152
car 0.9516445994377136 1028 301 1073 330
car 0.9556829333305359 575 75 588 86
car 0.9937805533409119 591 84 612 98
traffic_light 0.6874394416809082 860 188 876 208
