person 0.9868364334106445 366 561 389 591
person 0.9045761823654175 388 499 411 541
person 0.5879377722740173 1105 279 1126 305
person 0.8087193369865417 370 503 397 537
car 0.9725238084793091 208 366 312 423
car 0.9806544184684753 235 281 314 318
car 0.9742931127548218 113 379 187 428
car 0.9315853118896484 952 229 993 250
car 0.996243953704834 621 133 650 157
car 0.8184874057769775 1020 266 1065 292
car 0.9896734952926636 639 157 676 183
motorbike 0.8212639689445496 21 351 50 382
motorbike 0.7243935465812683 1133 326 1168 357
traffic_light 0.8124920725822449 845 237 887 271
