person 0.6372736096382141 1106 280 1130 306
person 0.43834424018859863 1144 314 1161 338
car 0.9726657867431641 207 365 312 424
car 0.9876620769500732 114 380 186 427
car 0.8769673109054565 861 309 945 383
car 0.9964540004730225 621 134 650 157
car 0.8983116149902344 942 337 1017 407
car 0.9908657670021057 639 158 674 183
car 0.9641726016998291 166 299 220 330
car 0.6692537069320679 1020 267 1064 293
car 0.963201642036438 928 219 980 245
car 0.920710563659668 1026 299 1077 331
car 0.6819442510604858 775 170 810 197
car 0.9869188666343689 656 133 690 155
