person 0.9487077593803406 423 207 440 243
person 0.9073783755302429 957 261 973 286
person 0.5345613956451416 1105 282 1126 306
car 0.9492756128311157 595 402 753 505
car 0.997434675693512 313 260 389 302
car 0.9203736186027527 667 313 796 397
car 0.9718215465545654 209 366 312 423
car 0.9961609840393066 512 186 540 209
car 0.9750798344612122 113 379 188 427
car 0.9890627264976501 559 178 590 204
car 0.9529761672019958 17 372 54 404
car 0.9501738548278809 581 111 617 145
car 0.7303605675697327 792 233 842 271
car 0.9822589159011841 221 325 295 369
car 0.9934355020523071 601 154 639 183
car 0.9936966300010681 639 158 671 182
motorbike 0.6367429494857788 146 310 189 345
traffic_light 0.47403427958488464 1144 313 1160 337
