person 0.7916351556777954 1143 313 1158 338
person 0.8934621214866638 1068 238 1082 258
car 0.9939001798629761 636 256 720 309
car 0.7782198786735535 880 354 951 448
car 0.9863291382789612 412 335 529 392
car 0.8858051300048828 193 498 305 576
car 0.9068986773490906 175 431 281 499
car 0.9536323547363281 1018 264 1069 294
car 0.9865314364433289 563 160 589 196
car 0.9530126452445984 819 204 882 231
car 0.9226091504096985 68 434 141 487
car 0.9897856712341309 716 166 751 188
car 0.8567098379135132 65 393 114 430
