person 0.9699506759643555 421 209 441 246
person 0.882570743560791 275 255 297 287
person 0.7155529856681824 1107 281 1132 306
person 0.9687615633010864 299 229 317 260
person 0.9277152419090271 1069 238 1082 260
person 0.9159339070320129 1008 305 1030 335
car 0.9805130958557129 601 279 705 333
car 0.9765312075614929 466 346 592 412
car 0.979140043258667 795 371 908 467
car 0.9436014294624329 932 400 1012 483
car 0.978521466255188 209 369 311 425
car 0.9854743480682373 194 326 268 370
car 0.9951653480529785 510 181 540 210
car 0.9341477155685425 114 381 186 426
car 0.9803884029388428 797 246 865 289
car 0.8891890048980713 895 289 969 354
car 0.9965439438819885 585 114 614 145
car 0.9936990737915039 555 138 583 167
car 0.9967566132545471 594 152 629 182
car 0.9838256239891052 622 133 649 163
car 0.9937388896942139 640 159 670 183
car 0.9921231865882874 515 138 539 162
car 0.995766282081604 593 138 621 165
traffic_light 0.5220699906349182 1143 312 1160 336
