person 0.8959298133850098 423 211 442 245
person 0.9586021900177002 297 227 317 259
person 0.9577025771141052 266 261 298 292
car 0.9977961778640747 441 250 531 291
car 0.9535314440727234 209 366 312 423
car 0.9646097421646118 856 310 932 377
car 0.9877542853355408 349 317 433 372
car 0.9867804646492004 763 503 893 637
car 0.9802908897399902 556 163 586 193
car 0.8581992983818054 831 411 948 523
car 0.9958289265632629 513 187 539 209
car 0.9809114933013916 84 352 151 389
car 0.9387148022651672 115 380 188 429
car 0.9637327194213867 584 112 616 146
car 0.9940383434295654 640 158 671 183
car 0.8695763945579529 241 280 313 329
car 0.9934927821159363 603 156 638 184
car 0.9909549355506897 592 137 622 163
car 0.7711724042892456 1027 298 1072 329
car 0.9583917856216431 622 134 648 163
traffic_light 0.37515929341316223 1143 315 1159 338
