person 0.9806531667709351 915 191 929 218
person 0.6138913631439209 1106 279 1128 305
person 0.4454338550567627 1143 314 1159 337
person 0.9679571390151978 1071 239 1085 257
car 0.8881792426109314 617 195 668 252
car 0.9534213542938232 208 367 310 422
car 0.9959235191345215 592 140 620 171
car 0.9786871075630188 114 380 186 428
car 0.8720729947090149 571 261 624 334
car 0.9143252968788147 861 309 945 381
car 0.9975318908691406 641 154 675 182
car 0.9957718253135681 677 155 716 184
car 0.9831250905990601 584 109 611 133
car 0.9889463782310486 622 132 649 159
car 0.9033554196357727 640 89 661 106
car 0.7930138111114502 1018 267 1064 294
car 0.6759776473045349 514 185 535 215
car 0.9440678954124451 1026 300 1077 329
