car 0.9501557946205139 483 296 590 345
car 0.977181077003479 1048 371 1103 414
car 0.922443687915802 448 256 551 302
car 0.9885977506637573 971 261 1033 291
car 0.9847673773765564 601 155 639 185
car 0.9660544395446777 1141 350 1181 378
car 0.986362636089325 563 179 593 204
car 0.498210608959198 91 354 145 391
car 0.9522762298583984 864 238 925 273
car 0.9747961163520813 1035 290 1089 323
car 0.991510272026062 631 143 663 171
motorbike 0.5357662439346313 90 350 148 396
motorbike 0.5269046425819397 720 408 770 449
traffic_light 0.6761527061462402 1072 238 1086 257
traffic_light 0.9120829105377197 863 192 880 215
