person 0.9605711102485657 1142 311 1159 337
person 0.8660910725593567 1107 277 1127 307
person 0.8896622061729431 275 256 296 286
person 0.9445743560791016 1069 239 1084 259
person 0.9314629435539246 892 189 904 212
car 0.9806290864944458 298 348 408 410
car 0.9698296785354614 133 378 218 429
car 0.990935742855072 896 216 960 245
car 0.8496807217597961 191 497 307 577
car 0.9295885562896729 176 430 281 499
car 0.9616163372993469 1101 349 1154 395
car 0.9472551941871643 553 108 573 128
car 0.9813356399536133 61 395 117 433
car 0.9720556735992432 70 436 140 487
car 0.743963897228241 1021 266 1066 291
