person 0.9769248962402344 367 242 383 272
person 0.3700796067714691 1143 316 1161 339
person 0.9568222761154175 1072 237 1085 256
car 0.9440329670906067 209 367 310 421
car 0.9739684462547302 114 381 186 428
car 0.9568598866462708 424 229 496 283
car 0.9946656227111816 640 157 675 183
car 0.9952338337898254 621 132 651 157
car 0.9739837050437927 973 454 1058 540
car 0.8824911713600159 508 178 537 210
car 0.971947193145752 589 76 609 90
car 0.6093998551368713 753 190 789 215
car 0.991231381893158 680 158 717 184
car 0.8648449778556824 1018 266 1065 293
car 0.3566471040248871 1105 278 1131 306
traffic_light 0.7985662817955017 397 362 426 390
