person 0.9383535981178284 1072 238 1085 258
person 0.4979664981365204 865 191 883 213
person 0.8359973430633545 715 190 735 214
car 0.9930025935173035 568 252 656 293
car 0.9695741534233093 642 276 745 333
car 0.990603506565094 600 156 638 187
car 0.9940005540847778 564 178 592 205
car 0.9851157069206238 972 267 1027 295
car 0.9092864990234375 112 330 168 358
car 0.9453860521316528 1131 349 1175 382
car 0.9574713706970215 1026 287 1114 327
car 0.9849148988723755 677 158 712 180
motorbike 0.6489537954330444 113 355 162 391
