person 0.6340538263320923 1144 315 1162 335
person 0.5024659633636475 1105 281 1132 306
person 0.9670255184173584 1071 235 1085 256
person 0.8683320879936218 1159 286 1174 310
person 0.8984872102737427 298 228 315 258
car 0.9660586714744568 208 368 311 422
car 0.9806615114212036 327 257 394 306
car 0.9818882346153259 112 381 187 427
car 0.9508429169654846 71 336 117 372
car 0.8760740756988525 933 331 1009 401
car 0.9612016677856445 1095 340 1139 384
car 0.7154580354690552 1019 267 1063 292
car 0.9780581593513489 640 111 668 133
car 0.9579184651374817 1026 299 1078 331
car 0.9937898516654968 620 135 651 159
motorbike 0.5500457286834717 388 472 416 509
motorbike 0.7470357418060303 365 526 394 554
motorbike 0.44310829043388367 722 406 773 452
