59749,0.15340638160705566
61332,0.16062378883361816
59627,0.17099714279174805
60814,0.14957523345947266
64983,0.13518905639648438
60118,0.15655088424682617
58834,0.19568109512329102
58221,0.1584324836730957
58225,0.13792109489440918
57000,0.1611948013305664
56124,0.15647196769714355
56794,0.13531255722045898
56448,0.16176319122314453
56562,0.18746113777160645
56304,0.17019057273864746
56264,0.15964341163635254
55809,0.13679790496826172
57494,0.18066978454589844
57428,0.16057705879211426
58329,0.1340928077697754
57935,0.18290972709655762
56514,0.18529629707336426
56521,0.18681931495666504
57839,0.17103075981140137
56723,0.17654919624328613
56366,0.1383075714111328
83830,0.14140009880065918
84754,0.14740228652954102
84002,0.1645822525024414
84799,0.1623828411102295
91417,0.15742778778076172
83560,0.1543264389038086
89202,0.15122127532958984
81631,0.13827061653137207
81125,0.13456177711486816
85914,0.13615727424621582
83475,0.15370845794677734
84344,0.16179561614990234
82107,0.15412282943725586
81410,0.13936448097229004
84056,0.14376378059387207
82365,0.17629575729370117
82652,0.15074729919433594
83231,0.14651823043823242
84059,0.13581562042236328
82562,0.1426558494567871
83306,0.13945603370666504
80189,0.14574074745178223
82040,0.145613431930542
83143,0.14829254150390625
83080,0.13609838485717773
83287,0.13960027694702148
84514,0.13822484016418457
84293,0.1406722068786621
84448,0.14238405227661133
83850,0.14087224006652832
84729,0.1279582977294922
85818,0.16806387901306152
84539,0.15611863136291504
80942,0.13732337951660156
84030,0.15448784828186035
82771,0.13992094993591309
82154,0.13762640953063965
81458,0.14503741264343262
81768,0.13545536994934082
80891,0.1429886817932129
80991,0.1490921974182129
81830,0.13422870635986328
80820,0.1438746452331543
83360,0.14301300048828125
80784,0.15833425521850586
73491,0.1364881992340088
80875,0.13901090621948242
84616,0.13644957542419434
84528,0.15056347846984863
83571,0.13375091552734375
84398,0.1570119857788086
84459,0.15348172187805176
85089,0.16904878616333008
87051,0.14498114585876465
83135,0.1384127140045166
86915,0.14119386672973633
86020,0.14185094833374023
83296,0.13625264167785645
88783,0.13729381561279297
92803,0.15099596977233887
86391,0.17522239685058594
87216,0.16547560691833496
87154,0.15338134765625
95004,0.12018895149230957
88926,0.1938941478729248
85458,0.1505720615386963
88793,0.13427495956420898
88779,0.1616053581237793
83281,0.13622260093688965
83448,0.13870620727539062
85809,0.17212820053100586
93366,0.14633440971374512
78537,0.15502238273620605
85995,0.1441495418548584
88748,0.15723252296447754
86952,0.1443939208984375
85119,0.1456165313720703
82359,0.14458942413330078
86302,0.13405871391296387
83977,0.1621265411376953
84896,0.13786077499389648
83397,0.16615843772888184
82997,0.1775975227355957
83597,0.11759209632873535
84840,0.13665461540222168
83759,0.13394498825073242
84113,0.1514606475830078
83695,0.1372053623199463
82430,0.13776350021362305
83808,0.15982365608215332
84596,0.13830113410949707
83495,0.1378316879272461
83178,0.1382138729095459
83733,0.17032909393310547
84866,0.16043448448181152
85481,0.16749787330627441
85153,0.13916325569152832
84471,0.1466221809387207
81624,0.16071414947509766
85021,0.13604378700256348
84795,0.13754844665527344
84869,0.14948391914367676
84109,0.15420985221862793
86350,0.13280415534973145
86105,0.13704323768615723
85596,0.15587711334228516
85152,0.15097260475158691
84856,0.13763022422790527
84068,0.13739871978759766
85902,0.1564481258392334
85089,0.13170790672302246
86105,0.13590359687805176
86119,0.15216922760009766
85257,0.1320662498474121
83511,0.15933489799499512
84725,0.15781116485595703
84623,0.16537070274353027
84277,0.16283893585205078
84897,0.1471080780029297
84271,0.14411616325378418
83531,0.14615345001220703
85170,0.1624755859375
83194,0.1496729850769043
83786,0.1675872802734375
82954,0.14241409301757812
81897,0.15128779411315918
83731,0.140594482421875
83362,0.17606306076049805
83121,0.14644455909729004
82421,0.14578890800476074
82985,0.13609099388122559
83081,0.13513994216918945
82787,0.14167499542236328
82403,0.15062308311462402
81105,0.13748645782470703
82413,0.17156291007995605
82746,0.15477895736694336
49182,0.15214085578918457
49487,0.15018725395202637
48616,0.15665841102600098
48841,0.16895818710327148
48689,0.18467283248901367
49351,0.13471055030822754
48664,0.14811229705810547
49002,0.13243913650512695
48836,0.13380718231201172
48963,0.13471269607543945
49208,0.1655728816986084
49111,0.1736764907836914
48719,0.16559815406799316
48790,0.13258624076843262
48916,0.1844799518585205
48933,0.13644933700561523
48489,0.16557621955871582
48978,0.1636972427368164
48525,0.127244234085083
48347,0.16794610023498535
48867,0.15465044975280762
48973,0.13628292083740234
49411,0.15539789199829102
49280,0.13480043411254883
48921,0.17484712600708008
49129,0.15837574005126953
49332,0.13326430320739746
48897,0.13439464569091797
49070,0.16973638534545898
49816,0.18484830856323242
48701,0.1524338722229004
50659,0.1570587158203125
50776,0.1719522476196289
49842,0.1367325782775879
50702,0.16510963439941406
53668,0.13737916946411133
49287,0.15075302124023438
50553,0.15372824668884277
50897,0.16652512550354004
51658,0.16518354415893555
54557,0.17348146438598633
49353,0.13931512832641602
49212,0.157881498336792
49244,0.13397526741027832
49781,0.14068317413330078
48791,0.13581347465515137
49229,0.1785273551940918
49606,0.15468192100524902
49874,0.14924836158752441
49525,0.13109517097473145
49706,0.1354844570159912
49454,0.13236069679260254
49346,0.13335061073303223
49702,0.14220833778381348
49164,0.16161656379699707
49782,0.18712377548217773
50258,0.1368718147277832
50270,0.15405654907226562
49318,0.14513921737670898
49110,0.1338036060333252
50111,0.1835484504699707
51415,0.13160395622253418
50720,0.16972923278808594
51512,0.15924930572509766
50261,0.12564492225646973
50851,0.13646364212036133
50743,0.1347944736480713
50814,0.17548608779907227
50565,0.20540285110473633
50350,0.14553380012512207
49955,0.16953301429748535
50207,0.15240073204040527
50376,0.16662359237670898
49843,0.13658404350280762
50167,0.13077521324157715
50025,0.15484094619750977
49449,0.14012527465820312
50131,0.13588309288024902
50157,0.1331639289855957
49894,0.1396501064300537
50085,0.13295364379882812
50324,0.16024255752563477
50314,0.14069128036499023
47985,0.13124942779541016
50129,0.17671608924865723
49542,0.16149234771728516
50901,0.1632547378540039
51794,0.14027976989746094
50744,0.15461492538452148
51436,0.1370849609375
51247,0.1426832675933838
51296,0.13202309608459473
49923,0.15398812294006348
50490,0.1355750560760498
51883,0.15807056427001953
51071,0.17618203163146973
50792,0.13744449615478516
51177,0.13820219039916992
50128,0.14229440689086914
51075,0.16934585571289062
49758,0.14895153045654297
49541,0.15189051628112793
50196,0.17739105224609375
50154,0.15874481201171875
49552,0.15071535110473633
50595,0.12947702407836914
52249,0.177717924118042
50732,0.1454153060913086
49908,0.18056416511535645
49857,0.151336669921875
50228,0.18708300590515137
51020,0.13216304779052734
51382,0.13444805145263672
51208,0.17198944091796875
51034,0.13508391380310059
50107,0.15357637405395508
50736,0.14468955993652344
50677,0.1733546257019043
50533,0.14260339736938477
50368,0.1366581916809082
50734,0.13464879989624023
51902,0.15159106254577637
50970,0.1583242416381836
51643,0.13080620765686035
52224,0.13584280014038086
52158,0.16060638427734375
52715,0.15984678268432617
52702,0.17237281799316406
54705,0.18271422386169434
52657,0.15744638442993164
52490,0.16475844383239746
77258,0.1474628448486328
77757,0.1613326072692871
77593,0.16066288948059082
77683,0.14751029014587402
78867,0.13745570182800293
79698,0.13254857063293457
82853,0.16587424278259277
79194,0.14173030853271484
78909,0.1351456642150879
92882,0.1467876434326172
77344,0.1350851058959961
78181,0.1360950469970703
79493,0.15791082382202148
78341,0.15792107582092285
77417,0.1373903751373291
76113,0.13418102264404297
88994,0.1336064338684082
76278,0.135451078414917
90130,0.1381373405456543
92021,0.16420817375183105
77880,0.16164779663085938
87102,0.17090415954589844
86472,0.13652467727661133
74397,0.13498210906982422
74163,0.1346578598022461
87544,0.14402413368225098
87420,0.13505125045776367
74753,0.1468186378479004
74704,0.12555694580078125
74378,0.1392989158630371
75138,0.10937118530273438
74742,0.10770940780639648
74213,0.12147998809814453
74174,0.12354660034179688
74928,0.157257080078125
74619,0.11094403266906738
74590,0.1181941032409668
74925,0.09584617614746094
74718,0.15945720672607422
74676,0.1516871452331543
74431,0.10973858833312988
74675,0.156707763671875
75101,0.12367987632751465
75951,0.15722298622131348
76300,0.12333822250366211
75912,0.09708452224731445
76214,0.15617823600769043
76635,0.12231040000915527
76885,0.15710091590881348
77277,0.10791158676147461
76640,0.12238240242004395
76709,0.10933494567871094
76934,0.10642814636230469
77033,0.12544655799865723
79605,0.12578630447387695
78347,0.11021709442138672
77865,0.16940879821777344
78011,0.1068418025970459
77824,0.12151646614074707
76996,0.14040827751159668
80832,0.17599034309387207
78332,0.11135625839233398
80768,0.13453388214111328
80203,0.12408232688903809
77597,0.12262082099914551
77252,0.12221264839172363
76398,0.15966176986694336
75970,0.1566779613494873
76176,0.12159228324890137
75237,0.16557669639587402
76749,0.11118602752685547
79315,0.12370181083679199
81282,0.17313647270202637
77430,0.1416475772857666
81421,0.13046908378601074
81076,0.14119625091552734
82777,0.1782526969909668
81329,0.13372278213500977
77400,0.13937926292419434
79001,0.13066434860229492
77166,0.13862967491149902
77062,0.13396382331848145
77272,0.1412343978881836
76312,0.13309884071350098
75503,0.13677120208740234
76647,0.16450762748718262
76336,0.167893648147583
76410,0.1351766586303711
75960,0.14107370376586914
76514,0.1403653621673584
76516,0.130324125289917
75584,0.15054988861083984
76203,0.13415122032165527
75995,0.13680195808410645
76432,0.16980910301208496
76368,0.13471007347106934
76677,0.13392210006713867
76686,0.13762235641479492
77128,0.15320134162902832
77040,0.13579225540161133
77501,0.1350111961364746
77021,0.13213562965393066
75029,0.1349325180053711
75054,0.16041994094848633
75520,0.13814115524291992
80174,0.13494157791137695
81315,0.13608908653259277
86679,0.11320376396179199
85003,0.16897296905517578
86426,0.1743021011352539
86495,0.15791749954223633
89863,0.162200927734375
80895,0.16188883781433105
88548,0.16438603401184082
91516,0.15768885612487793
87915,0.16549110412597656
84289,0.13762784004211426
87379,0.16547918319702148
85896,0.1382734775543213
70170,0.1405937671661377
71244,0.1579883098602295
70681,0.12769746780395508
69424,0.16767001152038574
81523,0.19624996185302734
69783,0.1915903091430664
70912,0.18663716316223145
71537,0.16489124298095703
52646,0.12253046035766602
52540,0.145646333694458
53176,0.1323082447052002
53709,0.1831674575805664
55852,0.18457794189453125
58965,0.15099549293518066
60482,0.12961196899414062
59301,0.1661510467529297
58618,0.15153241157531738
58925,0.13048672676086426
59825,0.1468522548675537
52756,0.16029596328735352
51315,0.12427973747253418
51987,0.12395596504211426
51418,0.15453290939331055
51351,0.1304008960723877
52082,0.18032121658325195
53351,0.16215109825134277
51286,0.14389967918395996
51508,0.16269803047180176
51169,0.184584379196167
51824,0.1368703842163086
51717,0.12933874130249023
51246,0.12922406196594238
51553,0.13693666458129883
51787,0.168318510055542
51780,0.17390918731689453
51642,0.15270447731018066
51711,0.17574596405029297
50748,0.13203859329223633
53874,0.16040325164794922
52527,0.17618441581726074
51549,0.18510031700134277
67234,0.128068208694458
65893,0.12510895729064941
59115,0.14387965202331543
59244,0.1561260223388672
61595,0.13138079643249512
69208,0.12995529174804688
71095,0.1420130729675293
69458,0.15034747123718262
69018,0.13864469528198242
70154,0.1640610694885254
69484,0.13105130195617676
69605,0.16469740867614746
72260,0.18145179748535156
74878,0.16003680229187012
69072,0.18437814712524414
69669,0.13210201263427734
68665,0.16634178161621094
69759,0.1345043182373047
73464,0.12777423858642578
70764,0.12363481521606445
71276,0.16333460807800293
70570,0.15188860893249512
69019,0.15956497192382812
70410,0.1549675464630127
69098,0.13229584693908691
71001,0.1668691635131836
92903,0.15090250968933105
94672,0.15123343467712402
94057,0.13647747039794922
88465,0.16272854804992676
92510,0.15522527694702148
89103,0.1336991786956787
84512,0.15750336647033691
88013,0.14174866676330566
82345,0.12177610397338867
90023,0.18473362922668457
89250,0.1847078800201416
88091,0.16460323333740234
85402,0.16141653060913086
82135,0.17406678199768066
84968,0.16265559196472168
93913,0.1614065170288086
84933,0.16412806510925293
85792,0.12340450286865234
88977,0.16613316535949707
91116,0.12778472900390625
88119,0.1340181827545166
86245,0.16106438636779785
85274,0.18213748931884766
85486,0.16605710983276367
85496,0.16232943534851074
85457,0.13597798347473145
85821,0.1315324306488037
83797,0.13385462760925293
85244,0.16229009628295898
85390,0.16227006912231445
84479,0.19102144241333008
84317,0.15171504020690918
81561,0.16543340682983398
83932,0.1360621452331543
82219,0.1626908779144287
84368,0.16207122802734375
84930,0.16340351104736328
89299,0.13028860092163086
90090,0.13464593887329102
82666,0.1638188362121582
87712,0.16040658950805664
88384,0.16007637977600098
85501,0.15683579444885254
85354,0.1655888557434082
91623,0.16494059562683105
78545,0.15787148475646973
87074,0.18729925155639648
87754,0.16159605979919434
89545,0.15582537651062012
86645,0.12997150421142578
88772,0.1578679084777832
91650,0.15250492095947266
85987,0.18238401412963867
85416,0.16189122200012207
88872,0.19132184982299805
84859,0.1907193660736084
85379,0.1870899200439453
85542,0.16241979598999023
86192,0.186570405960083
93685,0.16769790649414062
86817,0.15962791442871094
86994,0.16376495361328125
88495,0.1321871280670166
92423,0.11944055557250977
82224,0.1549074649810791
82092,0.1268453598022461
85669,0.18591785430908203
85866,0.15973401069641113
86054,0.16023826599121094
86031,0.1496903896331787
80379,0.12318205833435059
81322,0.13971900939941406
83557,0.1612684726715088
84819,0.12677288055419922
84707,0.15518641471862793
82340,0.15324831008911133
88618,0.18285489082336426
83940,0.12395191192626953
81566,0.1648111343383789
82877,0.16451144218444824
81572,0.16518187522888184
82505,0.19534921646118164
81254,0.18936681747436523
82436,0.1497821807861328
81575,0.1291205883026123
86792,0.12949013710021973
89549,0.16328954696655273
86344,0.1358356475830078
85772,0.14017105102539062
83488,0.15334820747375488
81487,0.18906235694885254
81588,0.13361907005310059
82085,0.17805933952331543
81993,0.1478898525238037
81416,0.13349032402038574
82274,0.12153029441833496
82804,0.1508951187133789
82878,0.1696324348449707
81482,0.12960553169250488
85715,0.1312251091003418
82360,0.19313859939575195
84255,0.18438267707824707
86049,0.14757752418518066
88359,0.1637709140777588
83992,0.1923825740814209
87601,0.16068506240844727
86501,0.13503718376159668
82067,0.16420483589172363
81831,0.14338254928588867
82167,0.1621694564819336
81688,0.17895126342773438
84765,0.18458986282348633
81705,0.18418622016906738
83023,0.1794116497039795
81620,0.12559771537780762
82260,0.14113306999206543
82809,0.15221047401428223
83906,0.16013479232788086
87234,0.15391182899475098
88221,0.18772220611572266
