29368,0.07283854484558105
29254,0.08079242706298828
29422,0.08904790878295898
28649,0.08002781867980957
29559,0.0891425609588623
29421,0.07753515243530273
29382,0.10314440727233887
29575,0.06231570243835449
29503,0.07766056060791016
29606,0.08533620834350586
29698,0.0917060375213623
29761,0.08021903038024902
29665,0.07834649085998535
29711,0.09208893775939941
29567,0.08535528182983398
29594,0.07810044288635254
29646,0.09153461456298828
29470,0.0781562328338623
29712,0.08114361763000488
29800,0.08234953880310059
29330,0.0778963565826416
29111,0.08693075180053711
29154,0.0814518928527832
29431,0.07767343521118164
29613,0.07865524291992188
29365,0.08657169342041016
24628,0.08184027671813965
24643,0.07694101333618164
24660,0.07202577590942383
24706,0.07691287994384766
24619,0.07836127281188965
24759,0.07162857055664062
24545,0.07780861854553223
24545,0.08265805244445801
24404,0.07412528991699219
24434,0.07713913917541504
24576,0.060141563415527344
24575,0.08321380615234375
24554,0.07802319526672363
24539,0.07716536521911621
24607,0.0742030143737793
24587,0.07670044898986816
24554,0.08592486381530762
24574,0.07454204559326172
24579,0.07405328750610352
24563,0.07884454727172852
24505,0.0816049575805664
24493,0.07134580612182617
24450,0.07689714431762695
24428,0.07709693908691406
24324,0.08183908462524414
24191,0.07882189750671387
24571,0.07990455627441406
24616,0.07808899879455566
24586,0.0778357982635498
24665,0.07848954200744629
24559,0.08450150489807129
24557,0.08986306190490723
24574,0.07771468162536621
24660,0.08947491645812988
24630,0.05889749526977539
24653,0.07861804962158203
24637,0.08265423774719238
24657,0.0831911563873291
24662,0.07794404029846191
24676,0.0795738697052002
24687,0.07427430152893066
24857,0.08400917053222656
25017,0.0623624324798584
24814,0.06333184242248535
21684,0.07849264144897461
24537,0.08631491661071777
24647,0.07814955711364746
24609,0.06488442420959473
24615,0.07865619659423828
24579,0.07714414596557617
24559,0.08389472961425781
24457,0.07229495048522949
24438,0.07530951499938965
24499,0.08054709434509277
24828,0.09065055847167969
24665,0.07535886764526367
24733,0.0784306526184082
24859,0.08358526229858398
24758,0.07920455932617188
24825,0.07472467422485352
24742,0.07747578620910645
24923,0.08078980445861816
24925,0.07882928848266602
24751,0.07001543045043945
24807,0.0685434341430664
24824,0.07737231254577637
24785,0.07506966590881348
24581,0.07801103591918945
24691,0.08679008483886719
24773,0.07086873054504395
24791,0.08166241645812988
24731,0.07711338996887207
24852,0.07470059394836426
25147,0.07780623435974121
24773,0.0773618221282959
24631,0.07529187202453613
24646,0.07939791679382324
24587,0.07629799842834473
24631,0.07220959663391113
24660,0.07554912567138672
24681,0.0809934139251709
24602,0.07891154289245605
24621,0.07228684425354004
24635,0.07796788215637207
24653,0.07298684120178223
24625,0.07735514640808105
24672,0.07255196571350098
24633,0.0773458480834961
24624,0.07166552543640137
24656,0.07851457595825195
24672,0.08184289932250977
24693,0.07601165771484375
24681,0.07950973510742188
24691,0.08335471153259277
24710,0.0720057487487793
24661,0.07913661003112793
24710,0.07840394973754883
25294,0.07857608795166016
24572,0.07818460464477539
24692,0.07700943946838379
24684,0.07263374328613281
24560,0.07841777801513672
24489,0.083526611328125
24332,0.07909202575683594
24662,0.07553887367248535
24643,0.06322050094604492
24702,0.0786294937133789
24697,0.07203030586242676
24728,0.07952547073364258
24723,0.05960392951965332
24693,0.08216071128845215
24673,0.07526373863220215
24696,0.08098053932189941
24688,0.07745075225830078
24686,0.0758368968963623
24677,0.0787205696105957
24672,0.07917070388793945
24703,0.07181072235107422
24704,0.08457565307617188
24690,0.07520222663879395
24714,0.08249831199645996
24711,0.07311201095581055
24714,0.07642626762390137
24734,0.07709002494812012
24626,0.07744884490966797
24708,0.07621932029724121
24731,0.07512593269348145
24706,0.074493408203125
24708,0.07770156860351562
24750,0.08342742919921875
24773,0.07630181312561035
24750,0.07828736305236816
24768,0.07511234283447266
24766,0.07745528221130371
24749,0.07815909385681152
24763,0.07881975173950195
24763,0.07881975173950195
25199,0.08507561683654785
25174,0.07782626152038574
25206,0.08777689933776855
25132,0.0811161994934082
25114,0.0676870346069336
25160,0.08422017097473145
25183,0.08615827560424805
25127,0.07611989974975586
25173,0.08149862289428711
25189,0.07192635536193848
25154,0.08644795417785645
25195,0.08599019050598145
25198,0.10138368606567383
25151,0.07621455192565918
25230,0.08207249641418457
25208,0.07960653305053711
25191,0.09069204330444336
25214,0.08649373054504395
25174,0.06463956832885742
25155,0.08735775947570801
25138,0.08594274520874023
25182,0.07939887046813965
25190,0.07860350608825684
25172,0.08771872520446777
25188,0.07533812522888184
25214,0.08507037162780762
25248,0.07846784591674805
25199,0.08854007720947266
25266,0.07517337799072266
25182,0.08776044845581055
25216,0.08255672454833984
25109,0.07871270179748535
24948,0.08011412620544434
25292,0.07996511459350586
25044,0.07261371612548828
24663,0.07759881019592285
25131,0.07920598983764648
25061,0.07944202423095703
25081,0.09234309196472168
25140,0.07598185539245605
25193,0.0827188491821289
25173,0.09139680862426758
25249,0.07947397232055664
25253,0.07807779312133789
25219,0.06725740432739258
25226,0.07400274276733398
25156,0.08011627197265625
25241,0.07821106910705566
25263,0.07513260841369629
25232,0.07262611389160156
25187,0.07720279693603516
25176,0.08581352233886719
25221,0.08304309844970703
25263,0.07658171653747559
25211,0.07672882080078125
25218,0.07636260986328125
25231,0.08863592147827148
25213,0.08729839324951172
25207,0.08748435974121094
25206,0.07995367050170898
25261,0.05854177474975586
24824,0.08072495460510254
24415,0.07848143577575684
25026,0.08800697326660156
25034,0.07536458969116211
25141,0.0840749740600586
25159,0.07819390296936035
25234,0.0764772891998291
25255,0.07303762435913086
25256,0.07976341247558594
25238,0.09045553207397461
25259,0.08261847496032715
25221,0.08350205421447754
25266,0.06839656829833984
25257,0.07664275169372559
25238,0.07663536071777344
25294,0.0713038444519043
25273,0.07852530479431152
25199,0.08149099349975586
25285,0.09124517440795898
25275,0.08944344520568848
25307,0.07639002799987793
25295,0.07911896705627441
25236,0.07838058471679688
25165,0.08951973915100098
25169,0.0762171745300293
25326,0.07531428337097168
24856,0.07827591896057129
25038,0.09020280838012695
25217,0.0766606330871582
25198,0.07343578338623047
25144,0.09418106079101562
25111,0.08984684944152832
25283,0.08562278747558594
24586,0.08968520164489746
24890,0.07927513122558594
24999,0.07818841934204102
25172,0.07734441757202148
25241,0.08245420455932617
25261,0.08223867416381836
25268,0.08372354507446289
25309,0.07639288902282715
25191,0.08126139640808105
25210,0.07264471054077148
25180,0.08851027488708496
25145,0.07286763191223145
25226,0.06408929824829102
25113,0.08124113082885742
25063,0.07793021202087402
25176,0.07581973075866699
25187,0.06634831428527832
25088,0.07163739204406738
25142,0.08415675163269043
25196,0.05727839469909668
25161,0.07728171348571777
25177,0.07731795310974121
25172,0.07990360260009766
25233,0.07941460609436035
25098,0.0746769905090332
25050,0.07947039604187012
25101,0.07632327079772949
25229,0.08181524276733398
25168,0.07880401611328125
25061,0.07559633255004883
25082,0.07274174690246582
25068,0.08601522445678711
25038,0.07611560821533203
25014,0.08065152168273926
24996,0.07986783981323242
25018,0.07631111145019531
25018,0.07631111145019531
26410,0.08721494674682617
26444,0.08372092247009277
26448,0.07675743103027344
26786,0.0729517936706543
26482,0.08321356773376465
26318,0.07760739326477051
26725,0.07540702819824219
26293,0.07798075675964355
26161,0.07555794715881348
26450,0.08843183517456055
26365,0.05768108367919922
26156,0.06156182289123535
26328,0.09067392349243164
26471,0.08542990684509277
27075,0.09069943428039551
27109,0.07916975021362305
26885,0.07726860046386719
26848,0.07862448692321777
26959,0.08703184127807617
26692,0.07274937629699707
26650,0.07660698890686035
26823,0.08616971969604492
26554,0.07847309112548828
26638,0.08748936653137207
26681,0.07851600646972656
26702,0.10120081901550293
26537,0.07697081565856934
26823,0.07766175270080566
26884,0.10166168212890625
26848,0.08723258972167969
26970,0.07613110542297363
26908,0.07805323600769043
26940,0.08240175247192383
26986,0.09863734245300293
26974,0.07803511619567871
27002,0.07889223098754883
27029,0.07786822319030762
26973,0.07771015167236328
27016,0.09052896499633789
27115,0.09002327919006348
27067,0.07972073554992676
27133,0.07846665382385254
27054,0.07613158226013184
27068,0.08919692039489746
27008,0.08972501754760742
27221,0.07825231552124023
27079,0.057791709899902344
27044,0.0730125904083252
27137,0.08109045028686523
26976,0.07775402069091797
27122,0.07775402069091797
26958,0.07837462425231934
27077,0.08077597618103027
26847,0.0772697925567627
26911,0.06854605674743652
26897,0.07839798927307129
27034,0.08904123306274414
27125,0.07770490646362305
27138,0.0777583122253418
27092,0.09191274642944336
27248,0.08929109573364258
26571,0.07605957984924316
26429,0.08447527885437012
26793,0.07693028450012207
26923,0.07586050033569336
27286,0.07272529602050781
27143,0.07857823371887207
27211,0.07673978805541992
27368,0.05991983413696289
27264,0.08964991569519043
26860,0.09170675277709961
26890,0.10117316246032715
25829,0.07265520095825195
25154,0.0787360668182373
25489,0.08984065055847168
26079,0.07749056816101074
25422,0.06430339813232422
26273,0.08230400085449219
25788,0.07790255546569824
25743,0.0909574031829834
25773,0.0724647045135498
25821,0.07982516288757324
25778,0.08759403228759766
25714,0.07663559913635254
25685,0.07966399192810059
25809,0.07612824440002441
25820,0.07887864112854004
25862,0.0793607234954834
25762,0.08883452415466309
25833,0.0725405216217041
25838,0.07852721214294434
25773,0.07734322547912598
25605,0.0864410400390625
25790,0.07716560363769531
25737,0.05899214744567871
25848,0.08685135841369629
25963,0.07486271858215332
25872,0.07873082160949707
25839,0.08001303672790527
25778,0.07615947723388672
25795,0.08348989486694336
25820,0.07659339904785156
25459,0.07797074317932129
25325,0.07485651969909668
25485,0.07706356048583984
25687,0.07614374160766602
25687,0.07614374160766602
23642,0.0771026611328125
23769,0.08832430839538574
23549,0.07868361473083496
23215,0.08387374877929688
22747,0.08820581436157227
23594,0.07831072807312012
23356,0.08032965660095215
23101,0.0894010066986084
23676,0.08703112602233887
23676,0.09070348739624023
23713,0.08648943901062012
23733,0.07649803161621094
25320,0.060510873794555664
25300,0.06784892082214355
25271,0.07108926773071289
25240,0.07557320594787598
25309,0.08517050743103027
25233,0.07724308967590332
25376,0.08747386932373047
25376,0.08747386932373047
23071,0.08382606506347656
23111,0.07552194595336914
23040,0.08029294013977051
22459,0.07517623901367188
22349,0.07596373558044434
22252,0.07318782806396484
22368,0.06930375099182129
22582,0.07432150840759277
22555,0.07441878318786621
22925,0.07629728317260742
23093,0.06258416175842285
23100,0.08318781852722168
23097,0.08341145515441895
22918,0.07538127899169922
22731,0.07104778289794922
22782,0.07143855094909668
22940,0.07269167900085449
23079,0.07923150062561035
23075,0.07343888282775879
23110,0.07355856895446777
23111,0.08049988746643066
23101,0.07085776329040527
23095,0.07078838348388672
23092,0.07081198692321777
23096,0.07429289817810059
23078,0.0802149772644043
23078,0.07676863670349121
23104,0.08079242706298828
23102,0.08539891242980957
23114,0.06629467010498047
23127,0.0863187313079834
23129,0.07429122924804688
23129,0.07429122924804688
24745,0.06433629989624023
25126,0.0636594295501709
24894,0.08148479461669922
24828,0.06755709648132324
24828,0.06755709648132324
25516,0.07122945785522461
26087,0.06351161003112793
25746,0.07559323310852051
25824,0.06490755081176758
25755,0.07999992370605469
25815,0.08874869346618652
25795,0.0739126205444336
25525,0.07665801048278809
25586,0.0750279426574707
25975,0.07234525680541992
25818,0.07253861427307129
25857,0.07427144050598145
25937,0.07547545433044434
25829,0.05812382698059082
25305,0.07406306266784668
25410,0.08141088485717773
25797,0.0734260082244873
25878,0.05984687805175781
25869,0.0722191333770752
25861,0.07408642768859863
25812,0.07343053817749023
24629,0.07262825965881348
24605,0.09060239791870117
24676,0.08605051040649414
24654,0.08369708061218262
24531,0.07677221298217773
24440,0.07071805000305176
24063,0.07050585746765137
24295,0.0726308822631836
24234,0.07376337051391602
24277,0.08342528343200684
23873,0.07331323623657227
23922,0.08504533767700195
24073,0.07046771049499512
23805,0.07752394676208496
23933,0.0849003791809082
23856,0.07129287719726562
23821,0.0712132453918457
24104,0.0751795768737793
24056,0.07774519920349121
23743,0.079925537109375
24387,0.07988739013671875
24434,0.07263660430908203
24447,0.08502316474914551
24399,0.08071041107177734
24380,0.07369017601013184
24412,0.08315038681030273
24375,0.08514261245727539
24378,0.06336665153503418
24397,0.07572603225708008
24417,0.0741875171661377
24395,0.08392739295959473
24396,0.08472728729248047
24496,0.08262443542480469
24512,0.07575726509094238
24513,0.07222819328308105
24471,0.08068394660949707
24490,0.0745241641998291
24014,0.08122992515563965
24310,0.07466506958007812
24474,0.07895469665527344
23944,0.0803375244140625
23842,0.06959819793701172
24252,0.08489012718200684
24200,0.07134246826171875
23867,0.07423686981201172
24464,0.07433247566223145
24170,0.0581209659576416
23566,0.07118892669677734
24230,0.07293415069580078
24359,0.07384729385375977
23730,0.07818198204040527
24167,0.08759164810180664
24204,0.07448601722717285
23846,0.07273983955383301
23914,0.07491779327392578
24279,0.07893919944763184
24223,0.08296585083007812
24224,0.058400869369506836
23918,0.07983136177062988
23896,0.07449865341186523
24378,0.07169771194458008
24286,0.07066011428833008
23641,0.05662965774536133
23715,0.07067251205444336
24456,0.0717780590057373
24328,0.07219433784484863
24303,0.07051253318786621
24312,0.07321810722351074
24316,0.0722355842590332
24386,0.080810546875
24374,0.0720677375793457
24368,0.08656716346740723
24267,0.07667303085327148
24248,0.0874028205871582
24075,0.08369708061218262
23886,0.07606625556945801
24532,0.07322430610656738
24360,0.07529735565185547
24364,0.07129645347595215
24209,0.07184958457946777
24376,0.07482051849365234
24291,0.07883691787719727
24295,0.07425355911254883
24426,0.07177901268005371
24460,0.08679771423339844
24444,0.07063055038452148
24094,0.07008504867553711
23874,0.06909632682800293
24193,0.07672882080078125
24349,0.08760809898376465
24442,0.05733227729797363
24349,0.07259845733642578
24296,0.08431673049926758
24342,0.07485842704772949
24304,0.07413554191589355
24295,0.0764307975769043
24322,0.07317972183227539
24287,0.07431340217590332
24366,0.07025814056396484
24347,0.07569622993469238
24257,0.08637595176696777
24253,0.07547307014465332
24072,0.0856618881225586
23994,0.07319307327270508
23831,0.08311009407043457
23579,0.07021403312683105
24658,0.07109475135803223
24253,0.07496929168701172
24308,0.08093714714050293
24329,0.07402777671813965
24351,0.08288121223449707
24308,0.07109546661376953
24370,0.07189011573791504
24267,0.07683515548706055
24178,0.08137917518615723
24232,0.0709991455078125
24183,0.07411694526672363
24209,0.0761106014251709
23759,0.07379364967346191
24223,0.08550691604614258
