32043,0.09091925621032715
31127,0.11269259452819824
30953,0.06876707077026367
31033,0.09030675888061523
30236,0.09928011894226074
30273,0.08529162406921387
30176,0.09566593170166016
30150,0.09420108795166016
30430,0.09401774406433105
31515,0.09041666984558105
31398,0.11183547973632812
32363,0.09247708320617676
32199,0.09619927406311035
31776,0.09293842315673828
32106,0.09708428382873535
32121,0.11106348037719727
32178,0.11816167831420898
32140,0.09974265098571777
32248,0.061990976333618164
31693,0.09389352798461914
30687,0.11473870277404785
31738,0.1015932559967041
31577,0.09626984596252441
32195,0.1052546501159668
31562,0.09650874137878418
31192,0.09721875190734863
29533,0.09488415718078613
29627,0.07645034790039062
29978,0.09750223159790039
29937,0.09810781478881836
29533,0.09152770042419434
30118,0.10543632507324219
28664,0.10254645347595215
29478,0.11806011199951172
29478,0.09788393974304199
29168,0.09659051895141602
29575,0.09778189659118652
29528,0.09397029876708984
29520,0.10148477554321289
29602,0.09307336807250977
29664,0.10186553001403809
29433,0.09535551071166992
29507,0.09660673141479492
29501,0.09011554718017578
29457,0.09585094451904297
29317,0.11496162414550781
29406,0.09378814697265625
29251,0.09177327156066895
29389,0.09437751770019531
29330,0.10574769973754883
29301,0.09331893920898438
28832,0.11297988891601562
29324,0.06825923919677734
29563,0.09468960762023926
29670,0.09546232223510742
29483,0.0920717716217041
29595,0.10693669319152832
29673,0.09694552421569824
29636,0.0976862907409668
29783,0.09092426300048828
29730,0.11693215370178223
29826,0.10002470016479492
29838,0.09880590438842773
29692,0.09595489501953125
29852,0.09954333305358887
29728,0.09531188011169434
29687,0.09838461875915527
29864,0.097503662109375
29832,0.09938859939575195
30027,0.09244489669799805
32710,0.09526872634887695
28173,0.1057589054107666
29396,0.09484028816223145
30013,0.07560300827026367
29996,0.09425735473632812
29825,0.09421920776367188
30061,0.10032033920288086
29911,0.09517145156860352
29879,0.09471011161804199
29797,0.09396481513977051
30659,0.09453487396240234
29915,0.0982065200805664
29919,0.09547162055969238
30585,0.09659004211425781
30612,0.09691238403320312
29368,0.09727597236633301
30472,0.08188700675964355
30707,0.06979751586914062
30712,0.09517765045166016
30104,0.09932756423950195
30449,0.07447218894958496
30678,0.10059642791748047
30176,0.09733104705810547
29824,0.10286498069763184
29857,0.09228754043579102
30312,0.09658455848693848
30289,0.0947563648223877
29586,0.09585213661193848
30388,0.07150411605834961
31246,0.09553813934326172
29601,0.0932455062866211
29992,0.10257935523986816
29844,0.09451603889465332
29701,0.09272360801696777
29618,0.09747028350830078
29674,0.09601831436157227
29834,0.09778141975402832
29731,0.10482001304626465
29825,0.09514212608337402
29655,0.09347414970397949
29716,0.10544776916503906
29657,0.10369205474853516
29876,0.09232783317565918
29777,0.08780169486999512
29803,0.09364151954650879
29983,0.09570884704589844
29906,0.10537099838256836
29813,0.09432101249694824
29796,0.09564614295959473
29954,0.09922552108764648
30003,0.09364533424377441
29706,0.09607601165771484
29905,0.10343503952026367
30760,0.1192927360534668
29591,0.10010051727294922
29726,0.09638595581054688
29977,0.06838512420654297
29750,0.09531235694885254
29710,0.0957489013671875
29507,0.1023406982421875
29651,0.07810211181640625
29494,0.09222793579101562
29635,0.09454512596130371
29990,0.0928947925567627
29998,0.09568595886230469
29943,0.09722399711608887
29825,0.09170365333557129
29798,0.10174298286437988
29767,0.09642696380615234
29663,0.0989842414855957
29825,0.0959625244140625
29891,0.09858822822570801
29884,0.09424519538879395
29935,0.1044013500213623
29980,0.0952000617980957
29926,0.09538435935974121
29989,0.09830784797668457
30040,0.09463024139404297
29916,0.09419369697570801
30061,0.11716604232788086
29768,0.09393930435180664
29995,0.09476900100708008
30016,0.10158514976501465
30117,0.10459065437316895
30201,0.06731104850769043
30308,0.09482073783874512
30457,0.095184326171875
30275,0.09960007667541504
30302,0.10295772552490234
30311,0.10061025619506836
30324,0.09526753425598145
30392,0.09429430961608887
30138,0.09584403038024902
34087,0.10249447822570801
29848,0.09606695175170898
29926,0.11705923080444336
29828,0.09534573554992676
29930,0.09251046180725098
34270,0.0988621711730957
34103,0.0989675521850586
29964,0.0941617488861084
34204,0.07263922691345215
29888,0.08927679061889648
34277,0.10439562797546387
34287,0.10818672180175781
34148,0.09398913383483887
34146,0.10388922691345215
33910,0.11204290390014648
34111,0.09549784660339355
34042,0.09718966484069824
34114,0.09668278694152832
34145,0.09782767295837402
34100,0.09946584701538086
34141,0.09684967994689941
34290,0.11533355712890625
34183,0.11509919166564941
33995,0.11326837539672852
33975,0.09781885147094727
34005,0.12372422218322754
34109,0.09494853019714355
34087,0.09396243095397949
33969,0.09989237785339355
33934,0.0870521068572998
34009,0.09865903854370117
34343,0.09624576568603516
34035,0.09449529647827148
30006,0.11950230598449707
34095,0.11757421493530273
33639,0.09610724449157715
30415,0.09314465522766113
34443,0.12308812141418457
29969,0.12079644203186035
34357,0.09606790542602539
33903,0.09710144996643066
29840,0.11223530769348145
34039,0.09759926795959473
29916,0.10071229934692383
34064,0.09603571891784668
34115,0.0984187126159668
34210,0.09221839904785156
34083,0.09730148315429688
34157,0.09621810913085938
33959,0.0965433120727539
33908,0.1250760555267334
34091,0.10614871978759766
34154,0.11072611808776855
33885,0.10432744026184082
34013,0.10640835762023926
34108,0.12429356575012207
34205,0.11775922775268555
34019,0.0948948860168457
34169,0.10286974906921387
34022,0.11837482452392578
29983,0.09216189384460449
33204,0.11997818946838379
32745,0.08857607841491699
30252,0.11476707458496094
29886,0.09318900108337402
33739,0.10176205635070801
34039,0.10173773765563965
33957,0.07052731513977051
34210,0.09969520568847656
29984,0.10144281387329102
29919,0.09697222709655762
29893,0.11464452743530273
34291,0.10614752769470215
30083,0.1174170970916748
34223,0.10038185119628906
34410,0.09754467010498047
34267,0.1228635311126709
34268,0.11337447166442871
29979,0.09237194061279297
34230,0.09115242958068848
30103,0.09287309646606445
30081,0.11024856567382812
34478,0.12862133979797363
34477,0.10455894470214844
34123,0.09230923652648926
34370,0.11639094352722168
30382,0.0917673110961914
30275,0.09271097183227539
29909,0.10174918174743652
29972,0.09287595748901367
34390,0.09892797470092773
30150,0.09482717514038086
34190,0.06813693046569824
30269,0.09788274765014648
30365,0.09183502197265625
30411,0.09253358840942383
30186,0.09688377380371094
30242,0.07271742820739746
29977,0.10069751739501953
30196,0.09669947624206543
30071,0.10055971145629883
30128,0.09127092361450195
30075,0.11056733131408691
34412,0.0932302474975586
34469,0.07476043701171875
34199,0.09771227836608887
29920,0.07855033874511719
30138,0.09566736221313477
29943,0.0908803939819336
30311,0.09152483940124512
30162,0.10094928741455078
29949,0.09860849380493164
34230,0.09811568260192871
29977,0.11828303337097168
29967,0.08945608139038086
30038,0.09368228912353516
29891,0.0932610034942627
29869,0.11206173896789551
34043,0.10178303718566895
33953,0.11574554443359375
33748,0.0989527702331543
34188,0.1151115894317627
34377,0.10308241844177246
34168,0.10075926780700684
34115,0.09498763084411621
34006,0.09831762313842773
33870,0.09883880615234375
33591,0.10031008720397949
33616,0.11581254005432129
33851,0.09810662269592285
33789,0.11556696891784668
28470,0.09322142601013184
28438,0.11524844169616699
28425,0.1115109920501709
28879,0.09209752082824707
29467,0.09909701347351074
27851,0.06858444213867188
28976,0.10265159606933594
28252,0.11048626899719238
29163,0.09281063079833984
29372,0.11641573905944824
28880,0.09572553634643555
28452,0.10955238342285156
28775,0.09127664566040039
29393,0.0945277214050293
29201,0.12445616722106934
28761,0.11534619331359863
28216,0.11204195022583008
28270,0.09258627891540527
28072,0.1143181324005127
27950,0.09712386131286621
28635,0.09082198143005371
29061,0.09450101852416992
28896,0.09309005737304688
28886,0.09429097175598145
28812,0.11312270164489746
28673,0.09205198287963867
28530,0.06569933891296387
31627,0.0790402889251709
31857,0.09631037712097168
32007,0.11291122436523438
31745,0.09448695182800293
31843,0.09433460235595703
31816,0.11882328987121582
31950,0.0964655876159668
32101,0.0949864387512207
32200,0.09454727172851562
32206,0.09466123580932617
32308,0.09333324432373047
31966,0.09557104110717773
31922,0.11316943168640137
31894,0.09406399726867676
31820,0.08838057518005371
31924,0.09686923027038574
31770,0.09951066970825195
32201,0.09985756874084473
32476,0.0961606502532959
32624,0.11622095108032227
32821,0.11391067504882812
32619,0.12078261375427246
32496,0.09534478187561035
32263,0.09627366065979004
32445,0.09235477447509766
32469,0.12179327011108398
32306,0.09450626373291016
32392,0.09837937355041504
32366,0.08739614486694336
32314,0.0983896255493164
32483,0.09025764465332031
32378,0.0948946475982666
32848,0.11507987976074219
32621,0.09475874900817871
32323,0.0949549674987793
31248,0.11247539520263672
30259,0.11862635612487793
31795,0.10821199417114258
32523,0.10233068466186523
32456,0.1145486831665039
32678,0.10123133659362793
32681,0.11557602882385254
33677,0.09846353530883789
33758,0.0984189510345459
34621,0.09907865524291992
34191,0.10028266906738281
32881,0.10365962982177734
33967,0.11970138549804688
34655,0.12010431289672852
34603,0.09082460403442383
34691,0.09073448181152344
34859,0.09803128242492676
34435,0.09886336326599121
34764,0.09718751907348633
34658,0.09959864616394043
34217,0.09957051277160645
34556,0.09605073928833008
34422,0.09461188316345215
34287,0.10194230079650879
34520,0.09647822380065918
34586,0.09502649307250977
34550,0.09446048736572266
34503,0.10558438301086426
34213,0.09636974334716797
34408,0.10552763938903809
34426,0.0966184139251709
34496,0.09665369987487793
34551,0.09740591049194336
34719,0.10053563117980957
34595,0.09656691551208496
34389,0.0997011661529541
34287,0.10705280303955078
33936,0.09306955337524414
34472,0.10351371765136719
34251,0.0981595516204834
34665,0.09868359565734863
33720,0.08041691780090332
33779,0.10646319389343262
34811,0.09620785713195801
34811,0.10699796676635742
28850,0.10505008697509766
28732,0.1018061637878418
28456,0.11275863647460938
28354,0.09159040451049805
28442,0.11882472038269043
28864,0.09557151794433594
28551,0.0757150650024414
28850,0.09316158294677734
28845,0.09971737861633301
28830,0.08630084991455078
28669,0.09504055976867676
28765,0.09370756149291992
33135,0.0948784351348877
33511,0.09912800788879395
33497,0.09009122848510742
33406,0.09014153480529785
33339,0.11832952499389648
33209,0.11226892471313477
33624,0.1221158504486084
33668,0.09388136863708496
31074,0.10820770263671875
31175,0.09140563011169434
30918,0.10928845405578613
30347,0.10358262062072754
29711,0.09304189682006836
27403,0.10924005508422852
29814,0.0944061279296875
28569,0.0897834300994873
30038,0.10797643661499023
29985,0.11176276206970215
31352,0.10719156265258789
31548,0.11084628105163574
31061,0.1103818416595459
30650,0.08643698692321777
30443,0.10762548446655273
30124,0.11118531227111816
30003,0.11597776412963867
31854,0.1094207763671875
31135,0.11157441139221191
31161,0.11267471313476562
31181,0.10865139961242676
31185,0.09091043472290039
31196,0.09032964706420898
31159,0.11205124855041504
31248,0.10800743103027344
31097,0.10690450668334961
31178,0.08960866928100586
31154,0.09456682205200195
31120,0.10996079444885254
31157,0.11058402061462402
31217,0.09134507179260254
31112,0.10785746574401855
31096,0.11028146743774414
28247,0.08078408241271973
29165,0.07218074798583984
28366,0.06605863571166992
28164,0.09077858924865723
28956,0.1109781265258789
30317,0.1115565299987793
31179,0.10566401481628418
30877,0.09366798400878906
31018,0.09253525733947754
30819,0.0622711181640625
31077,0.09533023834228516
30516,0.0899515151977539
30569,0.09188032150268555
30573,0.10524153709411621
31152,0.08760309219360352
31141,0.08951306343078613
31325,0.09010696411132812
31371,0.09136605262756348
30299,0.09168887138366699
30432,0.0926055908203125
30776,0.11272096633911133
30973,0.08840799331665039
31159,0.09175395965576172
31409,0.09058713912963867
31330,0.09239435195922852
31526,0.09241127967834473
32449,0.11644172668457031
32384,0.08658099174499512
32222,0.09826397895812988
32075,0.09483909606933594
32381,0.10316681861877441
30136,0.09041023254394531
30235,0.10790777206420898
30089,0.08950686454772949
30154,0.11191320419311523
34313,0.09435081481933594
33416,0.11130070686340332
33074,0.11275100708007812
33765,0.11623477935791016
33298,0.11034941673278809
33366,0.10891366004943848
33392,0.0990593433380127
29112,0.09006023406982422
29705,0.0897362232208252
29964,0.10878682136535645
29667,0.0883476734161377
30089,0.08297204971313477
34710,0.11374354362487793
30186,0.11164355278015137
34380,0.09555697441101074
34536,0.09065461158752441
34709,0.1085507869720459
34632,0.09736394882202148
34528,0.09187054634094238
34690,0.09172177314758301
30229,0.09048676490783691
30124,0.10750150680541992
30408,0.10812664031982422
34714,0.09458732604980469
30425,0.08914589881896973
30369,0.09206223487854004
34855,0.11049890518188477
30408,0.09687352180480957
30043,0.08679723739624023
29847,0.10873103141784668
34859,0.09303092956542969
34395,0.10828828811645508
29303,0.07563138008117676
33860,0.11128902435302734
33468,0.08981442451477051
33521,0.0926511287689209
30164,0.11412215232849121
33868,0.09666323661804199
34045,0.1105802059173584
33491,0.09197854995727539
33804,0.11337041854858398
33904,0.0949869155883789
29247,0.10430240631103516
33868,0.1178429126739502
34155,0.09442973136901855
30209,0.09096765518188477
34692,0.0948786735534668
34377,0.09455657005310059
33745,0.09342551231384277
33665,0.10795259475708008
29130,0.09043049812316895
34393,0.11081123352050781
34344,0.09395980834960938
29785,0.09023809432983398
29643,0.09347891807556152
34669,0.09419584274291992
34663,0.09592056274414062
34537,0.09359598159790039
34772,0.09158587455749512
34765,0.09210538864135742
34754,0.0910027027130127
34533,0.11256003379821777
34553,0.1105659008026123
34276,0.09365344047546387
33894,0.11221575736999512
33453,0.11308932304382324
34108,0.09289169311523438
30386,0.12208962440490723
34599,0.0960395336151123
34480,0.07066202163696289
34277,0.09296703338623047
34225,0.09563374519348145
34323,0.11047744750976562
34112,0.09429001808166504
34408,0.11289024353027344
34203,0.11262989044189453
34469,0.12138915061950684
34552,0.09052610397338867
29985,0.09663248062133789
34625,0.09081387519836426
34352,0.0932471752166748
34543,0.11706018447875977
34399,0.11596202850341797
34374,0.08933186531066895
34437,0.08714962005615234
34370,0.09649276733398438
34548,0.09067058563232422
34618,0.0953676700592041
34366,0.09429812431335449
34513,0.09964370727539062
34859,0.09263753890991211
34776,0.10258865356445312
34090,0.09633421897888184
33592,0.09297609329223633
33202,0.09424543380737305
34124,0.10797858238220215
29106,0.09186124801635742
30556,0.08706021308898926
34102,0.11828231811523438
34017,0.11810970306396484
34320,0.10937881469726562
34267,0.11926078796386719
34530,0.1147623062133789
34626,0.09477519989013672
34217,0.09695291519165039
34215,0.0883333683013916
33944,0.08901071548461914
33662,0.09038519859313965
33965,0.12119722366333008
29571,0.0842888355255127
29767,0.09181356430053711
