31045,0.07737493515014648
30877,0.11682343482971191
31036,0.0977787971496582
35231,0.09819412231445312
30733,0.09613609313964844
31469,0.0784604549407959
35012,0.11997723579406738
31089,0.10755467414855957
31113,0.11136865615844727
31216,0.09595799446105957
31324,0.11985135078430176
30899,0.11224174499511719
31020,0.09583401679992676
30866,0.08002734184265137
30679,0.09691071510314941
35648,0.09741735458374023
35223,0.10404038429260254
30822,0.12217092514038086
30997,0.09950566291809082
31435,0.06762266159057617
35004,0.09796452522277832
31389,0.1095736026763916
31280,0.09488821029663086
31002,0.11881113052368164
31104,0.12361907958984375
30984,0.0981743335723877
33177,0.11588597297668457
29117,0.10577607154846191
33494,0.10019588470458984
29327,0.09524297714233398
29474,0.10219073295593262
29849,0.10492300987243652
28591,0.09745645523071289
33142,0.09882354736328125
33181,0.10016560554504395
32829,0.10020756721496582
33265,0.09693598747253418
33101,0.09678816795349121
33225,0.07916784286499023
29097,0.0965721607208252
33176,0.09906363487243652
33060,0.10374689102172852
33268,0.09978413581848145
33249,0.09832477569580078
33169,0.09820055961608887
33034,0.09493184089660645
33060,0.09513616561889648
32917,0.09929823875427246
32771,0.09968185424804688
32961,0.10446667671203613
32958,0.09676384925842285
32402,0.0963907241821289
33034,0.07416224479675293
33365,0.1019434928894043
29170,0.09440803527832031
33220,0.09857940673828125
33336,0.10641026496887207
33323,0.10712385177612305
33242,0.09933042526245117
33433,0.09732174873352051
29219,0.09613704681396484
29178,0.1001577377319336
29396,0.0969541072845459
33361,0.0951693058013916
29258,0.09440493583679199
29334,0.09591293334960938
29416,0.09736251831054688
29273,0.10233259201049805
29504,0.09656286239624023
33825,0.12036395072937012
31213,0.09447383880615234
32821,0.10472416877746582
29087,0.0953531265258789
29386,0.06687140464782715
29538,0.0851888656616211
33542,0.09077763557434082
29575,0.09465408325195312
33676,0.0976252555847168
33625,0.09747481346130371
33539,0.09843134880065918
29933,0.09648799896240234
29557,0.09297537803649902
32196,0.0962667465209961
30296,0.09606385231018066
30193,0.09626173973083496
28725,0.09428882598876953
34031,0.10492157936096191
29997,0.06240439414978027
30250,0.0951833724975586
29670,0.09991788864135742
34064,0.07473921775817871
30130,0.09257817268371582
29890,0.09304428100585938
33758,0.10264062881469727
33723,0.0975797176361084
34196,0.09957242012023926
29970,0.09197711944580078
28934,0.09299874305725098
34197,0.07107686996459961
31095,0.10120987892150879
29845,0.09661436080932617
29738,0.09472155570983887
33764,0.11536526679992676
33720,0.10444259643554688
33517,0.10051465034484863
33522,0.10213065147399902
29348,0.09832358360290527
29304,0.09171032905578613
29455,0.09274125099182129
33544,0.10133218765258789
33425,0.1033318042755127
33348,0.10923027992248535
29402,0.09720587730407715
33676,0.09622836112976074
33675,0.09520220756530762
29394,0.09413480758666992
29373,0.09247279167175293
29360,0.09010481834411621
29405,0.09385275840759277
29418,0.10031867027282715
33757,0.09650731086730957
33585,0.09765791893005371
33757,0.10343599319458008
31463,0.09596920013427734
33204,0.0976412296295166
33525,0.09779143333435059
29471,0.06951689720153809
33686,0.10295343399047852
33607,0.10258007049560547
33471,0.10939884185791016
33549,0.09505152702331543
33554,0.0951993465423584
33536,0.09348869323730469
29623,0.0999917984008789
29665,0.09442973136901855
29591,0.09423613548278809
29408,0.09030866622924805
29389,0.10007596015930176
29435,0.10128331184387207
33770,0.09771847724914551
29437,0.09706568717956543
29377,0.09600448608398438
29477,0.1006016731262207
29513,0.10442590713500977
29558,0.09578275680541992
29479,0.08350086212158203
29607,0.11788558959960938
29650,0.09512639045715332
29527,0.10105609893798828
29641,0.1094512939453125
33531,0.09673810005187988
29418,0.09589886665344238
29586,0.11634111404418945
29795,0.10025358200073242
29794,0.1004478931427002
29844,0.09029984474182129
29810,0.09084653854370117
29612,0.09899640083312988
29640,0.10843682289123535
29588,0.09809041023254395
29580,0.10098910331726074
29832,0.08851480484008789
29813,0.0961918830871582
32116,0.09682774543762207
32187,0.09582757949829102
32122,0.09540796279907227
32203,0.10192632675170898
32296,0.11838483810424805
32232,0.0953216552734375
32175,0.09217429161071777
32012,0.09479618072509766
31981,0.0990748405456543
32010,0.08901071548461914
31881,0.09206914901733398
32141,0.10168290138244629
32110,0.10919952392578125
32161,0.09833908081054688
32250,0.1094212532043457
32174,0.09899353981018066
31899,0.10468459129333496
31882,0.09230279922485352
31667,0.11370635032653809
31700,0.09662079811096191
31722,0.09462380409240723
31726,0.12001562118530273
31608,0.10949158668518066
31874,0.09283733367919922
31926,0.09510970115661621
31636,0.09361386299133301
31787,0.08246231079101562
31785,0.10262870788574219
31668,0.11622166633605957
31676,0.11483955383300781
31759,0.09192132949829102
31967,0.09520149230957031
31657,0.09597253799438477
31508,0.0998373031616211
31653,0.09592103958129883
31494,0.09174537658691406
31877,0.11816167831420898
31830,0.10184764862060547
32076,0.10013341903686523
32010,0.09784507751464844
32477,0.1080935001373291
31733,0.11519742012023926
31533,0.1040964126586914
31807,0.11570572853088379
31872,0.12272310256958008
31900,0.09090042114257812
31928,0.11322689056396484
32042,0.11373758316040039
32039,0.09391164779663086
32054,0.08833909034729004
32075,0.09561800956726074
32140,0.10130643844604492
31977,0.09750223159790039
32103,0.0967249870300293
32192,0.07737088203430176
32298,0.10668444633483887
32136,0.09354543685913086
32271,0.09894680976867676
32195,0.09267187118530273
32290,0.09254169464111328
32297,0.09358739852905273
30947,0.09045076370239258
30458,0.10310888290405273
32308,0.0948340892791748
32088,0.11136579513549805
32207,0.10241079330444336
31928,0.10485363006591797
32397,0.0933525562286377
32089,0.1167144775390625
32121,0.0954887866973877
32323,0.09633708000183105
32394,0.11815953254699707
32222,0.09499645233154297
32309,0.11889004707336426
32161,0.09574699401855469
32289,0.0989682674407959
32381,0.11553215980529785
32432,0.11578702926635742
32363,0.09004640579223633
32170,0.09652352333068848
32369,0.10941576957702637
32295,0.11309194564819336
32309,0.0956578254699707
32132,0.09601497650146484
32227,0.09064722061157227
32310,0.11763715744018555
32804,0.10140228271484375
32477,0.09499096870422363
32399,0.09617972373962402
32336,0.11508893966674805
32438,0.11299705505371094
32444,0.10747075080871582
32003,0.06214332580566406
32316,0.1010427474975586
32097,0.09431791305541992
32690,0.09370064735412598
32210,0.09591293334960938
32525,0.0935063362121582
32447,0.10222482681274414
32450,0.09338140487670898
32387,0.10105657577514648
32293,0.09375691413879395
32436,0.11104226112365723
32273,0.09450912475585938
32204,0.06913185119628906
32066,0.09494638442993164
32255,0.1050868034362793
32199,0.10096859931945801
31995,0.11494922637939453
32178,0.09218144416809082
32084,0.11479806900024414
32026,0.12051248550415039
31977,0.11165714263916016
31992,0.12123703956604004
32025,0.10175871849060059
31850,0.09353947639465332
31888,0.08859038352966309
32003,0.09536027908325195
31732,0.07487916946411133
31560,0.11967825889587402
31309,0.11085820198059082
32033,0.09032273292541504
31638,0.10334134101867676
31712,0.09979414939880371
31975,0.11692142486572266
31706,0.09299349784851074
31593,0.0958251953125
31726,0.09649777412414551
31513,0.09650254249572754
31566,0.0929875373840332
31746,0.09844398498535156
29971,0.11444973945617676
30291,0.12117886543273926
30473,0.09366989135742188
30945,0.11439728736877441
30584,0.12168192863464355
29537,0.10052084922790527
30971,0.09138131141662598
30312,0.11256575584411621
30982,0.1075589656829834
30304,0.11170673370361328
30231,0.09399628639221191
30811,0.11188888549804688
31092,0.07508587837219238
30873,0.08720827102661133
31102,0.12398338317871094
30673,0.09480667114257812
30280,0.09230828285217285
30288,0.09818530082702637
30378,0.11229324340820312
29336,0.09468436241149902
30154,0.12262654304504395
30541,0.09458160400390625
30429,0.10083532333374023
30371,0.09516000747680664
30110,0.1112370491027832
30229,0.11043119430541992
30161,0.12534332275390625
33025,0.11586356163024902
33037,0.1002957820892334
33141,0.11697220802307129
33268,0.10584664344787598
33335,0.09652876853942871
33341,0.11946630477905273
33343,0.11568713188171387
33448,0.09750175476074219
33273,0.12451648712158203
33420,0.11732268333435059
33234,0.09572601318359375
33237,0.09759187698364258
33211,0.11622142791748047
32939,0.11129331588745117
33058,0.11309242248535156
33195,0.09579062461853027
33276,0.12386393547058105
33163,0.1226797103881836
32993,0.10218930244445801
33108,0.11830878257751465
32996,0.11584162712097168
33104,0.11707448959350586
32971,0.09473586082458496
33027,0.09705281257629395
33093,0.09933304786682129
32747,0.10306859016418457
32581,0.0964975357055664
32904,0.10088109970092773
32775,0.09766674041748047
33211,0.09768414497375488
33303,0.12003636360168457
33328,0.09542632102966309
32989,0.06504964828491211
33681,0.11711263656616211
33231,0.1182856559753418
33241,0.09704875946044922
31791,0.09928274154663086
32821,0.10112166404724121
33229,0.11000299453735352
33427,0.09659337997436523
33603,0.10111260414123535
33997,0.11455941200256348
34123,0.09509587287902832
34417,0.09796690940856934
31007,0.09512114524841309
31867,0.09529232978820801
33018,0.09928607940673828
33089,0.09409952163696289
34046,0.11767935752868652
33957,0.09387564659118652
34570,0.09835600852966309
34287,0.09286379814147949
34246,0.09792232513427734
34378,0.08984947204589844
34483,0.09582638740539551
34392,0.09839320182800293
34397,0.08878493309020996
34439,0.08089494705200195
34437,0.10030269622802734
34363,0.09025216102600098
34327,0.09576606750488281
34037,0.0925745964050293
33952,0.1031332015991211
34150,0.09716129302978516
34168,0.0980525016784668
34259,0.09198141098022461
34080,0.09143733978271484
34133,0.10069131851196289
34075,0.09875774383544922
34118,0.10410547256469727
34322,0.09797048568725586
34260,0.09591364860534668
33876,0.09688901901245117
34340,0.0918729305267334
34380,0.0920553207397461
33894,0.09491324424743652
34038,0.07931900024414062
33566,0.0952301025390625
34372,0.10790205001831055
34434,0.09618616104125977
29283,0.12290763854980469
29658,0.11939620971679688
29599,0.1223607063293457
29434,0.12017107009887695
29258,0.11631155014038086
30040,0.09576225280761719
29342,0.10398173332214355
28504,0.07027602195739746
30066,0.09922957420349121
29913,0.11415433883666992
29573,0.11424446105957031
29765,0.10793900489807129
34050,0.09117746353149414
29750,0.08809041976928711
29546,0.10900163650512695
34038,0.0967562198638916
29680,0.09618663787841797
29612,0.11133885383605957
29904,0.1115419864654541
29705,0.09064579010009766
31849,0.11561298370361328
31832,0.11305928230285645
31707,0.10834002494812012
31267,0.08811187744140625
30530,0.09158921241760254
27912,0.10802698135375977
30265,0.08194231986999512
29286,0.08719825744628906
30389,0.11452317237854004
31010,0.08368778228759766
31733,0.11091446876525879
32332,0.11231040954589844
31898,0.10869526863098145
31747,0.09271740913391113
31694,0.09073877334594727
32352,0.0898284912109375
32671,0.0938718318939209
31583,0.1125788688659668
32001,0.11055135726928711
31898,0.10910463333129883
31883,0.09218764305114746
31760,0.0863039493560791
31819,0.11493635177612305
31864,0.10636425018310547
31737,0.10609626770019531
31946,0.11199092864990234
31805,0.1094515323638916
31849,0.09235024452209473
31813,0.11101198196411133
31813,0.11264824867248535
31902,0.10802650451660156
31762,0.11629700660705566
31760,0.11182785034179688
34815,0.06384539604187012
36751,0.07456016540527344
35492,0.07133078575134277
35624,0.11475133895874023
35666,0.11623430252075195
32746,0.0926513671875
34324,0.11752080917358398
33583,0.09607434272766113
34042,0.11211585998535156
33595,0.12005972862243652
33147,0.09054183959960938
33032,0.09484553337097168
32940,0.09446334838867188
33426,0.0918734073638916
33418,0.09781384468078613
33457,0.09264016151428223
33745,0.0934450626373291
33778,0.09307742118835449
31812,0.09449481964111328
33618,0.08666014671325684
32988,0.09446167945861816
33550,0.09599113464355469
33542,0.09510469436645508
33695,0.10050487518310547
33472,0.09227967262268066
33320,0.09410953521728516
34444,0.12495923042297363
34466,0.09281730651855469
34614,0.10660338401794434
34403,0.1249854564666748
34639,0.12007021903991699
32299,0.09311890602111816
28840,0.1111292839050293
33142,0.09238028526306152
33095,0.11423993110656738
32979,0.11237835884094238
31831,0.08951926231384277
32053,0.11004805564880371
32736,0.08139753341674805
31946,0.09530425071716309
31843,0.09121894836425781
31803,0.09138965606689453
31741,0.09023833274841309
28309,0.08919310569763184
32386,0.0928504467010498
28179,0.08752107620239258
30762,0.08854818344116211
33454,0.10987472534179688
32815,0.09177947044372559
32954,0.09359312057495117
32969,0.11371803283691406
32671,0.09125423431396484
32608,0.09154009819030762
32996,0.11181497573852539
33098,0.11562275886535645
33043,0.09645938873291016
33300,0.11252856254577637
33324,0.09391951560974121
33233,0.09212708473205566
33582,0.09728431701660156
33463,0.09180259704589844
33179,0.11387324333190918
33054,0.09674453735351562
33232,0.0742037296295166
28711,0.08956503868103027
32895,0.10939884185791016
32840,0.08633971214294434
32061,0.11106514930725098
32652,0.09211993217468262
32394,0.09472823143005371
31850,0.08075189590454102
33269,0.09689950942993164
31980,0.08757996559143066
32241,0.09006452560424805
32012,0.08557748794555664
32790,0.11623430252075195
32715,0.09166765213012695
32079,0.09183239936828613
32651,0.0897669792175293
32778,0.09586453437805176
27957,0.08536267280578613
33069,0.10460472106933594
32954,0.08155226707458496
32710,0.09458065032958984
32695,0.08955168724060059
32018,0.08312368392944336
33082,0.07524609565734863
33016,0.09514856338500977
33126,0.09611845016479492
31983,0.09082865715026855
33223,0.08796834945678711
32798,0.09302473068237305
32638,0.08373641967773438
32840,0.09351801872253418
32912,0.09618616104125977
32626,0.10892581939697266
32837,0.11018919944763184
33027,0.09178924560546875
32708,0.09127187728881836
32316,0.1072695255279541
32218,0.09530282020568848
31971,0.11174201965332031
28539,0.10677671432495117
32713,0.09015798568725586
32509,0.08820557594299316
32073,0.08584904670715332
32416,0.0904226303100586
32582,0.10775971412658691
32217,0.08541655540466309
32621,0.11118245124816895
32659,0.09103727340698242
33457,0.11683082580566406
32746,0.09282612800598145
33025,0.09234404563903809
32758,0.0946040153503418
32520,0.09282755851745605
32445,0.09021782875061035
32474,0.11184096336364746
32776,0.08865809440612793
32731,0.08864474296569824
32488,0.0890505313873291
32430,0.09473156929016113
32601,0.08494782447814941
32423,0.10029768943786621
32617,0.09318327903747559
32898,0.1100459098815918
32988,0.11638116836547852
32539,0.1173849105834961
32107,0.08286046981811523
31608,0.09250593185424805
32010,0.06348562240600586
32039,0.09215712547302246
29209,0.10582756996154785
32562,0.10671043395996094
32728,0.10921049118041992
32401,0.09749078750610352
32629,0.11779570579528809
32902,0.08988642692565918
32668,0.0924072265625
32498,0.08465027809143066
32183,0.08811116218566895
32134,0.08565378189086914
32113,0.0921013355255127
32064,0.09664416313171387
32773,0.08991408348083496
28400,0.09112977981567383
