32051,0.08184170722961426
33021,0.07908821105957031
32826,0.10654401779174805
32536,0.10769176483154297
30890,0.07716751098632812
30561,0.0762479305267334
30452,0.08022522926330566
30303,0.07231855392456055
30676,0.0840449333190918
30175,0.08555364608764648
30131,0.10348892211914062
30849,0.11340999603271484
30012,0.09004092216491699
29970,0.08420658111572266
30332,0.07616162300109863
30012,0.0895378589630127
30382,0.09966301918029785
30364,0.0741114616394043
30981,0.0739893913269043
31077,0.10011410713195801
31141,0.07951617240905762
30186,0.08946657180786133
30692,0.10402560234069824
29827,0.07941246032714844
30487,0.09169983863830566
29223,0.07265210151672363
26479,0.10042500495910645
26493,0.07927250862121582
26706,0.07701945304870605
26467,0.08754777908325195
26906,0.08994412422180176
26415,0.09243607521057129
27893,0.0819697380065918
26935,0.0864872932434082
26518,0.07892775535583496
26552,0.07032227516174316
26747,0.0940241813659668
26397,0.07849812507629395
26411,0.07789993286132812
26333,0.07837843894958496
26715,0.08152008056640625
26324,0.08141946792602539
26436,0.07517719268798828
26300,0.08176302909851074
26392,0.09038615226745605
26464,0.07558321952819824
26156,0.0748288631439209
25706,0.09748625755310059
26236,0.07549715042114258
26118,0.08115983009338379
26011,0.07670974731445312
26134,0.07914924621582031
26067,0.08010149002075195
26493,0.08977961540222168
26344,0.09145545959472656
26198,0.08735132217407227
26032,0.08412027359008789
26093,0.08369922637939453
26050,0.0838475227355957
26367,0.09871196746826172
26094,0.0989387035369873
25981,0.08126282691955566
26016,0.07207369804382324
25963,0.0697634220123291
26224,0.08336472511291504
26020,0.0689237117767334
26013,0.08192276954650879
26058,0.07141470909118652
25695,0.07729816436767578
25601,0.07669520378112793
28660,0.08232402801513672
28172,0.08203959465026855
26334,0.07023262977600098
26079,0.07446146011352539
25929,0.08481645584106445
26203,0.07104897499084473
26015,0.0771784782409668
26189,0.08592915534973145
26148,0.06917977333068848
25932,0.07347393035888672
25913,0.09502482414245605
26386,0.08935284614562988
25337,0.08766698837280273
26081,0.07180333137512207
26012,0.07032465934753418
28231,0.07584738731384277
26102,0.08002543449401855
26072,0.07851862907409668
26163,0.08072590827941895
27413,0.08905982971191406
26644,0.0909581184387207
26203,0.09364438056945801
26969,0.09235024452209473
27018,0.0834510326385498
26459,0.08193802833557129
26447,0.0717928409576416
26761,0.07703757286071777
26760,0.0960381031036377
26458,0.09430956840515137
26163,0.08643555641174316
27692,0.08585095405578613
25608,0.09493470191955566
26577,0.07873940467834473
26414,0.07854819297790527
26511,0.0744936466217041
26396,0.08092308044433594
26619,0.07573366165161133
26410,0.08999919891357422
26455,0.07471728324890137
26467,0.0803835391998291
26533,0.07799124717712402
26595,0.07033061981201172
26348,0.0818028450012207
26314,0.07342195510864258
26411,0.08550834655761719
26347,0.07199239730834961
26197,0.08411169052124023
26299,0.0987091064453125
26256,0.08291912078857422
26208,0.08136606216430664
26286,0.08296608924865723
26223,0.08572697639465332
26044,0.0806276798248291
26641,0.07327842712402344
26279,0.08349204063415527
26256,0.08176612854003906
26165,0.09292078018188477
26361,0.07631492614746094
26159,0.07209658622741699
26190,0.08207368850708008
26364,0.0789036750793457
26422,0.07973766326904297
26198,0.07196807861328125
26366,0.07545924186706543
26206,0.07909250259399414
26265,0.07256460189819336
26581,0.08451223373413086
26507,0.09403657913208008
26495,0.08089041709899902
26463,0.0812382698059082
26537,0.08923602104187012
26343,0.07480883598327637
26680,0.08095908164978027
26553,0.07318305969238281
26486,0.08979606628417969
26534,0.07902908325195312
26321,0.08418416976928711
26470,0.07552862167358398
26390,0.07416081428527832
26593,0.07788729667663574
26530,0.07645201683044434
26232,0.09069418907165527
26554,0.07451057434082031
26550,0.08241629600524902
26563,0.08073997497558594
26615,0.0738978385925293
26507,0.07811427116394043
26866,0.08006143569946289
26543,0.07842612266540527
26527,0.07335281372070312
26218,0.08648252487182617
26486,0.07171750068664551
26457,0.08052754402160645
29117,0.07743263244628906
29136,0.08881640434265137
29511,0.1044001579284668
29697,0.0782465934753418
29346,0.07811379432678223
29063,0.07538866996765137
29217,0.07396483421325684
29316,0.09620308876037598
29510,0.09165143966674805
29488,0.07294821739196777
29418,0.08817219734191895
29350,0.06895184516906738
29245,0.07603168487548828
29092,0.08699750900268555
29270,0.10383176803588867
29174,0.1032865047454834
29059,0.09091472625732422
29120,0.09357047080993652
29058,0.10717201232910156
28943,0.08520245552062988
29135,0.09578967094421387
29360,0.07487106323242188
29392,0.09000277519226074
29287,0.10483312606811523
29332,0.06360721588134766
29162,0.08944511413574219
29196,0.07729959487915039
29318,0.10724782943725586
28719,0.07317709922790527
29356,0.10051727294921875
29578,0.07039999961853027
29897,0.09190106391906738
28669,0.08758282661437988
29388,0.10796952247619629
29480,0.09128522872924805
31245,0.09308362007141113
29908,0.09303951263427734
29465,0.0823209285736084
29678,0.08528804779052734
29722,0.1060795783996582
29378,0.0695643424987793
29625,0.08628368377685547
29546,0.09684252738952637
29663,0.09297513961791992
29730,0.09043645858764648
29615,0.08949041366577148
29740,0.0885624885559082
29677,0.09118914604187012
29842,0.09093809127807617
29696,0.07537293434143066
29613,0.10796236991882324
29613,0.09814190864562988
29486,0.08111166954040527
29519,0.10441851615905762
29617,0.09565973281860352
29546,0.07416772842407227
29672,0.08406662940979004
29812,0.07468008995056152
29590,0.09694290161132812
29283,0.0843050479888916
29793,0.09081578254699707
29308,0.1109001636505127
29396,0.06671261787414551
29824,0.07370162010192871
29437,0.07774043083190918
29375,0.08127689361572266
29293,0.07413172721862793
29774,0.08665275573730469
29046,0.09182190895080566
28911,0.09119868278503418
28716,0.07784628868103027
29134,0.11076521873474121
29088,0.10718870162963867
29198,0.09951066970825195
29468,0.09073734283447266
29331,0.0994720458984375
29344,0.0997915267944336
29228,0.10157537460327148
29402,0.08616518974304199
29481,0.08657979965209961
29379,0.073760986328125
29411,0.10805559158325195
29266,0.10981011390686035
29391,0.09223175048828125
29541,0.09380841255187988
29444,0.09047245979309082
29438,0.09506344795227051
29728,0.0983572006225586
29294,0.08983182907104492
29387,0.07533097267150879
29748,0.07567906379699707
29403,0.10041546821594238
29332,0.10698485374450684
29850,0.09292364120483398
29803,0.09094762802124023
29658,0.09132766723632812
29418,0.07972311973571777
29455,0.09390473365783691
29288,0.08882904052734375
29508,0.08235049247741699
29139,0.08454513549804688
28640,0.0742790699005127
29214,0.10012006759643555
28947,0.06951713562011719
29255,0.0915670394897461
29219,0.10628747940063477
29483,0.1087796688079834
29081,0.08706212043762207
29094,0.08561992645263672
29068,0.08367705345153809
29152,0.07412886619567871
29160,0.10750412940979004
29146,0.09605026245117188
29105,0.09246182441711426
29001,0.07382774353027344
28780,0.09267735481262207
29177,0.10129451751708984
29345,0.09281635284423828
29002,0.09230685234069824
29013,0.09273672103881836
29288,0.0692286491394043
29227,0.07296252250671387
29127,0.09245586395263672
29249,0.10116839408874512
29252,0.09274554252624512
29181,0.072479248046875
29312,0.10701870918273926
29910,0.09109950065612793
30076,0.1057741641998291
29700,0.09009981155395508
29879,0.10847997665405273
34768,0.0817413330078125
35620,0.11064600944519043
34987,0.09263086318969727
35297,0.11761164665222168
34905,0.07286238670349121
36387,0.10785841941833496
35701,0.07732939720153809
34843,0.08619427680969238
34655,0.11472177505493164
34597,0.10888910293579102
33568,0.1070561408996582
33795,0.09399294853210449
34365,0.1104888916015625
33995,0.08539366722106934
33843,0.09727764129638672
33723,0.08555817604064941
33765,0.09362053871154785
34347,0.08229827880859375
35098,0.094818115234375
36398,0.09024167060852051
34701,0.08169388771057129
34857,0.08572745323181152
34353,0.07862424850463867
34215,0.09243345260620117
34155,0.1021127700805664
34108,0.09831428527832031
34158,0.11841702461242676
31605,0.08895707130432129
31616,0.11049842834472656
31562,0.1115579605102539
31194,0.07726192474365234
31314,0.10022616386413574
31637,0.10770225524902344
31271,0.08756542205810547
31056,0.09172725677490234
31425,0.0716850757598877
31432,0.0964365005493164
31037,0.09120869636535645
31214,0.09466028213500977
31396,0.09866142272949219
31050,0.10556840896606445
31165,0.10731101036071777
31071,0.10915207862854004
31035,0.09666013717651367
31274,0.07900118827819824
31134,0.11069536209106445
30902,0.09112882614135742
31401,0.09172439575195312
31045,0.08713245391845703
31251,0.08991789817810059
31694,0.09372401237487793
31182,0.0757148265838623
31360,0.09190535545349121
31527,0.09356880187988281
32165,0.08655500411987305
31781,0.08916401863098145
31555,0.0773153305053711
31428,0.07974624633789062
31440,0.0762643814086914
31842,0.09056615829467773
32149,0.09440922737121582
32333,0.08098363876342773
32302,0.08796358108520508
34052,0.08807873725891113
31250,0.08058762550354004
31108,0.10137581825256348
31545,0.10781526565551758
31385,0.10885739326477051
31593,0.09390735626220703
31343,0.08967852592468262
31932,0.0938560962677002
31577,0.09803056716918945
31853,0.0878133773803711
30631,0.0775454044342041
32908,0.08313322067260742
32003,0.09569549560546875
31780,0.0980522632598877
34074,0.11524367332458496
31523,0.09369421005249023
31538,0.09024214744567871
31253,0.06635832786560059
31097,0.09383845329284668
30970,0.09345698356628418
31100,0.09160041809082031
30862,0.09443902969360352
31218,0.09200572967529297
31396,0.09218168258666992
31333,0.09131932258605957
31029,0.0912621021270752
31286,0.0945892333984375
30957,0.07117724418640137
31275,0.09373903274536133
31196,0.09369564056396484
31169,0.09250497817993164
31076,0.09354901313781738
31010,0.08513927459716797
30946,0.11416339874267578
31001,0.0956118106842041
31053,0.1013641357421875
31101,0.08605122566223145
31171,0.09555959701538086
31348,0.09185385704040527
30782,0.07679963111877441
30443,0.0929253101348877
30455,0.09832096099853516
31117,0.08939433097839355
32026,0.08980798721313477
27224,0.07367753982543945
27160,0.07229256629943848
27177,0.08843111991882324
27205,0.0816657543182373
28481,0.10328960418701172
27681,0.08536171913146973
27592,0.08327102661132812
28364,0.07728004455566406
28036,0.07930183410644531
27203,0.08483219146728516
27501,0.0804758071899414
27373,0.07231497764587402
30489,0.07365608215332031
30210,0.06952500343322754
30373,0.08813810348510742
29763,0.07924795150756836
29936,0.06897354125976562
29909,0.08536648750305176
30563,0.06929278373718262
30513,0.07479047775268555
27279,0.07404661178588867
27198,0.07143282890319824
26992,0.06806731224060059
26544,0.09245157241821289
25853,0.09210634231567383
24420,0.09822416305541992
26426,0.07430672645568848
26049,0.09960341453552246
28960,0.08057022094726562
27193,0.07997703552246094
29180,0.07768940925598145
28140,0.08004307746887207
27867,0.06275558471679688
27542,0.10651206970214844
27163,0.09007978439331055
27522,0.08501195907592773
27428,0.08859062194824219
27414,0.10599899291992188
27462,0.0831606388092041
27444,0.10427284240722656
27415,0.07611632347106934
27357,0.08979439735412598
27314,0.0850379467010498
27252,0.08265495300292969
27272,0.08523368835449219
27330,0.06786179542541504
27285,0.07280421257019043
27320,0.10131502151489258
27365,0.10046863555908203
27434,0.10542583465576172
27445,0.08457040786743164
27303,0.08436346054077148
27245,0.07370448112487793
33990,0.06919360160827637
34199,0.08040976524353027
32935,0.07620382308959961
33834,0.09100651741027832
34521,0.07310748100280762
28981,0.07487869262695312
29662,0.08636236190795898
28854,0.10146808624267578
28987,0.10254287719726562
28665,0.0825798511505127
28903,0.07196712493896484
29030,0.10182690620422363
29270,0.08612704277038574
29338,0.07299518585205078
29766,0.08496594429016113
28856,0.10664749145507812
28983,0.074127197265625
28988,0.07853055000305176
29928,0.08111739158630371
29885,0.08735418319702148
29327,0.088104248046875
29809,0.08939528465270996
28892,0.10359501838684082
28953,0.09247303009033203
29105,0.08388090133666992
28992,0.08676934242248535
36253,0.06647062301635742
36311,0.0689244270324707
36374,0.0813450813293457
36411,0.08914971351623535
31876,0.08075690269470215
32338,0.0698249340057373
32144,0.07811164855957031
32300,0.07694888114929199
32298,0.07477974891662598
31975,0.06297111511230469
31243,0.07864832878112793
31005,0.0803060531616211
31703,0.07250666618347168
31692,0.08379483222961426
31453,0.10138392448425293
31387,0.06910014152526855
31496,0.07617735862731934
31694,0.07058429718017578
31951,0.07902812957763672
31827,0.07897210121154785
32182,0.09473681449890137
32008,0.0757894515991211
31450,0.0844275951385498
31123,0.09992337226867676
31201,0.1022639274597168
31651,0.08440780639648438
31498,0.08768415451049805
31530,0.08059120178222656
31586,0.07836318016052246
31569,0.08220815658569336
31904,0.07366371154785156
31714,0.07918095588684082
31779,0.06628966331481934
31543,0.0787057876586914
31942,0.08243012428283691
31632,0.08278560638427734
32223,0.07796216011047363
31789,0.08347916603088379
32529,0.08004641532897949
30621,0.10014486312866211
31985,0.09969592094421387
31813,0.08003091812133789
31178,0.07966899871826172
30983,0.08067774772644043
31606,0.07829952239990234
31575,0.07636022567749023
31311,0.07967829704284668
31520,0.1053609848022461
31485,0.09448051452636719
31503,0.08188295364379883
31724,0.09854555130004883
31573,0.07367491722106934
31634,0.08221244812011719
31693,0.07781314849853516
32443,0.08243203163146973
31757,0.07825756072998047
31964,0.09590506553649902
32452,0.07324099540710449
32321,0.0774848461151123
31069,0.08262109756469727
32359,0.07755756378173828
31966,0.07513022422790527
31903,0.08164834976196289
31831,0.0734562873840332
31534,0.0852363109588623
31552,0.07095170021057129
31628,0.0758976936340332
31176,0.08511042594909668
31257,0.07908415794372559
31165,0.08139538764953613
31541,0.07835626602172852
31855,0.08454656600952148
31488,0.082550048828125
31124,0.07901930809020996
31410,0.07669234275817871
30863,0.07998108863830566
32310,0.079193115234375
31178,0.06795835494995117
31200,0.09118127822875977
31051,0.09601855278015137
30934,0.0734856128692627
30950,0.07608151435852051
31211,0.07501745223999023
31045,0.07642030715942383
30558,0.09342694282531738
31490,0.09162640571594238
31543,0.0830986499786377
31379,0.0751948356628418
31337,0.07748961448669434
30935,0.06994938850402832
30796,0.08611297607421875
30942,0.07814884185791016
30787,0.08484172821044922
30647,0.08081793785095215
31302,0.07431983947753906
31422,0.08390569686889648
31535,0.07804417610168457
31202,0.07546281814575195
31636,0.08024430274963379
31708,0.06371736526489258
31605,0.08693289756774902
31358,0.08041977882385254
31474,0.07514119148254395
31196,0.09890174865722656
31208,0.07658815383911133
31556,0.08533692359924316
31012,0.07035398483276367
30751,0.0865633487701416
30202,0.07815670967102051
30957,0.0843353271484375
31074,0.07865333557128906
31356,0.06742596626281738
31468,0.0859065055847168
31236,0.08095741271972656
31012,0.08997750282287598
30587,0.08184313774108887
30574,0.08571791648864746
30677,0.07142448425292969
31176,0.08882784843444824
31447,0.08061957359313965
