26530,0.08665347099304199
25772,0.12061452865600586
25880,0.09286355972290039
25746,0.11382532119750977
26181,0.11343574523925781
26679,0.09819436073303223
26577,0.11902809143066406
26574,0.10274863243103027
26501,0.09592175483703613
26439,0.09176921844482422
26431,0.11079049110412598
26446,0.10231924057006836
26486,0.09384584426879883
26499,0.09835243225097656
26401,0.09369611740112305
26387,0.09769606590270996
26280,0.09296202659606934
26484,0.11958074569702148
26615,0.11942005157470703
26214,0.1204829216003418
25834,0.08975625038146973
25968,0.11867570877075195
25982,0.11226916313171387
26272,0.11380767822265625
26288,0.09270000457763672
26364,0.07996630668640137
26600,0.0954751968383789
26603,0.0816197395324707
26875,0.11693620681762695
26748,0.09526968002319336
25967,0.09598708152770996
26688,0.0963890552520752
25943,0.09913849830627441
26482,0.10100340843200684
26399,0.10289955139160156
26285,0.09393048286437988
26476,0.08860278129577637
26486,0.09117460250854492
26508,0.10289978981018066
26455,0.08387947082519531
26572,0.09337639808654785
26493,0.10125541687011719
26524,0.09103870391845703
26610,0.09345149993896484
26510,0.09165310859680176
26575,0.09138846397399902
26512,0.0630636215209961
26476,0.10042548179626465
26355,0.0947275161743164
26352,0.08656072616577148
26343,0.09247732162475586
26024,0.09177994728088379
26456,0.06844592094421387
26533,0.09481120109558105
26575,0.09759402275085449
26779,0.10113930702209473
26666,0.11377811431884766
26548,0.098236083984375
26558,0.09978580474853516
26583,0.0757598876953125
26665,0.09320759773254395
26663,0.09638094902038574
26696,0.09281659126281738
26686,0.10499835014343262
26667,0.10510730743408203
26687,0.09194183349609375
26625,0.09797406196594238
26951,0.08880305290222168
27166,0.09141373634338379
27123,0.09655189514160156
26687,0.09264659881591797
25865,0.07093596458435059
26581,0.09385466575622559
26712,0.10219240188598633
26689,0.10075116157531738
26718,0.10069584846496582
26645,0.0937795639038086
26698,0.09825325012207031
26800,0.09835362434387207
26865,0.07326793670654297
27204,0.10259366035461426
26295,0.0917811393737793
26067,0.09226465225219727
27489,0.09496068954467773
26904,0.0977928638458252
26109,0.09377598762512207
27157,0.09744977951049805
27418,0.0915842056274414
27327,0.1052095890045166
26512,0.11097311973571777
27312,0.08354401588439941
27104,0.0973367691040039
26425,0.09022808074951172
26789,0.0955648422241211
27033,0.06154489517211914
27203,0.1303107738494873
26845,0.09773015975952148
25903,0.09546494483947754
27318,0.09310412406921387
27437,0.09380650520324707
26333,0.09561800956726074
26896,0.09627890586853027
26798,0.11187601089477539
26615,0.0837714672088623
26628,0.10324764251708984
26716,0.09474706649780273
26693,0.09805703163146973
26720,0.08056163787841797
26763,0.10151863098144531
26725,0.09952569007873535
26740,0.09713888168334961
26675,0.09481072425842285
26722,0.09384846687316895
26621,0.09551382064819336
26667,0.0957944393157959
26687,0.09448671340942383
26726,0.09128355979919434
26716,0.10019421577453613
26733,0.07021737098693848
26766,0.09506702423095703
26843,0.09033012390136719
26751,0.09659194946289062
26967,0.09493017196655273
27518,0.08774399757385254
26689,0.09894561767578125
26796,0.09419369697570801
26724,0.09720110893249512
26609,0.09308910369873047
26621,0.09256267547607422
26393,0.08942174911499023
26642,0.09246706962585449
26629,0.09249401092529297
26818,0.0988917350769043
26777,0.09701919555664062
26843,0.09603023529052734
26855,0.07851815223693848
26801,0.09547877311706543
26698,0.09473943710327148
26746,0.10394883155822754
26710,0.09882593154907227
26758,0.10741400718688965
26827,0.09338951110839844
26777,0.09546518325805664
26766,0.09116816520690918
26740,0.0890665054321289
26759,0.09339070320129395
26826,0.10092902183532715
26768,0.12030267715454102
26776,0.0922236442565918
26777,0.10089516639709473
26673,0.10698294639587402
26812,0.09734892845153809
26738,0.09555363655090332
26817,0.09488368034362793
26773,0.09554171562194824
26769,0.09998726844787598
26849,0.07778739929199219
26843,0.09364461898803711
26789,0.11670517921447754
26762,0.10168647766113281
26828,0.09709715843200684
26756,0.10976481437683105
26756,0.10976481437683105
31772,0.0987555980682373
31610,0.1174619197845459
31718,0.12366843223571777
31758,0.11014652252197266
31737,0.07187318801879883
31659,0.1185920238494873
31720,0.09552526473999023
31694,0.10226678848266602
31611,0.08275556564331055
31663,0.10682225227355957
31669,0.11185431480407715
31723,0.11111259460449219
31673,0.12571477890014648
31779,0.12352299690246582
31807,0.09956479072570801
31814,0.1168830394744873
31508,0.10269808769226074
31528,0.10178995132446289
31632,0.08660721778869629
31601,0.10779619216918945
31609,0.06880807876586914
31629,0.08263158798217773
31668,0.10600662231445312
31607,0.1099100112915039
31662,0.10976290702819824
31655,0.11611366271972656
31695,0.09829568862915039
31670,0.10881876945495605
31703,0.10108804702758789
31636,0.12128424644470215
31743,0.11637067794799805
31610,0.11359786987304688
31542,0.10620689392089844
31877,0.0978240966796875
31551,0.07697749137878418
30964,0.10574221611022949
31807,0.09396696090698242
31694,0.10793137550354004
31933,0.10281157493591309
31998,0.1027674674987793
31834,0.09874868392944336
31578,0.10166096687316895
31571,0.09922647476196289
31636,0.09925603866577148
31727,0.06345558166503906
31534,0.08080792427062988
31466,0.10900211334228516
31706,0.07527875900268555
31848,0.08018207550048828
31785,0.10268306732177734
31779,0.10413098335266113
31806,0.10060691833496094
31864,0.10247635841369629
31924,0.11164164543151855
31936,0.11301159858703613
31895,0.09356164932250977
31808,0.11155915260314941
31787,0.10773682594299316
31730,0.09888625144958496
31694,0.1111454963684082
31814,0.10223650932312012
30963,0.10294508934020996
30536,0.10482621192932129
31595,0.10329651832580566
31873,0.09894776344299316
31919,0.1041712760925293
31546,0.12049555778503418
31877,0.0885169506072998
31710,0.08594369888305664
31848,0.09877872467041016
31916,0.11689448356628418
31983,0.10306072235107422
31893,0.12942981719970703
32094,0.09488606452941895
32009,0.1039738655090332
31955,0.10512280464172363
31925,0.10512399673461914
31922,0.09878325462341309
32016,0.12148594856262207
32068,0.11964011192321777
31857,0.11763572692871094
31949,0.1138150691986084
31927,0.1126866340637207
31857,0.1152949333190918
31772,0.12213563919067383
31944,0.12561559677124023
32110,0.09800839424133301
31574,0.10469961166381836
31911,0.10734701156616211
31886,0.10472750663757324
31852,0.11118030548095703
31634,0.13335013389587402
31767,0.11620903015136719
31934,0.1169438362121582
31393,0.10922384262084961
31643,0.0968475341796875
31837,0.10807108879089355
31804,0.09798407554626465
31912,0.1180272102355957
31824,0.08126425743103027
31700,0.09832239151000977
31845,0.1160438060760498
31823,0.09787416458129883
31672,0.11592388153076172
31732,0.11366605758666992
31629,0.1047201156616211
31447,0.11638998985290527
31428,0.1108543872833252
31660,0.1064596176147461
31609,0.10195040702819824
31695,0.10681962966918945
31618,0.1089162826538086
31577,0.12272882461547852
31732,0.1064755916595459
31588,0.11130547523498535
31713,0.11160969734191895
31632,0.09822368621826172
31743,0.1041257381439209
31552,0.1024935245513916
31159,0.10477519035339355
31351,0.10161614418029785
31370,0.12033772468566895
31736,0.10651969909667969
31487,0.09922194480895996
31516,0.11420249938964844
31540,0.10286998748779297
31555,0.10402846336364746
31537,0.11430954933166504
31564,0.11700296401977539
31496,0.11268949508666992
31430,0.08981823921203613
27965,0.10101079940795898
28216,0.1160130500793457
28123,0.09134554862976074
28621,0.09558844566345215
28385,0.11876654624938965
28102,0.08782482147216797
28108,0.09196257591247559
28373,0.12129426002502441
28503,0.09424901008605957
27887,0.11635661125183105
28166,0.09219574928283691
28394,0.11867809295654297
28208,0.11866497993469238
28506,0.0968620777130127
28175,0.0992128849029541
28512,0.10988688468933105
28183,0.09628915786743164
28060,0.09885907173156738
28882,0.09375309944152832
28081,0.1011960506439209
28161,0.08682656288146973
28346,0.11593389511108398
28313,0.09358477592468262
28490,0.09064650535583496
28228,0.09240841865539551
28168,0.11196088790893555
28207,0.09349608421325684
25916,0.10071134567260742
25962,0.07623410224914551
25973,0.08720660209655762
26031,0.09971070289611816
26033,0.09510493278503418
26048,0.09565997123718262
26045,0.11562108993530273
26090,0.10270214080810547
26121,0.08556103706359863
26073,0.09484505653381348
26054,0.10992765426635742
26021,0.09391427040100098
26055,0.11943316459655762
25952,0.11416506767272949
25964,0.10326313972473145
26021,0.0927131175994873
25918,0.08507537841796875
25985,0.10096430778503418
26063,0.09345746040344238
26254,0.12440705299377441
26075,0.09312844276428223
26020,0.09409832954406738
25940,0.10062980651855469
25903,0.09347224235534668
25903,0.09380269050598145
25724,0.09386062622070312
25629,0.09271574020385742
25782,0.12212467193603516
25761,0.11438250541687012
25721,0.09179449081420898
26021,0.09208536148071289
25930,0.09787893295288086
25826,0.09393906593322754
25865,0.09669709205627441
26073,0.12015938758850098
25685,0.09300470352172852
25487,0.09583544731140137
25930,0.09084558486938477
26095,0.09170937538146973
26170,0.10044384002685547
26290,0.11199569702148438
26298,0.09624862670898438
26546,0.12032961845397949
26576,0.0959787368774414
26931,0.09565162658691406
26370,0.12146186828613281
25357,0.10200762748718262
25949,0.06136369705200195
26599,0.09650897979736328
26157,0.12012386322021484
26622,0.06425929069519043
26546,0.09217333793640137
26397,0.11108779907226562
26456,0.09296035766601562
26354,0.06777238845825195
26322,0.09304475784301758
26323,0.09306144714355469
26393,0.09372925758361816
26350,0.09545254707336426
26341,0.09470748901367188
26444,0.09513640403747559
26406,0.0855557918548584
26366,0.08421111106872559
26283,0.08612394332885742
26320,0.09894394874572754
26174,0.10275602340698242
26275,0.09396791458129883
26164,0.09068751335144043
26486,0.09076070785522461
26405,0.08914613723754883
26364,0.09762454032897949
26336,0.09549093246459961
26294,0.09049487113952637
26344,0.09243559837341309
26261,0.09162592887878418
26086,0.0981435775756836
25951,0.09949588775634766
25910,0.09252023696899414
26136,0.09215760231018066
26136,0.09215760231018066
25445,0.09718203544616699
25766,0.0913844108581543
25307,0.10080933570861816
24487,0.09235668182373047
24018,0.0920560359954834
25481,0.11972332000732422
24725,0.09165072441101074
24650,0.09247589111328125
25414,0.09318065643310547
25482,0.09028220176696777
25432,0.09154534339904785
25437,0.1157982349395752
26179,0.09299015998840332
26189,0.09242486953735352
26098,0.09103631973266602
25989,0.09549784660339355
26155,0.09142756462097168
26149,0.10875916481018066
26280,0.11064910888671875
26280,0.11064910888671875
27747,0.10724687576293945
24572,0.10843253135681152
24622,0.0882718563079834
24022,0.07801961898803711
26284,0.08894491195678711
26101,0.08947443962097168
26117,0.10655689239501953
26316,0.08815526962280273
26462,0.08878326416015625
27107,0.08564281463623047
27641,0.0839076042175293
27754,0.11542367935180664
27648,0.08892607688903809
27620,0.10628604888916016
27411,0.09223484992980957
27255,0.08772897720336914
27492,0.09340381622314453
27485,0.10837078094482422
27642,0.10552477836608887
27685,0.09309792518615723
27648,0.10612034797668457
27665,0.09335565567016602
27623,0.10770416259765625
27645,0.09045195579528809
27731,0.08523130416870117
27679,0.0924522876739502
27702,0.10754060745239258
27730,0.1170816421508789
27752,0.08668756484985352
27813,0.11190104484558105
24597,0.08923816680908203
24633,0.10447573661804199
24635,0.10810017585754395
28629,0.10463547706604004
28601,0.10947871208190918
28841,0.10984683036804199
29111,0.10476326942443848
29111,0.10476326942443848
28532,0.09223413467407227
25930,0.10639452934265137
28789,0.07907509803771973
29023,0.11523151397705078
28776,0.1134331226348877
28704,0.09083008766174316
28647,0.09210753440856934
28797,0.08701491355895996
25405,0.10468244552612305
29078,0.07976841926574707
28904,0.10910582542419434
28915,0.09330940246582031
29013,0.08512115478515625
28266,0.10946893692016602
28569,0.08640456199645996
25543,0.09592890739440918
28846,0.10998678207397461
28689,0.09665632247924805
28904,0.08865594863891602
29070,0.09109282493591309
28938,0.0895841121673584
26406,0.0921175479888916
26448,0.0914769172668457
26376,0.09294748306274414
26434,0.11195158958435059
26514,0.0896749496459961
25012,0.08271503448486328
24991,0.11338210105895996
24939,0.08715176582336426
24965,0.09159159660339355
24887,0.1075141429901123
24586,0.11126089096069336
24829,0.0682976245880127
25101,0.10327339172363281
24757,0.11206293106079102
24578,0.1058344841003418
24646,0.0876779556274414
24547,0.09023928642272949
24881,0.08825826644897461
24887,0.0822150707244873
24966,0.0870506763458252
24884,0.0903785228729248
25374,0.08569836616516113
25145,0.09009075164794922
25182,0.08761286735534668
25126,0.08495211601257324
25290,0.08081245422363281
25216,0.11052083969116211
25242,0.11064839363098145
25157,0.08789825439453125
25214,0.08673715591430664
25253,0.08368277549743652
25340,0.11171555519104004
25197,0.0853128433227539
25419,0.0842745304107666
25431,0.08425283432006836
25287,0.08873581886291504
25231,0.09207916259765625
24728,0.10875177383422852
25363,0.09021997451782227
25191,0.1012871265411377
24513,0.08578324317932129
24165,0.10627269744873047
25086,0.08397793769836426
24917,0.08782601356506348
24459,0.0888204574584961
25420,0.09118938446044922
24888,0.0868980884552002
24287,0.08496999740600586
24883,0.08995175361633301
25158,0.09047174453735352
24732,0.09096312522888184
24894,0.08942031860351562
25034,0.08679413795471191
24690,0.1109311580657959
24648,0.10238909721374512
25151,0.08469152450561523
24904,0.08909225463867188
24904,0.08096647262573242
24729,0.08507347106933594
25069,0.08835506439208984
25234,0.0884714126586914
25078,0.08724308013916016
24770,0.08726286888122559
24509,0.08089923858642578
25269,0.0813283920288086
25273,0.08546590805053711
25237,0.0824880599975586
25256,0.0875999927520752
25276,0.08918070793151855
25261,0.09215188026428223
25258,0.08816409111022949
25188,0.10754513740539551
25064,0.0865328311920166
24820,0.10929274559020996
24673,0.09117436408996582
24951,0.06700396537780762
25439,0.09026288986206055
25235,0.08907651901245117
25161,0.08783769607543945
25250,0.09172487258911133
25220,0.09094429016113281
25077,0.10283827781677246
25169,0.0900721549987793
25257,0.08530998229980469
25169,0.0873103141784668
25208,0.10402345657348633
24599,0.08092284202575684
24860,0.09240126609802246
25122,0.09324312210083008
25121,0.10709857940673828
25128,0.08890271186828613
25171,0.08702468872070312
25218,0.11042165756225586
25229,0.09136724472045898
25130,0.08259916305541992
25181,0.0845494270324707
25233,0.08138370513916016
25335,0.08892989158630371
25253,0.08446455001831055
25045,0.10586881637573242
25073,0.1047666072845459
24823,0.10381126403808594
24746,0.08625483512878418
24559,0.08400487899780273
24762,0.10868525505065918
24306,0.10303068161010742
25379,0.08830904960632324
25119,0.10943102836608887
25075,0.0877375602722168
25176,0.09138369560241699
25305,0.0919198989868164
25240,0.09046721458435059
25245,0.08539342880249023
25107,0.08060479164123535
24959,0.08461833000183105
24898,0.0874941349029541
24996,0.11976408958435059
25007,0.10958552360534668
24722,0.08797240257263184
24971,0.08730673789978027
