37096,0.07378363609313965
36528,0.08093023300170898
36723,0.09703850746154785
36123,0.09826040267944336
37429,0.10531282424926758
36808,0.11884522438049316
35702,0.1006464958190918
35880,0.10030651092529297
41056,0.10053062438964844
35917,0.09737157821655273
35895,0.09697127342224121
35477,0.10338592529296875
41292,0.11733078956604004
35683,0.11813235282897949
35222,0.08936333656311035
35242,0.11811161041259766
36132,0.10624480247497559
35576,0.10062313079833984
41184,0.07341122627258301
36684,0.10475349426269531
36994,0.09944891929626465
37485,0.09813141822814941
36847,0.11674237251281738
36012,0.10062217712402344
35958,0.12369370460510254
35660,0.09792947769165039
33931,0.06892848014831543
34095,0.08113551139831543
33810,0.10588598251342773
33094,0.10443854331970215
33175,0.0994269847869873
33578,0.09040331840515137
34193,0.10575032234191895
33854,0.10370922088623047
33845,0.06344389915466309
34118,0.10079669952392578
33950,0.09871387481689453
33627,0.061528921127319336
33961,0.10166788101196289
33840,0.10374617576599121
33739,0.1190023422241211
33436,0.10985684394836426
33974,0.09821748733520508
33468,0.09444618225097656
34016,0.10331583023071289
33907,0.09826946258544922
33975,0.06825780868530273
33687,0.10283255577087402
33737,0.10604977607727051
33949,0.09532642364501953
33709,0.09603309631347656
33371,0.10229849815368652
33809,0.09932947158813477
33118,0.10550570487976074
33909,0.0954434871673584
33878,0.10315155982971191
33873,0.10183930397033691
33607,0.1069340705871582
33713,0.11827230453491211
33826,0.11588287353515625
33750,0.09725356101989746
33983,0.09768128395080566
34018,0.1061396598815918
33910,0.0969085693359375
34114,0.10142016410827637
33796,0.09757399559020996
34350,0.09377336502075195
33879,0.1037445068359375
34149,0.10364437103271484
34009,0.06967544555664062
38361,0.1031348705291748
33348,0.09632086753845215
33882,0.09936714172363281
34137,0.0987393856048584
34310,0.0887458324432373
34393,0.0966949462890625
34747,0.10144376754760742
34505,0.09938549995422363
34312,0.10104703903198242
34173,0.09675860404968262
33670,0.10916686058044434
33234,0.09356951713562012
32243,0.09284830093383789
33468,0.10316967964172363
33077,0.08647298812866211
34277,0.09690976142883301
34074,0.07680130004882812
34065,0.10238528251647949
38015,0.09712457656860352
33336,0.07139706611633301
33871,0.09369134902954102
33357,0.0965580940246582
33665,0.08445930480957031
34467,0.10140800476074219
34135,0.09265804290771484
33577,0.09755063056945801
33129,0.09568309783935547
33237,0.09670257568359375
34035,0.09628534317016602
32822,0.09624648094177246
33454,0.09833526611328125
36113,0.09889984130859375
33850,0.0959787368774414
33771,0.12253403663635254
33419,0.09379410743713379
33195,0.09838533401489258
33365,0.11297917366027832
33594,0.09756946563720703
33200,0.09929037094116211
33354,0.08106350898742676
33439,0.10108494758605957
33777,0.08449625968933105
33292,0.09787893295288086
33426,0.1059563159942627
34242,0.09911656379699707
33598,0.0988318920135498
33727,0.09671163558959961
33870,0.09751749038696289
33758,0.10117745399475098
33797,0.09692811965942383
33796,0.10478544235229492
34002,0.12535953521728516
33948,0.07817816734313965
33611,0.074371337890625
33971,0.09903740882873535
33602,0.09818267822265625
33926,0.08988833427429199
34419,0.09622979164123535
33906,0.09784507751464844
34357,0.12009286880493164
34148,0.10498380661010742
34318,0.09922957420349121
33542,0.07619500160217285
33404,0.09402823448181152
33379,0.08164238929748535
33607,0.10544085502624512
33751,0.10423851013183594
33737,0.1049041748046875
33640,0.09975314140319824
33421,0.0999307632446289
33428,0.10849499702453613
33599,0.09902071952819824
33432,0.0941619873046875
33470,0.09741377830505371
33583,0.10199284553527832
33445,0.09826517105102539
33386,0.09779977798461914
33543,0.08588719367980957
33410,0.09749341011047363
33743,0.10127043724060059
33740,0.078033447265625
33560,0.10065102577209473
34077,0.0975341796875
33626,0.10046935081481934
33577,0.09879946708679199
34002,0.09463357925415039
33553,0.08626604080200195
33260,0.10444164276123047
32994,0.1180257797241211
33755,0.09512805938720703
33661,0.09851193428039551
33483,0.1030421257019043
33705,0.1000375747680664
35468,0.11824917793273926
35471,0.09508872032165527
35572,0.1005716323852539
35683,0.11472058296203613
35221,0.11807847023010254
35258,0.09902119636535645
36073,0.10792016983032227
35640,0.09427642822265625
35836,0.12043070793151855
35546,0.11986875534057617
35869,0.09676361083984375
35628,0.09754347801208496
35895,0.11623525619506836
35802,0.09873294830322266
35680,0.10185694694519043
35798,0.11584353446960449
35786,0.09619355201721191
35685,0.12218427658081055
35804,0.09740519523620605
35969,0.09624624252319336
35939,0.0728907585144043
35825,0.1037912368774414
35655,0.10401320457458496
36355,0.09852433204650879
36178,0.10458016395568848
36213,0.11799931526184082
36424,0.09528017044067383
36557,0.09556007385253906
36472,0.09728145599365234
36262,0.11660408973693848
36272,0.09682941436767578
34404,0.10991501808166504
34573,0.09362030029296875
36219,0.10409164428710938
37078,0.09565496444702148
37429,0.10200929641723633
35628,0.10104250907897949
35530,0.120758056640625
35499,0.09682226181030273
35729,0.09648299217224121
34708,0.09538865089416504
35326,0.09699058532714844
35831,0.09913492202758789
36163,0.12232828140258789
35758,0.09313821792602539
35650,0.0948789119720459
36082,0.09630560874938965
35975,0.11352705955505371
35567,0.09769654273986816
35718,0.09438776969909668
36084,0.10179018974304199
35844,0.09479427337646484
36008,0.11319708824157715
36145,0.10190463066101074
35919,0.06254887580871582
36284,0.11957025527954102
36030,0.11937451362609863
36302,0.0974576473236084
35814,0.08670210838317871
36198,0.09682941436767578
36016,0.09588336944580078
36029,0.09778356552124023
35504,0.10184335708618164
35864,0.10107016563415527
35309,0.09613752365112305
35923,0.06791853904724121
36228,0.10112309455871582
36455,0.09208416938781738
35939,0.10077691078186035
35765,0.09981560707092285
36043,0.09661030769348145
36059,0.09547805786132812
36402,0.09877419471740723
36231,0.0690765380859375
36138,0.09865093231201172
35956,0.10160017013549805
36172,0.12334537506103516
35570,0.11884903907775879
36029,0.06223607063293457
36716,0.10416746139526367
36799,0.09866976737976074
36930,0.09678030014038086
36971,0.11874032020568848
36708,0.10654783248901367
36950,0.09882116317749023
36980,0.12022233009338379
37172,0.10646653175354004
35957,0.12164950370788574
36783,0.11910557746887207
36862,0.09396886825561523
36921,0.09860944747924805
36997,0.07704949378967285
36977,0.09784173965454102
36751,0.09707093238830566
36330,0.06770157814025879
36422,0.09369635581970215
35934,0.09778857231140137
36014,0.09847307205200195
36106,0.09698486328125
36225,0.10445141792297363
36084,0.09828042984008789
36220,0.09681129455566406
36607,0.12190032005310059
36528,0.10894584655761719
36645,0.10265779495239258
36369,0.07340407371520996
36536,0.11477470397949219
36128,0.10029149055480957
35907,0.09559369087219238
36221,0.11155939102172852
35872,0.09461402893066406
36226,0.09510660171508789
36059,0.11765217781066895
36103,0.11853528022766113
36309,0.09316706657409668
36061,0.09845757484436035
36405,0.09969401359558105
36372,0.10325813293457031
36306,0.09779095649719238
36401,0.11767959594726562
36651,0.10143184661865234
36747,0.08048677444458008
36219,0.10634136199951172
36186,0.0972452163696289
36217,0.1020817756652832
36259,0.12907814979553223
36460,0.08522343635559082
36870,0.11176729202270508
36995,0.11878728866577148
37105,0.12358570098876953
37129,0.11620163917541504
38144,0.12124371528625488
39431,0.12115263938903809
39377,0.12450027465820312
40343,0.10255718231201172
40938,0.1226036548614502
40847,0.11017346382141113
39987,0.0978400707244873
39980,0.11903834342956543
39365,0.11571788787841797
39575,0.10579943656921387
38992,0.09751367568969727
39270,0.12085247039794922
38809,0.09559988975524902
39085,0.11728954315185547
38373,0.11879420280456543
39440,0.09579777717590332
38910,0.09791803359985352
38893,0.13100075721740723
38798,0.0875546932220459
39027,0.09828615188598633
39278,0.128340482711792
39706,0.12463521957397461
40019,0.10232663154602051
39664,0.10572648048400879
39083,0.12136340141296387
39399,0.10456371307373047
38887,0.11510467529296875
36062,0.09806036949157715
36263,0.11939811706542969
36275,0.09939217567443848
35964,0.1002035140991211
36112,0.09779882431030273
36230,0.11910295486450195
36145,0.09450387954711914
36210,0.09798169136047363
36431,0.10003900527954102
36283,0.12970685958862305
36246,0.09946584701538086
36241,0.09821867942810059
35994,0.11937141418457031
35853,0.12469053268432617
35781,0.10190176963806152
35956,0.09589815139770508
35688,0.09900641441345215
35874,0.11702227592468262
35705,0.11769962310791016
35795,0.09929704666137695
36076,0.10036587715148926
35837,0.0937795639038086
36192,0.10794377326965332
36256,0.1216435432434082
36043,0.09703826904296875
35934,0.06443500518798828
35802,0.09586262702941895
36038,0.12439966201782227
35748,0.11856579780578613
36534,0.11447691917419434
36539,0.10018086433410645
36853,0.11929583549499512
36790,0.10176849365234375
37271,0.09634733200073242
36667,0.07611298561096191
36863,0.12059259414672852
34903,0.09879064559936523
35151,0.11722826957702637
35782,0.09682703018188477
36067,0.09839868545532227
36386,0.0987551212310791
36612,0.09746098518371582
36316,0.09816837310791016
36215,0.09799742698669434
36426,0.10176610946655273
38498,0.09466195106506348
33740,0.09446334838867188
34374,0.09932756423950195
34792,0.10421514511108398
35172,0.1052086353302002
35716,0.12079548835754395
36230,0.09753108024597168
36010,0.09780025482177734
35427,0.09882020950317383
35255,0.1192774772644043
35396,0.10411357879638672
35235,0.1068565845489502
35308,0.11830639839172363
35233,0.10177469253540039
35490,0.09609627723693848
35465,0.09834527969360352
35500,0.10111594200134277
35537,0.09794783592224121
35108,0.1093907356262207
34953,0.08749604225158691
35431,0.07297849655151367
35353,0.10529136657714844
35095,0.09544825553894043
35388,0.10408663749694824
35387,0.09622406959533691
35449,0.0966939926147461
35492,0.09429717063903809
34758,0.09832262992858887
34926,0.10029101371765137
35509,0.09737825393676758
34880,0.0959010124206543
34250,0.09510374069213867
34259,0.10312461853027344
35800,0.11257266998291016
35921,0.09942245483398438
36168,0.09826540946960449
36252,0.11861562728881836
35719,0.1036684513092041
35439,0.12297964096069336
38958,0.09928059577941895
35803,0.09826350212097168
36214,0.0832822322845459
38179,0.10010385513305664
35790,0.10534262657165527
35670,0.09801220893859863
35889,0.09776139259338379
35721,0.08172965049743652
40534,0.08288311958312988
40780,0.12406802177429199
41009,0.10948896408081055
40727,0.0964345932006836
41055,0.11976861953735352
40698,0.09356927871704102
41183,0.11928200721740723
40940,0.09823942184448242
32703,0.09039855003356934
32718,0.1163947582244873
32462,0.0609891414642334
31662,0.0916295051574707
30695,0.08551907539367676
30499,0.11177182197570801
31642,0.09060359001159668
30901,0.0893557071685791
32971,0.10601258277893066
33810,0.08274173736572266
34275,0.09279727935791016
33277,0.09224319458007812
38083,0.11073517799377441
37481,0.1107778549194336
37004,0.11451959609985352
37742,0.11377286911010742
35980,0.09340429306030273
32834,0.1172492504119873
32836,0.09110164642333984
32795,0.09792947769165039
32692,0.06332588195800781
32659,0.09087896347045898
32751,0.10943722724914551
32720,0.09134984016418457
32706,0.0921323299407959
32757,0.08931660652160645
32759,0.09686017036437988
32804,0.11243414878845215
32729,0.10679411888122559
32770,0.11118650436401367
32937,0.0915381908416748
32858,0.11055111885070801
32611,0.09260225296020508
36163,0.09751391410827637
35922,0.09427857398986816
33822,0.11173868179321289
34614,0.11655211448669434
36526,0.09381270408630371
35146,0.1049962043762207
34290,0.0997011661529541
35042,0.06834149360656738
35526,0.11868476867675781
35038,0.11461734771728516
34818,0.09658336639404297
34801,0.09364032745361328
35262,0.0943601131439209
35333,0.0868387222290039
34955,0.11429119110107422
34967,0.11139917373657227
34952,0.0946354866027832
34720,0.09437775611877441
34821,0.09247255325317383
34369,0.09709000587463379
35170,0.09603333473205566
35414,0.09253883361816406
35142,0.09466075897216797
35114,0.08879733085632324
34900,0.09650278091430664
34760,0.0901949405670166
38306,0.07510137557983398
38152,0.08720278739929199
38703,0.11555790901184082
38648,0.1235346794128418
39155,0.08473491668701172
32346,0.09661078453063965
37296,0.09260320663452148
37049,0.09479331970214844
36826,0.11308431625366211
36489,0.11149048805236816
35836,0.12393569946289062
36158,0.09848952293395996
36583,0.09236955642700195
36476,0.08999514579772949
35971,0.08490467071533203
35713,0.08529496192932129
35212,0.0770561695098877
35475,0.07377243041992188
36023,0.09185504913330078
36034,0.08028769493103027
34176,0.0937039852142334
37082,0.08870840072631836
36677,0.10566139221191406
36904,0.09324955940246582
36663,0.09208989143371582
36875,0.10215878486633301
36825,0.09070086479187012
36719,0.0745232105255127
36701,0.11168169975280762
36529,0.06853842735290527
36747,0.11450314521789551
36589,0.10480475425720215
37022,0.08540010452270508
36545,0.0940248966217041
36941,0.09389305114746094
37342,0.09024715423583984
36520,0.09453582763671875
36761,0.09787201881408691
36812,0.11565423011779785
36745,0.09473109245300293
37049,0.09580874443054199
36521,0.07922196388244629
36332,0.09645557403564453
35747,0.11186742782592773
36081,0.09477543830871582
36296,0.10612249374389648
35880,0.0943613052368164
35915,0.09506821632385254
31552,0.09413981437683105
36578,0.08044123649597168
36527,0.11390876770019531
36185,0.09541034698486328
36695,0.0948343276977539
36411,0.08845257759094238
36344,0.11380791664123535
36577,0.11427426338195801
36781,0.11339449882507324
36511,0.0899190902709961
36289,0.09176993370056152
35843,0.11426234245300293
36814,0.09567451477050781
37224,0.08055448532104492
36942,0.06884479522705078
36118,0.11894512176513672
37128,0.09628081321716309
36951,0.06733036041259766
36858,0.0920877456665039
36906,0.08682680130004883
36893,0.09554600715637207
37175,0.10053062438964844
37218,0.06606888771057129
37110,0.10904431343078613
36700,0.09399986267089844
36541,0.11594510078430176
35779,0.1029672622680664
35440,0.10612773895263672
31687,0.08296394348144531
36670,0.0772559642791748
37030,0.11607909202575684
36468,0.09284830093383789
36313,0.08510828018188477
36790,0.09413766860961914
36882,0.11327266693115234
36529,0.07726502418518066
37065,0.11302495002746582
36360,0.10015869140625
36674,0.09307289123535156
36902,0.07819867134094238
36642,0.10248517990112305
36405,0.07825565338134766
36370,0.1048433780670166
36293,0.09259963035583496
36395,0.09552311897277832
36300,0.10333037376403809
36180,0.08971381187438965
36472,0.09869813919067383
36546,0.09305167198181152
36647,0.09548616409301758
36882,0.11532306671142578
36898,0.11464810371398926
37285,0.11081552505493164
36047,0.10695028305053711
36158,0.0704505443572998
35405,0.09343266487121582
35400,0.07508993148803711
35854,0.09243655204772949
36869,0.09452366828918457
36906,0.11216235160827637
36887,0.10846877098083496
36926,0.09202742576599121
37131,0.0917665958404541
36815,0.08209824562072754
37068,0.09027385711669922
36670,0.09594893455505371
36800,0.09648728370666504
36191,0.10601305961608887
36077,0.07829952239990234
36046,0.08796811103820801
36236,0.0937042236328125
36323,0.11827206611633301
