40139,0.08706903457641602
40145,0.08344888687133789
39469,0.09813690185546875
40049,0.11097168922424316
41489,0.10511279106140137
40870,0.08070755004882812
38563,0.06867647171020508
39232,0.12059140205383301
39639,0.09912562370300293
40457,0.10225844383239746
40779,0.09898185729980469
40564,0.09925460815429688
40102,0.12001633644104004
40003,0.06867432594299316
40291,0.11772489547729492
40018,0.11440777778625488
40186,0.08803200721740723
40322,0.10626721382141113
41264,0.07417178153991699
41382,0.12376809120178223
39486,0.10956239700317383
39353,0.11922955513000488
40047,0.0980081558227539
41063,0.10202550888061523
41026,0.10858702659606934
38502,0.10174942016601562
28963,0.0955960750579834
29113,0.07929110527038574
29127,0.1037130355834961
28998,0.0690007209777832
28573,0.06867337226867676
29353,0.08528375625610352
29276,0.07678723335266113
28841,0.0910027027130127
29024,0.10327672958374023
29078,0.1028299331665039
28851,0.08530688285827637
28789,0.07808637619018555
28686,0.08064103126525879
28920,0.10336542129516602
28709,0.06946635246276855
28811,0.07453012466430664
28989,0.0960996150970459
28817,0.07159161567687988
29151,0.09495258331298828
28511,0.10852241516113281
28836,0.07949566841125488
28923,0.10412025451660156
29038,0.07852697372436523
28880,0.08091211318969727
28860,0.08796238899230957
28319,0.07906603813171387
29088,0.09570479393005371
29094,0.08489513397216797
29164,0.08488321304321289
29259,0.07711124420166016
28856,0.09010481834411621
29187,0.08092331886291504
29172,0.10139632225036621
29149,0.10408210754394531
29332,0.09934592247009277
29418,0.10271501541137695
29414,0.10787153244018555
29203,0.08541321754455566
29180,0.09571385383605957
29642,0.07836771011352539
29389,0.08074593544006348
29145,0.09565973281860352
29188,0.12112879753112793
29390,0.08159589767456055
27520,0.11189484596252441
28995,0.10697793960571289
28802,0.09379076957702637
29528,0.08134841918945312
29649,0.08670520782470703
30067,0.08020949363708496
30222,0.08695554733276367
29614,0.08545589447021484
29652,0.09755754470825195
29617,0.10510516166687012
29382,0.10341382026672363
29193,0.07742929458618164
26622,0.10552287101745605
29528,0.07639050483703613
29139,0.07914495468139648
29331,0.07253432273864746
30005,0.10706043243408203
29899,0.09340476989746094
29540,0.10455083847045898
29508,0.0860135555267334
29778,0.08375930786132812
29505,0.08293867111206055
29477,0.08905768394470215
29680,0.0874028205871582
29701,0.07233476638793945
29862,0.06671690940856934
29466,0.07751083374023438
29244,0.09576416015625
29578,0.0762181282043457
29291,0.0780031681060791
29340,0.07699012756347656
26814,0.07747650146484375
29918,0.0992436408996582
29811,0.10089826583862305
29662,0.10181283950805664
29193,0.09853100776672363
29735,0.10133624076843262
29663,0.07700467109680176
29547,0.07830953598022461
29511,0.09392333030700684
29580,0.08001518249511719
29741,0.08525681495666504
29433,0.11062097549438477
29186,0.09871530532836914
29553,0.08430314064025879
29242,0.08543705940246582
29241,0.10568785667419434
29591,0.07018494606018066
29126,0.0909886360168457
29190,0.08116650581359863
29388,0.06940031051635742
29411,0.10658669471740723
29215,0.0809013843536377
29446,0.08059263229370117
29261,0.09615802764892578
29615,0.07534050941467285
29438,0.0820612907409668
29545,0.09866714477539062
29495,0.08168578147888184
29549,0.08008337020874023
29768,0.08089900016784668
29434,0.10740852355957031
29623,0.12190055847167969
29637,0.07958006858825684
29542,0.0773305892944336
29542,0.10293054580688477
29758,0.08463621139526367
29770,0.08382296562194824
29699,0.10116147994995117
29766,0.07265567779541016
29606,0.07107782363891602
29701,0.08421039581298828
29525,0.0890200138092041
29809,0.07503890991210938
29648,0.10595321655273438
29759,0.10418081283569336
29838,0.1034860610961914
29826,0.07231712341308594
29748,0.0858759880065918
29924,0.09872722625732422
29526,0.07500004768371582
29888,0.0810999870300293
29350,0.08222389221191406
29482,0.07757234573364258
29783,0.09404420852661133
29427,0.11052632331848145
29606,0.0799560546875
29727,0.07541942596435547
29705,0.07947564125061035
29664,0.07937812805175781
29549,0.07832598686218262
29267,0.08067607879638672
29572,0.0724031925201416
38078,0.10503363609313965
37984,0.09512805938720703
38374,0.12016415596008301
38862,0.10342669486999512
37952,0.12433719635009766
37897,0.11925005912780762
38230,0.08586525917053223
38581,0.12353110313415527
38886,0.09966921806335449
38404,0.0963442325592041
38241,0.10068321228027344
38339,0.10243582725524902
38429,0.1169135570526123
38543,0.12076306343078613
38773,0.1194162368774414
38433,0.09147167205810547
38881,0.11687159538269043
38523,0.1219174861907959
38606,0.09493279457092285
38535,0.11802911758422852
38324,0.09670805931091309
38536,0.07628154754638672
38527,0.09726452827453613
38414,0.11649036407470703
38254,0.06918120384216309
38476,0.0970759391784668
38245,0.09993743896484375
38483,0.12129020690917969
37717,0.10258150100708008
38725,0.11656332015991211
38888,0.11511683464050293
38158,0.11827206611633301
37451,0.09687352180480957
39462,0.11675691604614258
39852,0.09534335136413574
35707,0.10163617134094238
37702,0.12035369873046875
38456,0.11986207962036133
38640,0.09887909889221191
38628,0.11884689331054688
37987,0.10131001472473145
38806,0.10266304016113281
39019,0.10114431381225586
38963,0.10270166397094727
38884,0.09772396087646484
38925,0.11070561408996582
38743,0.11997604370117188
38720,0.11757349967956543
38833,0.09743666648864746
38904,0.08032822608947754
38584,0.1195673942565918
38991,0.10307788848876953
38837,0.08165359497070312
38674,0.11683368682861328
38786,0.10090756416320801
39013,0.09977197647094727
38462,0.1201326847076416
38645,0.10400104522705078
38643,0.09596633911132812
38639,0.10035848617553711
38727,0.1011197566986084
39991,0.12090253829956055
40327,0.09968805313110352
38176,0.09938764572143555
38653,0.09779763221740723
38146,0.10439610481262207
37433,0.10219907760620117
38596,0.11616063117980957
37973,0.11197876930236816
37718,0.09815359115600586
37772,0.09581422805786133
37851,0.11501646041870117
37992,0.09195661544799805
37791,0.09644436836242676
38499,0.09515953063964844
38223,0.08353567123413086
38406,0.09787464141845703
37665,0.10773944854736328
38618,0.10276007652282715
38404,0.10158109664916992
38323,0.09628772735595703
38293,0.1161348819732666
38806,0.11636757850646973
39222,0.10185599327087402
39562,0.09557199478149414
39114,0.11931061744689941
36910,0.11891984939575195
38407,0.09797167778015137
38739,0.0996549129486084
39319,0.07620382308959961
39380,0.1080474853515625
35285,0.11415243148803711
38821,0.09369301795959473
35429,0.09874773025512695
39077,0.09698963165283203
38534,0.09780550003051758
38719,0.08451604843139648
38890,0.10467958450317383
38512,0.09498858451843262
38674,0.09317731857299805
39156,0.10758256912231445
38883,0.10245060920715332
38566,0.07979202270507812
38802,0.09402036666870117
40127,0.09929275512695312
40011,0.08615756034851074
39204,0.09908032417297363
38512,0.1184535026550293
38683,0.11294150352478027
38733,0.10449433326721191
38687,0.11179113388061523
38379,0.11558079719543457
38397,0.1099250316619873
38341,0.0968468189239502
38353,0.10335421562194824
38510,0.09936213493347168
38736,0.11829519271850586
38815,0.09785962104797363
39867,0.09843063354492188
39490,0.09328651428222656
39834,0.11493349075317383
38001,0.07728362083435059
39148,0.09617400169372559
38982,0.09983563423156738
39525,0.09882903099060059
34607,0.07169961929321289
34766,0.09325051307678223
34645,0.10250997543334961
34867,0.11797833442687988
40289,0.12173056602478027
34834,0.09584784507751465
32082,0.10570216178894043
31881,0.09642529487609863
31832,0.0951390266418457
31748,0.10348844528198242
32378,0.1078646183013916
32995,0.12595105171203613
32875,0.10664534568786621
31262,0.09967374801635742
31208,0.11317110061645508
31139,0.1131887435913086
30461,0.09041118621826172
30904,0.11805176734924316
30721,0.09319543838500977
30598,0.11542701721191406
30410,0.11298751831054688
30699,0.11624479293823242
31097,0.1122434139251709
30821,0.0773923397064209
31997,0.09771728515625
34028,0.09543466567993164
31176,0.10701990127563477
31398,0.09206604957580566
31356,0.07907319068908691
31048,0.09448671340942383
31123,0.09277987480163574
31179,0.1111595630645752
30836,0.09221005439758301
41412,0.10114598274230957
41413,0.11719679832458496
41250,0.11838817596435547
41349,0.12353682518005371
41363,0.08018851280212402
41023,0.09987306594848633
41383,0.09978103637695312
40863,0.09797024726867676
40888,0.11094474792480469
41043,0.11078190803527832
41217,0.11791062355041504
41056,0.11547613143920898
40657,0.09149742126464844
40896,0.09834122657775879
41283,0.11599254608154297
40800,0.11772561073303223
40667,0.12027549743652344
40561,0.08250665664672852
41084,0.1161351203918457
41012,0.09718704223632812
41652,0.10174870491027832
41137,0.06492972373962402
40792,0.09442853927612305
41591,0.10142040252685547
41298,0.10125517845153809
40850,0.1146857738494873
40831,0.09769201278686523
41643,0.09937167167663574
41539,0.12230491638183594
41580,0.08799982070922852
41578,0.101318359375
41820,0.09785342216491699
41420,0.10229253768920898
41873,0.07004046440124512
41611,0.09934592247009277
41783,0.09406614303588867
40783,0.09516453742980957
39716,0.09583497047424316
40656,0.12196993827819824
40933,0.10950350761413574
41228,0.0963897705078125
39262,0.09635210037231445
41107,0.09839487075805664
41420,0.09631514549255371
41279,0.1060948371887207
41035,0.09608101844787598
36633,0.108428955078125
37099,0.11582016944885254
36509,0.12551283836364746
36217,0.09940576553344727
38436,0.12108254432678223
37789,0.0969240665435791
37533,0.10288262367248535
37223,0.09965229034423828
37259,0.09873151779174805
36779,0.09489250183105469
37147,0.1061708927154541
37090,0.09548163414001465
37017,0.10541558265686035
37234,0.0983114242553711
37406,0.10282278060913086
36946,0.09844112396240234
37274,0.09606099128723145
37072,0.09689855575561523
37392,0.09639453887939453
37260,0.09319639205932617
37183,0.09801673889160156
37049,0.09923076629638672
37035,0.10018634796142578
36869,0.09511232376098633
37005,0.1176908016204834
37035,0.09656882286071777
37315,0.09411978721618652
37227,0.09707498550415039
37202,0.09737300872802734
37037,0.09880995750427246
36332,0.1020660400390625
36580,0.09460926055908203
37197,0.11971807479858398
37861,0.12262296676635742
33418,0.12044906616210938
33517,0.08664536476135254
33518,0.07594060897827148
33371,0.09576821327209473
33900,0.0781247615814209
33674,0.11714529991149902
34013,0.07169079780578613
35752,0.10413312911987305
34296,0.06243753433227539
34069,0.11592340469360352
33778,0.12286520004272461
33935,0.1002960205078125
39460,0.06629776954650879
39400,0.11292767524719238
39120,0.09236454963684082
38846,0.09152984619140625
39221,0.08897805213928223
39150,0.09664607048034668
39449,0.10208487510681152
39608,0.0700523853302002
31213,0.09373903274536133
31205,0.08401322364807129
31003,0.11125445365905762
30315,0.09273576736450195
29204,0.10881733894348145
28445,0.11133909225463867
30151,0.10317707061767578
29796,0.09096884727478027
31459,0.0901494026184082
31629,0.08439946174621582
32712,0.06398916244506836
31951,0.10017180442810059
31788,0.09434866905212402
31353,0.09357023239135742
30995,0.09063911437988281
31228,0.09116530418395996
31774,0.0940239429473877
31786,0.11341977119445801
31557,0.09014463424682617
31393,0.11125969886779785
31426,0.10818624496459961
31345,0.1115260124206543
31310,0.10973739624023438
31366,0.09059762954711914
31362,0.10738492012023926
31360,0.10718965530395508
31333,0.09479546546936035
31248,0.08329319953918457
31422,0.11214733123779297
31339,0.08903717994689941
31457,0.0917360782623291
31354,0.09131526947021484
31102,0.10161805152893066
38898,0.0789327621459961
32922,0.06887578964233398
37585,0.09749245643615723
37695,0.09517431259155273
38173,0.07724571228027344
38649,0.08276724815368652
37763,0.11710476875305176
37290,0.11298394203186035
37434,0.09195160865783691
37337,0.09594249725341797
38051,0.09920620918273926
37442,0.11090493202209473
37666,0.09345865249633789
37970,0.09153485298156738
38427,0.09541845321655273
38023,0.09084010124206543
37671,0.11060261726379395
37485,0.08784246444702148
38401,0.11732673645019531
39695,0.11451196670532227
38206,0.11504077911376953
38117,0.09609699249267578
37364,0.09157681465148926
37519,0.07403755187988281
37563,0.09644484519958496
37875,0.0914773941040039
36660,0.07984662055969238
36794,0.07960391044616699
36738,0.11312103271484375
36357,0.08926701545715332
38334,0.0928049087524414
40233,0.08333587646484375
39663,0.07896924018859863
39529,0.07715845108032227
39543,0.11848759651184082
39438,0.08009910583496094
39014,0.07126998901367188
39020,0.08611345291137695
39210,0.09100484848022461
38698,0.10338497161865234
38722,0.09254574775695801
38911,0.08264970779418945
39133,0.08473324775695801
39608,0.07870793342590332
39358,0.08139705657958984
38984,0.08052825927734375
36276,0.08236551284790039
39134,0.08596205711364746
39139,0.07560014724731445
39358,0.09264898300170898
39404,0.06997966766357422
38887,0.07968783378601074
38280,0.10716724395751953
39361,0.07877111434936523
39507,0.1139688491821289
39560,0.06490373611450195
39839,0.09592866897583008
39705,0.06802058219909668
39822,0.08079123497009277
39722,0.10864377021789551
39613,0.09706640243530273
39178,0.11934685707092285
39718,0.1081535816192627
39510,0.08077287673950195
39318,0.07108235359191895
39776,0.09897685050964355
39578,0.08929157257080078
39349,0.07956528663635254
39477,0.09084224700927734
38487,0.07668614387512207
37614,0.07227325439453125
39282,0.08177304267883301
38562,0.07203149795532227
38950,0.08131170272827148
39095,0.08429813385009766
39751,0.0805964469909668
39320,0.11515593528747559
38164,0.10999083518981934
39107,0.08826470375061035
39128,0.10641932487487793
39870,0.1100766658782959
39403,0.08000707626342773
39146,0.08451700210571289
39469,0.08838129043579102
39899,0.07253789901733398
38921,0.06561756134033203
39395,0.08237957954406738
39713,0.09324097633361816
39505,0.07807064056396484
38620,0.11132121086120605
38914,0.08332228660583496
38951,0.08258295059204102
38760,0.0842280387878418
39083,0.08143949508666992
39336,0.09478139877319336
39133,0.09444022178649902
39394,0.10914421081542969
39544,0.08605265617370605
39272,0.08324313163757324
39137,0.12168622016906738
38847,0.10150909423828125
38264,0.07670116424560547
34264,0.07597041130065918
39426,0.08107805252075195
39009,0.08939456939697266
39383,0.0830690860748291
38773,0.07914137840270996
38598,0.06217813491821289
39020,0.07869720458984375
39401,0.08031558990478516
38252,0.08971476554870605
38804,0.08327960968017578
39515,0.08233380317687988
39608,0.07907700538635254
39347,0.10657715797424316
39024,0.08585548400878906
39199,0.07939338684082031
38962,0.0833883285522461
38813,0.07048916816711426
39166,0.12021279335021973
38971,0.08076310157775879
39277,0.08016276359558105
39793,0.07277393341064453
39684,0.09394049644470215
39709,0.10936188697814941
39978,0.10648226737976074
39334,0.0831911563873291
39545,0.06331324577331543
39409,0.07771921157836914
39441,0.08854317665100098
39151,0.07930636405944824
39307,0.08421516418457031
39837,0.10581731796264648
39189,0.09750866889953613
38993,0.08683061599731445
38310,0.10817527770996094
38462,0.07726025581359863
38737,0.06603002548217773
39457,0.06923723220825195
39495,0.09494185447692871
38875,0.09871888160705566
38577,0.07883381843566895
38541,0.07956194877624512
38447,0.08112525939941406
39729,0.0809788703918457
38924,0.07087445259094238
