21859,0.07076048851013184
21773,0.08357119560241699
22032,0.0748140811920166
21572,0.06849408149719238
21528,0.07404613494873047
22195,0.08499908447265625
22276,0.07600259780883789
22337,0.08546614646911621
22155,0.07326483726501465
22191,0.07475543022155762
22141,0.07535886764526367
22092,0.07055044174194336
22151,0.07479095458984375
22136,0.07231903076171875
22102,0.07546067237854004
22153,0.07531332969665527
22003,0.0740048885345459
21970,0.07651376724243164
21955,0.07230472564697266
21834,0.08149838447570801
21705,0.07387590408325195
21826,0.07465314865112305
22049,0.07753181457519531
22038,0.07307934761047363
22040,0.07056856155395508
22095,0.07328939437866211
22205,0.07525825500488281
22216,0.07257723808288574
22352,0.08454680442810059
22088,0.07165408134460449
21970,0.07427763938903809
22207,0.07290434837341309
22000,0.07152366638183594
22057,0.07070040702819824
22070,0.07502460479736328
21868,0.07175660133361816
22036,0.07400989532470703
22060,0.08213686943054199
22111,0.0716249942779541
22148,0.07469940185546875
22145,0.07195091247558594
22161,0.08044743537902832
22148,0.07375931739807129
22144,0.07533144950866699
22107,0.0747380256652832
22106,0.07608556747436523
22110,0.07791686058044434
22026,0.08262467384338379
22051,0.07685136795043945
22073,0.07163715362548828
21998,0.07501554489135742
21857,0.07858824729919434
22124,0.07810640335083008
22207,0.07610511779785156
22112,0.0735170841217041
22064,0.075225830078125
22124,0.07315230369567871
22152,0.07226943969726562
22194,0.07769155502319336
22225,0.07059741020202637
22113,0.07354092597961426
22136,0.07345843315124512
22178,0.07550334930419922
22264,0.07224321365356445
22230,0.07347774505615234
22249,0.07367563247680664
22205,0.07231450080871582
22374,0.08312726020812988
22517,0.07183957099914551
22417,0.059011220932006836
22267,0.08292913436889648
21874,0.07133793830871582
22091,0.07111740112304688
22193,0.07904553413391113
22147,0.07170748710632324
22161,0.08329916000366211
22113,0.08137941360473633
22097,0.07074236869812012
22166,0.07421517372131348
22184,0.07343220710754395
22403,0.08219075202941895
21769,0.07119059562683105
21866,0.07196331024169922
22483,0.07410478591918945
22148,0.07110476493835449
22160,0.08349132537841797
22536,0.07110118865966797
22610,0.0752570629119873
22435,0.0826256275177002
22331,0.06989049911499023
22470,0.07384610176086426
22412,0.06222653388977051
22155,0.08238410949707031
22454,0.07169437408447266
22348,0.06542539596557617
22472,0.07055139541625977
22178,0.0718533992767334
21967,0.07667040824890137
22601,0.07275652885437012
22657,0.07817292213439941
22286,0.07670402526855469
22504,0.07499122619628906
22261,0.07197761535644531
22172,0.07295370101928711
22150,0.07438182830810547
22284,0.07389116287231445
22291,0.07296371459960938
22258,0.07606792449951172
22236,0.07958626747131348
22233,0.07036495208740234
22255,0.07314491271972656
22245,0.07613039016723633
22236,0.07467007637023926
22233,0.07288050651550293
22222,0.07597231864929199
22271,0.0701603889465332
22231,0.0781104564666748
22238,0.07212328910827637
22218,0.07660722732543945
22223,0.07817530632019043
22249,0.0744936466217041
22259,0.07155704498291016
22272,0.08505082130432129
23101,0.07232069969177246
22224,0.08086729049682617
22248,0.0735177993774414
22240,0.06095385551452637
22172,0.0725555419921875
22137,0.07659149169921875
21988,0.07538866996765137
22299,0.07146286964416504
22213,0.08364486694335938
22267,0.07147789001464844
22349,0.07138919830322266
22317,0.07152676582336426
22344,0.07353734970092773
22338,0.07745909690856934
22308,0.07763552665710449
22276,0.07381772994995117
22283,0.07405376434326172
22260,0.07580399513244629
22346,0.0812830924987793
22352,0.0746614933013916
22345,0.0722196102142334
22266,0.08284163475036621
22343,0.07222175598144531
22351,0.07539010047912598
22320,0.07370734214782715
22314,0.0825185775756836
22322,0.07352375984191895
22259,0.07332229614257812
22292,0.07296419143676758
22310,0.08254384994506836
22316,0.07396721839904785
22356,0.07277035713195801
22348,0.07425785064697266
22404,0.07359480857849121
22331,0.07311820983886719
22379,0.07395553588867188
22377,0.07293844223022461
22376,0.07220983505249023
22369,0.08185338973999023
22369,0.08185338973999023
22605,0.06902313232421875
22539,0.07182669639587402
22589,0.07335090637207031
22623,0.06975054740905762
22691,0.06861305236816406
22630,0.07071089744567871
22603,0.06838321685791016
22641,0.06983351707458496
22607,0.07159829139709473
22621,0.08005571365356445
22607,0.07407760620117188
22668,0.07045388221740723
22655,0.0841529369354248
22684,0.062152862548828125
22691,0.07783365249633789
22645,0.07054376602172852
22606,0.08008432388305664
22561,0.07154250144958496
22573,0.06793069839477539
22561,0.07584762573242188
22532,0.07456707954406738
22561,0.07016420364379883
22589,0.0764915943145752
22582,0.07727789878845215
22572,0.07326912879943848
22563,0.07434892654418945
22573,0.06537771224975586
22568,0.08243155479431152
22519,0.08125734329223633
22475,0.0739281177520752
22547,0.07019972801208496
22882,0.07467961311340332
22805,0.0705718994140625
22687,0.07182884216308594
22371,0.07469677925109863
22074,0.0842134952545166
23002,0.06928110122680664
22850,0.08275961875915527
22718,0.0690622329711914
22778,0.06068158149719238
22640,0.09172701835632324
22628,0.0645899772644043
22528,0.0698082447052002
22521,0.07168984413146973
22604,0.08354043960571289
22537,0.06835103034973145
22509,0.0812530517578125
22554,0.07294487953186035
22621,0.08194398880004883
22662,0.07380270957946777
22575,0.07170748710632324
22579,0.06480169296264648
22643,0.07543563842773438
22639,0.07086515426635742
22626,0.06994915008544922
22633,0.07138395309448242
22634,0.08114814758300781
22581,0.07499289512634277
22547,0.07303452491760254
22538,0.07226324081420898
22627,0.07427787780761719
22085,0.07129120826721191
21758,0.07627558708190918
22748,0.06482601165771484
22599,0.07713174819946289
22588,0.07461857795715332
22627,0.07013106346130371
22679,0.07754063606262207
22608,0.06862068176269531
22673,0.07413506507873535
22708,0.07510566711425781
22703,0.082427978515625
22734,0.06908941268920898
22683,0.06663346290588379
22640,0.0706937313079834
22676,0.07747149467468262
22646,0.07746243476867676
22651,0.07012796401977539
22691,0.07625818252563477
22659,0.07772016525268555
22597,0.08548712730407715
22638,0.07064342498779297
22617,0.07032442092895508
22601,0.08496451377868652
22494,0.07236385345458984
22512,0.08362913131713867
22811,0.06630134582519531
22815,0.0724334716796875
22684,0.07724738121032715
22597,0.06925225257873535
22564,0.06652593612670898
22673,0.08471441268920898
22522,0.06567621231079102
22737,0.07366585731506348
22611,0.07246637344360352
22588,0.07023978233337402
22773,0.0708928108215332
22803,0.08876371383666992
22738,0.07551360130310059
22776,0.0703732967376709
22828,0.07264423370361328
22852,0.07280468940734863
22835,0.07028818130493164
22777,0.07110118865966797
22676,0.08053898811340332
22557,0.06653022766113281
22767,0.06116914749145508
22869,0.06872224807739258
22858,0.07413244247436523
22789,0.07007861137390137
22820,0.06707406044006348
22747,0.0621333122253418
22821,0.07502198219299316
22842,0.07816743850708008
22823,0.07316136360168457
22791,0.08030223846435547
22773,0.07190275192260742
22669,0.09094095230102539
22589,0.07364487648010254
22354,0.07375502586364746
22449,0.06878376007080078
22538,0.07685232162475586
22534,0.07170343399047852
22505,0.06821012496948242
22592,0.06977081298828125
22504,0.07448005676269531
22405,0.07903861999511719
22262,0.07011175155639648
22296,0.06923294067382812
22290,0.08135223388671875
22290,0.08135223388671875
24548,0.0839235782623291
24355,0.0809636116027832
24298,0.07078027725219727
24391,0.0942528247833252
24195,0.08026671409606934
23735,0.07463407516479492
23718,0.08587384223937988
23499,0.09149885177612305
23797,0.08442330360412598
23503,0.08432841300964355
23268,0.09236359596252441
23283,0.08231329917907715
23461,0.07440567016601562
23348,0.0787043571472168
23758,0.0763552188873291
24182,0.07213091850280762
24292,0.08295011520385742
24369,0.0724949836730957
24318,0.07217836380004883
23884,0.07498478889465332
24397,0.08269572257995605
24312,0.07268428802490234
24349,0.07187485694885254
24260,0.08114767074584961
24362,0.08327102661132812
24221,0.09067463874816895
24190,0.07346773147583008
20688,0.07343578338623047
20709,0.08260893821716309
20683,0.07070469856262207
20698,0.08248448371887207
20763,0.08312606811523438
20747,0.07434439659118652
20744,0.08485555648803711
20727,0.08802986145019531
20773,0.08207345008850098
20761,0.07321310043334961
20694,0.08210301399230957
20793,0.07290887832641602
20793,0.07210922241210938
20723,0.0786125659942627
20761,0.08182930946350098
20748,0.07137560844421387
20815,0.07425570487976074
20758,0.08517217636108398
20863,0.07498860359191895
20940,0.07176637649536133
21041,0.07401323318481445
20832,0.07407546043395996
20859,0.07478499412536621
20849,0.0834662914276123
20833,0.07164883613586426
20623,0.07100176811218262
20668,0.07129526138305664
20829,0.08498430252075195
20729,0.07109570503234863
20828,0.07747125625610352
20790,0.08628368377685547
20842,0.06766915321350098
20783,0.07368969917297363
20663,0.09200525283813477
20446,0.07126617431640625
20285,0.07515454292297363
20703,0.0736856460571289
20725,0.07250165939331055
20782,0.07666587829589844
20762,0.071197509765625
20858,0.0724174976348877
20855,0.07312369346618652
21014,0.07080316543579102
21093,0.07779335975646973
21234,0.07512283325195312
20617,0.07768368721008301
22328,0.0787971019744873
22648,0.08417963981628418
23198,0.07023143768310547
23126,0.0698702335357666
23438,0.0823206901550293
23149,0.08626127243041992
22953,0.07387495040893555
23188,0.07442140579223633
23251,0.07316255569458008
23251,0.08280301094055176
23084,0.0858156681060791
23178,0.07760143280029297
23048,0.08716416358947754
23015,0.07304620742797852
23019,0.0742650032043457
22996,0.07364773750305176
23021,0.0750875473022461
23038,0.07838153839111328
23113,0.07177376747131348
23140,0.08173656463623047
23257,0.07300543785095215
23178,0.07786178588867188
23193,0.07390475273132324
23142,0.07448649406433105
23076,0.08329653739929199
23111,0.061510562896728516
23095,0.07248139381408691
23090,0.07201671600341797
22995,0.0756995677947998
22768,0.0647437572479248
22843,0.07352995872497559
22896,0.07294750213623047
22851,0.07255029678344727
22851,0.07255029678344727
23291,0.07197427749633789
23440,0.08294367790222168
22997,0.08332586288452148
22481,0.07408952713012695
22558,0.07108163833618164
23152,0.0723874568939209
22752,0.0715951919555664
22564,0.08449292182922363
23186,0.07168078422546387
23202,0.07500743865966797
23261,0.0859830379486084
23305,0.0727074146270752
23117,0.07183027267456055
23086,0.056850433349609375
23072,0.07075190544128418
23089,0.08054018020629883
23024,0.08158040046691895
23024,0.0867009162902832
23027,0.08344364166259766
23027,0.08344364166259766
22707,0.07103800773620605
22893,0.08128905296325684
22861,0.08052945137023926
22430,0.07082223892211914
21929,0.07024502754211426
21382,0.07879304885864258
21768,0.07663321495056152
21934,0.06824159622192383
22026,0.0705406665802002
22239,0.07985973358154297
22737,0.06928706169128418
22803,0.07073330879211426
22947,0.08933544158935547
22960,0.07947015762329102
23072,0.07034182548522949
23008,0.07893848419189453
23270,0.0700526237487793
22681,0.07076740264892578
22711,0.07057571411132812
22708,0.07857465744018555
22702,0.07078027725219727
22702,0.08054780960083008
22704,0.08014798164367676
22703,0.07155728340148926
22697,0.07324719429016113
22717,0.07367253303527832
22730,0.07155370712280273
22742,0.08080077171325684
22764,0.07233667373657227
22792,0.08923888206481934
22883,0.06966519355773926
22874,0.07837224006652832
22874,0.07837224006652832
21444,0.06514549255371094
21820,0.08039569854736328
22159,0.08074116706848145
21967,0.07862710952758789
21967,0.07862710952758789
17628,0.06792068481445312
18004,0.07925820350646973
17607,0.0796961784362793
17695,0.06018519401550293
17628,0.06764006614685059
17739,0.06972527503967285
17623,0.06638836860656738
17660,0.0754098892211914
17990,0.06801342964172363
17841,0.0692439079284668
17616,0.06844592094421387
17690,0.07846760749816895
17745,0.07042694091796875
17556,0.07252120971679688
17663,0.06836056709289551
17570,0.06942605972290039
17708,0.07088041305541992
17660,0.08417224884033203
17711,0.07967114448547363
17771,0.0701134204864502
17751,0.07238149642944336
23099,0.0707707405090332
23149,0.07320618629455566
23085,0.07105898857116699
23140,0.0825035572052002
23307,0.0712442398071289
22987,0.07117509841918945
22909,0.0812985897064209
22822,0.07123374938964844
22993,0.0705726146697998
22769,0.0704803466796875
22525,0.08189511299133301
22747,0.0695950984954834
23015,0.0706021785736084
22766,0.06311535835266113
22738,0.07910537719726562
22675,0.07091736793518066
22641,0.07039546966552734
22826,0.07152724266052246
22781,0.0703134536743164
22962,0.0707237720489502
23291,0.07902932167053223
23229,0.07224631309509277
23127,0.07958769798278809
23069,0.07086634635925293
23085,0.06967926025390625
23114,0.07088851928710938
23073,0.08019280433654785
23033,0.07094931602478027
23020,0.07063508033752441
23072,0.07081317901611328
23037,0.08395576477050781
23023,0.08002829551696777
23089,0.07471609115600586
23110,0.06869006156921387
23128,0.07104730606079102
23250,0.0713808536529541
23155,0.0709388256072998
22685,0.08018779754638672
23267,0.07253146171569824
23192,0.07070589065551758
22368,0.07276654243469238
22527,0.07217121124267578
23080,0.0780634880065918
22913,0.07019567489624023
22760,0.07176017761230469
23292,0.07934069633483887
22827,0.07848811149597168
22342,0.07045388221740723
23078,0.06975126266479492
23157,0.0796048641204834
22605,0.07090258598327637
23014,0.07087397575378418
22979,0.08136677742004395
22631,0.06930065155029297
23073,0.07982826232910156
23092,0.07324671745300293
23006,0.07137560844421387
22873,0.08017587661743164
22559,0.08045625686645508
22797,0.07965993881225586
23281,0.07292437553405762
23045,0.0690617561340332
22401,0.06337428092956543
22911,0.07072067260742188
23194,0.0703437328338623
23134,0.07118344306945801
23038,0.06867766380310059
23083,0.07057499885559082
23118,0.06902027130126953
23034,0.08008646965026855
23092,0.07427644729614258
23098,0.06780862808227539
23068,0.08022236824035645
22981,0.07058429718017578
22762,0.07939720153808594
22729,0.07160091400146484
23469,0.07325005531311035
23218,0.07048654556274414
23125,0.06976318359375
23093,0.06397151947021484
23075,0.07111644744873047
23096,0.08419322967529297
23128,0.07070136070251465
23183,0.07928109169006348
23204,0.07039284706115723
23208,0.07126474380493164
22651,0.07353782653808594
22624,0.07090330123901367
22911,0.07072758674621582
23123,0.0786125659942627
23106,0.07012701034545898
23036,0.07052803039550781
23061,0.07046198844909668
23118,0.07100105285644531
23121,0.07050538063049316
23104,0.07066488265991211
23137,0.07124495506286621
23019,0.0780797004699707
23058,0.0792078971862793
23163,0.07105278968811035
23062,0.07745790481567383
22846,0.07869291305541992
22565,0.07854628562927246
22752,0.07071733474731445
22349,0.07078289985656738
22452,0.0696718692779541
23466,0.0710914134979248
23035,0.07903456687927246
23070,0.07099509239196777
23084,0.0805513858795166
23090,0.06934380531311035
23135,0.07053661346435547
23120,0.07225656509399414
23035,0.08020210266113281
23040,0.07068109512329102
23032,0.07068181037902832
23003,0.08509707450866699
22942,0.07133078575134277
22517,0.0811007022857666
23146,0.07367372512817383
