29338,0.08808493614196777
28104,0.11193680763244629
29002,0.0872035026550293
28978,0.12171435356140137
29223,0.09652900695800781
28989,0.11465978622436523
29337,0.09291243553161621
29353,0.09606003761291504
28960,0.060315608978271484
28828,0.10963129997253418
29032,0.11094474792480469
28784,0.09513282775878906
28815,0.11907124519348145
28813,0.08866596221923828
28973,0.09626293182373047
29272,0.10346198081970215
29076,0.1173391342163086
29042,0.11365079879760742
29161,0.11443519592285156
28767,0.09423041343688965
28480,0.12519502639770508
29011,0.11354255676269531
29339,0.1214451789855957
29165,0.08349251747131348
29275,0.10499882698059082
29189,0.11646103858947754
30256,0.09543156623840332
30272,0.09686541557312012
30847,0.11662888526916504
26978,0.12399172782897949
29402,0.09485626220703125
30656,0.07446551322937012
29260,0.09312248229980469
29854,0.09609341621398926
29962,0.0954747200012207
29662,0.09653687477111816
29667,0.09638571739196777
29837,0.09608793258666992
30050,0.06547808647155762
30064,0.09705305099487305
30032,0.09608793258666992
30155,0.10574984550476074
30130,0.09768390655517578
30088,0.09892487525939941
30117,0.09059643745422363
30139,0.09808754920959473
30061,0.09594154357910156
30165,0.08559656143188477
29869,0.09902572631835938
30101,0.09345340728759766
30158,0.09613800048828125
29948,0.10786938667297363
30035,0.10105490684509277
30106,0.09399223327636719
29972,0.09611845016479492
30278,0.10053491592407227
30120,0.09283757209777832
30114,0.09857535362243652
30135,0.0953221321105957
30349,0.07323241233825684
30256,0.11613130569458008
30282,0.09504270553588867
30358,0.09634733200073242
30353,0.0931711196899414
30419,0.09570193290710449
30468,0.09694385528564453
30356,0.09585237503051758
30729,0.11673474311828613
30928,0.09320855140686035
30938,0.10184502601623535
31307,0.09400343894958496
29330,0.09637141227722168
30094,0.07571291923522949
30406,0.09562563896179199
30390,0.09551715850830078
30530,0.10194563865661621
30488,0.09522223472595215
30494,0.10261344909667969
30471,0.07668828964233398
30714,0.09034419059753418
31062,0.09940242767333984
30164,0.09523940086364746
30204,0.09583663940429688
31242,0.09749913215637207
26958,0.09716439247131348
29895,0.09567952156066895
31068,0.09608912467956543
31192,0.09831094741821289
27566,0.09394598007202148
30248,0.06156611442565918
31047,0.07514786720275879
31092,0.09597563743591309
30099,0.09802603721618652
30640,0.09666728973388672
30849,0.09412503242492676
27364,0.08048868179321289
27043,0.10017228126525879
29551,0.0991663932800293
31195,0.09686064720153809
28036,0.09426045417785645
29945,0.09658598899841309
30553,0.09574365615844727
30273,0.09784293174743652
30260,0.09828948974609375
30211,0.0959022045135498
30244,0.09607553482055664
30227,0.09141373634338379
30288,0.10201287269592285
30246,0.09741663932800293
30290,0.09845161437988281
30275,0.11895346641540527
30203,0.09919023513793945
30265,0.09579348564147949
30218,0.06915163993835449
30247,0.0949859619140625
30437,0.10083389282226562
30504,0.09711551666259766
30404,0.09455704689025879
30447,0.09907746315002441
30611,0.11674022674560547
30592,0.09685230255126953
30498,0.09384918212890625
30670,0.09609341621398926
27713,0.09604334831237793
30332,0.09563946723937988
30464,0.09271812438964844
30576,0.09526252746582031
30399,0.10015273094177246
30492,0.09772253036499023
30265,0.09552931785583496
30262,0.09474587440490723
29960,0.09708356857299805
30315,0.09853506088256836
30386,0.10423398017883301
30497,0.09410762786865234
30645,0.09181451797485352
30588,0.0955345630645752
30319,0.0950775146484375
30392,0.10129714012145996
30378,0.09714770317077637
30300,0.06402277946472168
30451,0.09596633911132812
30399,0.07315325736999512
30351,0.11834239959716797
30312,0.06307029724121094
30424,0.0943446159362793
30408,0.08250212669372559
30342,0.09977149963378906
30447,0.09165167808532715
30475,0.10665488243103027
30488,0.08685469627380371
30489,0.10347175598144531
30264,0.12093257904052734
30406,0.10208630561828613
30485,0.09796023368835449
30507,0.09627151489257812
30397,0.07290458679199219
30402,0.0903162956237793
30579,0.09256625175476074
30489,0.10345101356506348
30541,0.09696793556213379
30366,0.0966789722442627
30469,0.09420657157897949
27600,0.12363290786743164
27596,0.12327718734741211
27650,0.09279704093933105
27698,0.10786938667297363
27708,0.12171626091003418
27737,0.12350678443908691
27580,0.13028502464294434
27518,0.12013006210327148
27579,0.11691856384277344
27628,0.10525226593017578
27683,0.10246968269348145
27809,0.10408949851989746
27752,0.08384943008422852
27658,0.10326385498046875
27629,0.10189437866210938
27769,0.0998084545135498
27501,0.10848546028137207
27543,0.1085515022277832
27556,0.1224207878112793
27399,0.10030555725097656
27518,0.07326221466064453
27542,0.10423398017883301
27447,0.10658001899719238
27529,0.1000053882598877
27541,0.11220717430114746
27487,0.12470746040344238
27596,0.11223292350769043
27570,0.10614418983459473
31416,0.10860896110534668
31462,0.12470221519470215
31398,0.1065516471862793
27688,0.07538294792175293
27660,0.10427331924438477
27659,0.13282990455627441
27624,0.12132000923156738
30644,0.10076522827148438
27938,0.12062358856201172
27623,0.12905406951904297
28013,0.10139012336730957
28016,0.10069775581359863
27632,0.10338926315307617
27462,0.1111600399017334
27624,0.10181903839111328
27621,0.09834933280944824
27596,0.10312438011169434
27430,0.12010622024536133
31368,0.13151144981384277
31360,0.12812232971191406
27630,0.07945990562438965
27495,0.11253786087036133
31279,0.12630915641784668
27480,0.10393190383911133
27612,0.10901618003845215
27690,0.10322761535644531
27593,0.11298060417175293
27538,0.10295414924621582
27564,0.09921860694885254
27609,0.11120820045471191
27655,0.09705805778503418
27718,0.09726548194885254
27706,0.10388016700744629
30422,0.09947419166564941
29865,0.08253622055053711
27602,0.09681582450866699
27482,0.1332542896270752
27683,0.10447931289672852
27506,0.11040544509887695
27846,0.10573029518127441
27698,0.0968618392944336
27921,0.10610342025756836
27852,0.12702393531799316
27877,0.1184849739074707
28056,0.07268071174621582
27899,0.1127617359161377
27892,0.10591912269592285
27788,0.12460684776306152
27819,0.09304070472717285
27797,0.129655122756958
27878,0.08957648277282715
27813,0.10542583465576172
27747,0.09207463264465332
27710,0.12266349792480469
27905,0.10184121131896973
27747,0.10875630378723145
27756,0.09809207916259766
27876,0.10576987266540527
28115,0.0887901782989502
27898,0.12278270721435547
27655,0.1211700439453125
27351,0.1128396987915039
27668,0.12475728988647461
27839,0.10957646369934082
27700,0.12351632118225098
27723,0.09905028343200684
28403,0.11086392402648926
27685,0.10701537132263184
27705,0.11335372924804688
27844,0.11054515838623047
27956,0.1044013500213623
27901,0.11894822120666504
28045,0.10368013381958008
28175,0.11130523681640625
28125,0.10679388046264648
27963,0.10740780830383301
27970,0.10002875328063965
27852,0.12323713302612305
27986,0.12770485877990723
28008,0.10930323600769043
28208,0.1138010025024414
28123,0.10606145858764648
28242,0.07932448387145996
27843,0.12253022193908691
27886,0.10569214820861816
27948,0.12911462783813477
28032,0.1044464111328125
27811,0.12465882301330566
27799,0.11503434181213379
27746,0.10171318054199219
27663,0.10622978210449219
27556,0.12131142616271973
27692,0.10086774826049805
27960,0.10926246643066406
27738,0.10189437866210938
27484,0.10901331901550293
27604,0.10303044319152832
27435,0.1014091968536377
31261,0.10844588279724121
31267,0.1097104549407959
31222,0.11387801170349121
31170,0.11736488342285156
31249,0.09064579010009766
27664,0.11333966255187988
27648,0.11508893966674805
27778,0.0926218032836914
27497,0.08748006820678711
27714,0.09970808029174805
26661,0.07446718215942383
26933,0.09488916397094727
26904,0.09495663642883301
26603,0.09737420082092285
26256,0.09411191940307617
26223,0.07978606224060059
26328,0.11208128929138184
26377,0.10221099853515625
26593,0.09839487075805664
26653,0.11621737480163574
27638,0.09356236457824707
27509,0.12426018714904785
27458,0.09212851524353027
27961,0.09752964973449707
26740,0.10840988159179688
27735,0.11143994331359863
27715,0.09778761863708496
27675,0.10531282424926758
27780,0.11483335494995117
27797,0.08740353584289551
27710,0.09621310234069824
27684,0.0973958969116211
29996,0.09242510795593262
30114,0.12367892265319824
30085,0.1200723648071289
30230,0.11898922920227051
30244,0.09679126739501953
30225,0.09663581848144531
30215,0.11627554893493652
30141,0.09760737419128418
30296,0.09126925468444824
30416,0.11607170104980469
30250,0.0946044921875
30333,0.1203603744506836
30290,0.0942234992980957
30143,0.08706498146057129
30360,0.09324502944946289
30174,0.10880255699157715
30254,0.09439969062805176
30246,0.10002422332763672
30402,0.07295060157775879
30560,0.09701395034790039
30368,0.11787915229797363
30302,0.1123967170715332
30354,0.06669473648071289
30236,0.0953376293182373
30284,0.0953531265258789
29980,0.0957329273223877
29939,0.09527778625488281
30075,0.11666131019592285
30071,0.12142229080200195
30149,0.1153402328491211
30127,0.07804226875305176
30110,0.09068107604980469
30287,0.11662888526916504
30377,0.09155011177062988
30219,0.07740592956542969
29991,0.09497618675231934
29428,0.08717799186706543
29974,0.09134531021118164
30141,0.09618854522705078
30379,0.11469364166259766
30406,0.11416149139404297
30755,0.09124326705932617
31373,0.09389472007751465
31441,0.11741232872009277
28000,0.11782717704772949
27835,0.06811285018920898
31958,0.10366392135620117
31779,0.09753727912902832
33064,0.10986518859863281
31889,0.10623693466186523
32468,0.10992765426635742
33150,0.11318588256835938
32740,0.11141252517700195
32811,0.09076881408691406
32964,0.09487414360046387
32869,0.10153460502624512
32789,0.10676813125610352
32822,0.09679985046386719
32912,0.1045377254486084
32872,0.09006094932556152
32959,0.08634185791015625
32737,0.08914422988891602
32906,0.10723757743835449
32665,0.09920978546142578
32866,0.10748481750488281
32867,0.1082763671875
32675,0.08423948287963867
32725,0.08997654914855957
32650,0.10971331596374512
32684,0.11268329620361328
32501,0.08021187782287598
32407,0.10401630401611328
32976,0.10711288452148438
32871,0.11270618438720703
33083,0.11159968376159668
32812,0.11222600936889648
32496,0.10955119132995605
32688,0.11532115936279297
32389,0.07729983329772949
32870,0.1056210994720459
28061,0.11499214172363281
28263,0.1183619499206543
27361,0.09453582763671875
27249,0.11889195442199707
27027,0.09588408470153809
27839,0.09612679481506348
27529,0.09347939491271973
27770,0.0963907241821289
27959,0.09745955467224121
27870,0.09812164306640625
27720,0.09185099601745605
27761,0.09081101417541504
28018,0.09031867980957031
28005,0.09144377708435059
28216,0.09242534637451172
28155,0.09187555313110352
28172,0.10071492195129395
28111,0.1073751449584961
28192,0.08861231803894043
28372,0.09079933166503906
28000,0.0907142162322998
28091,0.09020733833312988
27906,0.0679929256439209
27469,0.09201407432556152
24133,0.10460472106933594
26237,0.0864570140838623
24131,0.08223295211791992
27115,0.08884644508361816
24547,0.0900106430053711
24906,0.0837087631225586
25362,0.08895993232727051
28488,0.0853726863861084
27861,0.10828757286071777
27580,0.11060023307800293
27316,0.0833125114440918
27074,0.10661125183105469
27406,0.09096741676330566
25206,0.09087347984313965
28080,0.11243653297424316
28137,0.11006283760070801
28119,0.10802340507507324
28188,0.112762451171875
28137,0.10593891143798828
28073,0.11063432693481445
28065,0.0870048999786377
28146,0.11107969284057617
28056,0.08503437042236328
28112,0.0911102294921875
28118,0.0992441177368164
28082,0.09022760391235352
28078,0.10831356048583984
27988,0.11496329307556152
28047,0.08685111999511719
27297,0.09067678451538086
28870,0.10617566108703613
28190,0.08421802520751953
28303,0.09157657623291016
28392,0.08962488174438477
27327,0.10779118537902832
27391,0.06976747512817383
26762,0.10752391815185547
26798,0.08965301513671875
26728,0.1162099838256836
26594,0.09144306182861328
26618,0.09298443794250488
26644,0.08975505828857422
27064,0.08367419242858887
27013,0.11218762397766113
26616,0.06176638603210449
26521,0.08755898475646973
26688,0.08879303932189941
26772,0.08990764617919922
26623,0.08762311935424805
26495,0.09830641746520996
26514,0.0899655818939209
26759,0.08985638618469238
26794,0.10930466651916504
26773,0.0707845687866211
26731,0.0834355354309082
28613,0.09203505516052246
28546,0.1059103012084961
28429,0.09192371368408203
28621,0.09245491027832031
28674,0.09068560600280762
26915,0.09034109115600586
27001,0.08616304397583008
26999,0.08794665336608887
27250,0.10687518119812012
26772,0.10727381706237793
26259,0.08552265167236328
26509,0.08894896507263184
27023,0.11008596420288086
30432,0.10539674758911133
26610,0.08687019348144531
26315,0.10979008674621582
26532,0.08836793899536133
26992,0.09304618835449219
26718,0.08804774284362793
26722,0.08868932723999023
29211,0.09086108207702637
27474,0.11619901657104492
27339,0.10753989219665527
27195,0.0896751880645752
27283,0.08878970146179199
27037,0.11022424697875977
27015,0.08553528785705566
27196,0.09024477005004883
27291,0.08849978446960449
27221,0.09076642990112305
27587,0.1103522777557373
27454,0.08884119987487793
27299,0.09454941749572754
27619,0.09435319900512695
27692,0.09118032455444336
27652,0.10759639739990234
27263,0.09205961227416992
26941,0.09129619598388672
27375,0.08177900314331055
27638,0.10640478134155273
26486,0.1069798469543457
26291,0.09286022186279297
27050,0.10473966598510742
26885,0.08940505981445312
26659,0.08444762229919434
27397,0.08947324752807617
26697,0.09097099304199219
26486,0.08544230461120605
26562,0.08641767501831055
26936,0.08386087417602539
27000,0.09129786491394043
27010,0.09400629997253418
26942,0.09055685997009277
26839,0.08838462829589844
25757,0.0908958911895752
27254,0.08867478370666504
27395,0.10854887962341309
27015,0.10928726196289062
26680,0.10645651817321777
26738,0.09054231643676758
27513,0.08449769020080566
27531,0.09225869178771973
26796,0.08666729927062988
28295,0.08919262886047363
27530,0.09013032913208008
27233,0.09026312828063965
27420,0.08910560607910156
27303,0.08797049522399902
27207,0.08189010620117188
27434,0.0920555591583252
27195,0.08719944953918457
27262,0.11065244674682617
27178,0.09153962135314941
26923,0.10772085189819336
30457,0.10838460922241211
26770,0.1127634048461914
26937,0.10537934303283691
27100,0.09043455123901367
27269,0.08627939224243164
26947,0.08441281318664551
27092,0.08975791931152344
27103,0.08526039123535156
27122,0.06495261192321777
27199,0.08842849731445312
27073,0.08761215209960938
27106,0.07362818717956543
26536,0.0921773910522461
26650,0.0844886302947998
26949,0.09120321273803711
27076,0.08387947082519531
27164,0.10879707336425781
27274,0.09029722213745117
27068,0.10937690734863281
27237,0.06474852561950684
27148,0.0867013931274414
27104,0.08980870246887207
27251,0.09067249298095703
27147,0.08995270729064941
27257,0.10507392883300781
27263,0.0910191535949707
27293,0.10905838012695312
26934,0.1089789867401123
26723,0.08831048011779785
26322,0.08391046524047852
29946,0.09459209442138672
26163,0.08826947212219238
28173,0.08763694763183594
27140,0.1065068244934082
26967,0.07758569717407227
27314,0.08539438247680664
27097,0.10880804061889648
27075,0.1145024299621582
27219,0.09864497184753418
27144,0.08925604820251465
27003,0.09102702140808105
27020,0.08324003219604492
26721,0.08769345283508301
26848,0.08905291557312012
26846,0.08467555046081543
25876,0.08769083023071289
