25869,0.07095479965209961
28362,0.12114310264587402
25630,0.11986994743347168
28119,0.0947418212890625
25213,0.11505579948425293
25902,0.0953059196472168
25749,0.11627793312072754
25762,0.11421918869018555
25693,0.0882868766784668
25648,0.11263227462768555
25680,0.11386251449584961
25723,0.09632253646850586
29068,0.09309148788452148
25735,0.11386632919311523
29061,0.08822512626647949
25739,0.09363579750061035
25783,0.11219191551208496
25947,0.10133838653564453
25780,0.1216576099395752
25591,0.11306190490722656
28569,0.09485793113708496
28721,0.09832620620727539
25531,0.11693453788757324
25754,0.1154026985168457
25662,0.09489798545837402
25674,0.11473250389099121
25980,0.09320497512817383
25995,0.09309005737304688
26365,0.09619402885437012
25885,0.10443925857543945
25890,0.09776759147644043
26025,0.09145259857177734
25766,0.10465312004089355
25831,0.09618091583251953
25814,0.10103154182434082
25700,0.09510064125061035
25737,0.1004784107208252
25882,0.09049296379089355
25880,0.12273263931274414
25898,0.0943446159362793
25987,0.09215831756591797
25884,0.09080743789672852
25918,0.09652137756347656
25936,0.09368658065795898
25901,0.09163260459899902
25861,0.09920501708984375
25944,0.09867238998413086
25925,0.11658096313476562
25913,0.06903290748596191
25844,0.09342718124389648
25700,0.09069204330444336
25634,0.09470009803771973
26071,0.10691618919372559
26056,0.08862876892089844
25841,0.10017728805541992
25994,0.09201574325561523
26084,0.09998893737792969
26031,0.07016205787658691
26046,0.09386467933654785
25988,0.08426380157470703
26014,0.0946495532989502
26015,0.08957362174987793
26129,0.11455249786376953
26136,0.09335708618164062
26120,0.09501099586486816
26125,0.09524989128112793
26194,0.09144997596740723
26430,0.09686827659606934
26848,0.09264254570007324
26726,0.07934021949768066
26239,0.09327888488769531
25431,0.09308719635009766
25930,0.09004950523376465
26166,0.09549212455749512
26135,0.10149359703063965
26157,0.09331250190734863
26218,0.09445309638977051
26120,0.09498286247253418
26123,0.08855938911437988
26318,0.09545493125915527
26507,0.09276366233825684
25408,0.0889885425567627
25227,0.08739209175109863
26929,0.09278631210327148
26022,0.09979128837585449
25637,0.09087157249450684
26612,0.07528305053710938
26991,0.09468746185302734
26386,0.10283017158508301
26243,0.10201287269592285
26603,0.08168601989746094
26337,0.09998059272766113
25803,0.10445165634155273
26396,0.09437966346740723
26410,0.0699608325958252
26639,0.10378527641296387
26075,0.09514904022216797
25754,0.0931541919708252
26891,0.09830594062805176
26932,0.09021830558776855
25831,0.10354161262512207
26376,0.0947122573852539
26161,0.09483528137207031
26135,0.08454608917236328
26094,0.0956423282623291
26130,0.09467577934265137
26086,0.09290695190429688
26075,0.09656143188476562
26143,0.09843301773071289
26157,0.06637406349182129
26068,0.09348177909851074
26068,0.10468006134033203
26160,0.1008152961730957
26145,0.09110212326049805
26124,0.09582662582397461
26171,0.09622359275817871
26178,0.09428811073303223
26234,0.09563469886779785
26168,0.10183978080749512
26240,0.09781026840209961
26255,0.11698746681213379
26211,0.09736251831054688
26416,0.11241436004638672
27125,0.09609866142272949
26001,0.09372901916503906
26292,0.10612344741821289
26259,0.09523367881774902
26186,0.09094977378845215
26126,0.09542536735534668
25942,0.09566259384155273
26124,0.09315085411071777
26034,0.09662818908691406
26178,0.09418964385986328
26270,0.09871268272399902
26288,0.0955049991607666
26314,0.0660865306854248
26258,0.0755007266998291
26179,0.10586667060852051
26239,0.09543490409851074
26268,0.0924687385559082
26211,0.09612131118774414
26257,0.0928959846496582
26207,0.10033226013183594
26218,0.0982053279876709
26220,0.09469103813171387
26234,0.0968167781829834
26273,0.10173511505126953
26262,0.09406924247741699
26268,0.09722542762756348
26354,0.09365606307983398
26295,0.09048581123352051
26268,0.09552216529846191
26242,0.09578251838684082
26276,0.10030698776245117
26211,0.09414291381835938
26300,0.09905672073364258
26286,0.09544944763183594
26213,0.10127091407775879
26244,0.10717344284057617
26246,0.09511756896972656
26308,0.09485077857971191
26284,0.10808038711547852
26284,0.10808038711547852
26856,0.09255385398864746
26897,0.07931017875671387
26944,0.09894084930419922
26984,0.10574221611022949
27029,0.08527946472167969
26923,0.10140395164489746
26937,0.10080075263977051
26812,0.08907294273376465
26803,0.10955119132995605
26909,0.0785679817199707
26818,0.1005864143371582
26893,0.08651065826416016
26899,0.08718609809875488
26936,0.11306214332580566
26916,0.09963488578796387
26855,0.11052465438842773
26757,0.09657645225524902
26745,0.10319709777832031
26701,0.08092975616455078
26603,0.08156871795654297
26679,0.10404253005981445
26681,0.09283685684204102
26705,0.1182243824005127
26762,0.11024808883666992
26868,0.10964012145996094
26746,0.09304356575012207
26819,0.11045265197753906
26855,0.09526181221008301
26748,0.09932136535644531
26618,0.10354828834533691
26570,0.07613635063171387
26743,0.09724831581115723
26788,0.09808182716369629
26933,0.10938525199890137
26841,0.0808718204498291
26303,0.10196280479431152
26946,0.1055750846862793
26789,0.09947991371154785
27194,0.10062551498413086
27376,0.10948467254638672
26885,0.10122895240783691
26840,0.07788276672363281
26797,0.10832905769348145
26694,0.07895088195800781
26769,0.07396435737609863
26637,0.08696866035461426
26652,0.11588764190673828
26694,0.09415698051452637
26733,0.07901811599731445
26701,0.10005736351013184
26648,0.10494089126586914
26786,0.08272910118103027
26806,0.11443543434143066
26753,0.08846211433410645
26785,0.09511160850524902
26724,0.08773326873779297
26720,0.08485937118530273
26648,0.10939431190490723
26675,0.09331083297729492
26718,0.11419081687927246
26765,0.11375045776367188
26000,0.09623122215270996
25895,0.10338807106018066
26933,0.11245012283325195
26830,0.10097527503967285
26782,0.1168980598449707
26875,0.09246087074279785
26708,0.11165046691894531
26825,0.08879208564758301
27031,0.1115572452545166
26993,0.08771300315856934
26960,0.11409211158752441
26970,0.10542607307434082
27046,0.1073610782623291
27032,0.10670232772827148
26986,0.11777281761169434
27030,0.09861302375793457
26980,0.08986473083496094
27081,0.1186671257019043
26983,0.08554410934448242
26991,0.10500073432922363
27040,0.0826575756072998
26992,0.0789635181427002
26997,0.0835416316986084
26828,0.10416960716247559
26950,0.10215520858764648
27205,0.1086113452911377
27050,0.10521602630615234
27002,0.08560895919799805
26991,0.09983611106872559
26895,0.08800435066223145
26858,0.08258509635925293
26988,0.09139013290405273
27085,0.10723090171813965
27161,0.09802126884460449
27111,0.10866689682006836
27246,0.10471177101135254
27222,0.10230016708374023
27141,0.10239219665527344
27139,0.08026671409606934
27089,0.11102819442749023
27056,0.0815727710723877
27062,0.11737513542175293
27038,0.09179949760437012
26986,0.09685778617858887
26991,0.09644913673400879
26957,0.10689425468444824
26990,0.09400081634521484
27062,0.08616828918457031
26959,0.08298492431640625
26973,0.10432624816894531
26998,0.08611917495727539
27069,0.10592365264892578
27045,0.10974860191345215
26981,0.10422396659851074
26979,0.1047062873840332
26902,0.11448192596435547
26905,0.1137692928314209
26750,0.08798909187316895
26595,0.10773587226867676
26625,0.09563183784484863
26807,0.11279606819152832
26820,0.11318755149841309
26707,0.10076284408569336
26812,0.1057133674621582
26770,0.08554577827453613
26568,0.09545040130615234
26555,0.09416794776916504
26582,0.1136636734008789
26629,0.09390568733215332
26687,0.08281445503234863
30412,0.09469485282897949
30410,0.11318469047546387
30540,0.09619426727294922
27067,0.10062909126281738
27145,0.09847497940063477
26539,0.09496593475341797
27228,0.09317946434020996
26603,0.1243288516998291
26984,0.0843203067779541
26712,0.09436392784118652
26581,0.11876225471496582
26544,0.0952603816986084
26386,0.1149141788482666
26718,0.09495759010314941
26999,0.11774802207946777
27249,0.09425592422485352
26735,0.09585976600646973
30532,0.11819124221801758
27211,0.09582352638244629
30367,0.09164643287658691
30770,0.09391021728515625
27025,0.09673810005187988
30780,0.10921621322631836
30687,0.0926511287689209
26956,0.09242892265319824
26932,0.12144780158996582
30783,0.09383702278137207
27683,0.09885525703430176
27709,0.11818242073059082
27622,0.11870765686035156
27615,0.11982178688049316
27688,0.11673498153686523
27781,0.12236261367797852
27759,0.11369585990905762
27662,0.11243557929992676
27884,0.0830240249633789
27936,0.11231613159179688
27890,0.08673644065856934
27755,0.0971841812133789
27759,0.11651802062988281
27891,0.09155130386352539
28034,0.09370660781860352
27905,0.1171424388885498
27936,0.1115562915802002
28035,0.0997474193572998
27977,0.09280991554260254
28281,0.1106870174407959
28145,0.09800004959106445
28073,0.09256315231323242
27911,0.09752321243286133
27989,0.10115218162536621
27847,0.09491658210754395
27688,0.11390805244445801
27628,0.09467172622680664
27934,0.09093070030212402
27997,0.11250782012939453
27990,0.09554672241210938
27833,0.11247587203979492
27778,0.11109113693237305
27890,0.09521842002868652
27994,0.09370589256286621
27173,0.09992074966430664
26785,0.09619903564453125
27041,0.09343695640563965
27792,0.10703301429748535
28007,0.1129305362701416
27831,0.0933678150177002
28048,0.09765982627868652
28074,0.1141502857208252
28966,0.0956721305847168
29368,0.09406614303588867
29481,0.09477758407592773
28189,0.10063362121582031
26771,0.07737350463867188
27667,0.08725953102111816
28062,0.09717702865600586
28148,0.09536123275756836
28347,0.11545634269714355
27811,0.0994410514831543
27770,0.09302377700805664
27672,0.09437227249145508
27770,0.09324836730957031
27631,0.09505152702331543
27711,0.09177446365356445
27656,0.08907604217529297
27598,0.09209871292114258
27711,0.09178447723388672
27846,0.09372162818908691
27800,0.09157109260559082
27857,0.09271812438964844
27847,0.08989882469177246
27758,0.0942986011505127
27372,0.09510922431945801
27600,0.09352540969848633
27881,0.09547829627990723
27641,0.09676122665405273
27862,0.09208822250366211
27948,0.09747552871704102
27914,0.09778809547424316
27779,0.0964360237121582
27783,0.09481668472290039
27682,0.09585237503051758
27318,0.09578990936279297
27267,0.10016798973083496
27315,0.09184718132019043
28084,0.12167596817016602

24758,0.11754822731018066
25040,0.10108542442321777
24476,0.09229254722595215
24091,0.09791803359985352
23911,0.09117603302001953
24743,0.09066390991210938
24541,0.11049127578735352
26442,0.09211206436157227
24882,0.09160852432250977
24763,0.09159517288208008
24792,0.12091565132141113
24634,0.09318232536315918
29318,0.09366130828857422
29314,0.07071161270141602
29323,0.09219956398010254
29319,0.07378840446472168
29372,0.09145140647888184
29264,0.0863335132598877
29495,0.09128212928771973
29495,0.09128212928771973
26266,0.11120438575744629
26320,0.11437749862670898
26249,0.09052705764770508
26043,0.08409810066223145
24976,0.08856081962585449
24683,0.11169695854187012
25405,0.11082625389099121
25352,0.09084272384643555
25524,0.08854007720947266
25487,0.09212684631347656
26644,0.09449362754821777
26531,0.08756351470947266
25962,0.08974146842956543
25761,0.08473658561706543
25527,0.09219694137573242
25283,0.10846662521362305
25901,0.08774733543395996
26834,0.11191296577453613
26327,0.10434389114379883
26270,0.11122012138366699
26337,0.08333349227905273
26321,0.08949661254882812
26306,0.0873110294342041
26287,0.11050152778625488
26281,0.08350563049316406
26293,0.09159588813781738
26308,0.08610367774963379
26295,0.11446070671081543
26264,0.08746480941772461
26215,0.11136507987976074
26258,0.11102700233459473
26159,0.08963441848754883
26168,0.08600234985351562
27526,0.10665416717529297
27896,0.08835935592651367
28060,0.10518908500671387
28151,0.08437228202819824
28151,0.08437228202819824
28320,0.1046593189239502
29375,0.10730552673339844
28788,0.09221601486206055
28929,0.0919654369354248
28804,0.08798861503601074
28789,0.09417939186096191
28583,0.10750508308410645
28655,0.09185361862182617
28770,0.08828115463256836
29161,0.09326696395874023
28815,0.10964679718017578
28980,0.09561491012573242
28903,0.08533406257629395
28250,0.09073042869567871
28506,0.0921926498413086
28542,0.10900092124938965
29001,0.06969881057739258
28894,0.06817126274108887
29027,0.09144210815429688
28962,0.09567999839782715
28980,0.08674287796020508
27450,0.11839795112609863
27617,0.09228301048278809
27495,0.08464646339416504
27604,0.09569764137268066
27637,0.09250402450561523
26116,0.08786892890930176
26016,0.10829305648803711
26047,0.10689711570739746
26229,0.09005045890808105
25955,0.1087026596069336
25402,0.11046576499938965
25479,0.0851287841796875
26331,0.10188841819763184
25716,0.10791444778442383
25895,0.0876765251159668
25579,0.08909201622009277
25521,0.08938241004943848
25968,0.0859365463256836
25711,0.09146857261657715
25439,0.10846281051635742
25717,0.0954437255859375
26603,0.09042000770568848
26591,0.11129975318908691
26503,0.09092283248901367
26474,0.10494828224182129
26341,0.09163260459899902
26325,0.0922994613647461
26391,0.10851550102233887
26429,0.08423733711242676
26502,0.09031033515930176
26435,0.10738897323608398
26547,0.09112048149108887
26485,0.08311915397644043
26609,0.08818483352661133
26758,0.08865118026733398
26987,0.10657691955566406
26558,0.09142136573791504
26057,0.09021520614624023
26320,0.09236907958984375
26439,0.08377599716186523
25587,0.10327911376953125
28189,0.08782482147216797
26283,0.07468700408935547
26146,0.08674120903015137
25378,0.11258578300476074
26468,0.11018109321594238
26176,0.11084890365600586
25201,0.08614253997802734
25960,0.08152079582214355
26427,0.1044473648071289
25862,0.09127664566040039
26120,0.08935856819152832
26263,0.08310675621032715
25906,0.0696706771850586
25618,0.0853114128112793
26584,0.08989191055297852
26482,0.10659122467041016
26351,0.08899641036987305
25996,0.08934903144836426
26085,0.09260177612304688
26579,0.08777928352355957
26567,0.08384275436401367
25587,0.08074426651000977
25165,0.0857539176940918
26616,0.0730738639831543
26562,0.09182906150817871
26481,0.09076714515686035
26478,0.09050154685974121
26397,0.08711814880371094
26388,0.0898904800415039
26398,0.08891177177429199
26434,0.09015297889709473
26361,0.09047150611877441
26187,0.10374283790588379
25952,0.10800909996032715
26088,0.0906519889831543
26327,0.10587859153747559
26588,0.08689379692077637
26477,0.08984994888305664
26341,0.06689000129699707
26400,0.08361983299255371
26521,0.08661961555480957
26519,0.08686637878417969
26693,0.1026010513305664
26743,0.0853419303894043
26740,0.10948705673217773
25659,0.07118558883666992
25699,0.08957934379577637
26238,0.08768510818481445
26292,0.08918881416320801
26507,0.10576558113098145
26432,0.11026573181152344
26477,0.11082077026367188
26592,0.08911848068237305
26545,0.08260488510131836
26589,0.08318281173706055
26546,0.09161853790283203
26616,0.07834959030151367
26519,0.08603882789611816
26702,0.1031193733215332
26636,0.10786247253417969
26372,0.10117650032043457
25989,0.08312392234802246
25333,0.09732437133789062
25910,0.10725688934326172
24949,0.10263442993164062
26909,0.10741257667541504
26510,0.08663177490234375
26498,0.1111600399017334
26478,0.08997106552124023
26549,0.08962392807006836
26579,0.08941125869750977
26559,0.10878181457519531
26623,0.10939288139343262
26244,0.0851128101348877
26263,0.08986210823059082
26289,0.08014655113220215
26235,0.09178686141967773
25324,0.10606789588928223
25817,0.08897638320922852
