28066,0.08957171440124512
27654,0.11352276802062988
27501,0.10880923271179199
27689,0.09495878219604492
28296,0.1112971305847168
28602,0.10505890846252441
28535,0.09381556510925293
28313,0.1092824935913086
28384,0.09256958961486816
28172,0.09512186050415039
28306,0.1119682788848877
28152,0.09217476844787598
28362,0.08833742141723633
28222,0.10039472579956055
28206,0.11088681221008301
28342,0.10802078247070312
28138,0.11973381042480469
28179,0.09994745254516602
28566,0.09198403358459473
28174,0.08932375907897949
27567,0.07606673240661621
27655,0.09407639503479004
27675,0.09510684013366699
27980,0.09666275978088379
27817,0.09241652488708496
28138,0.07603573799133301
26011,0.09264397621154785
25966,0.08026599884033203
26309,0.09669876098632812
26006,0.09521865844726562
25919,0.09183526039123535
26202,0.09598708152770996
25687,0.09906578063964844
25705,0.09541440010070801
25698,0.09528613090515137
25636,0.07408618927001953
25807,0.0961916446685791
25791,0.09576153755187988
25856,0.09883689880371094
25874,0.09092569351196289
25897,0.09719252586364746
25898,0.09875941276550293
25900,0.0976250171661377
26001,0.0968484878540039
25858,0.09029102325439453
25805,0.09329843521118164
25905,0.09710049629211426
25856,0.0920419692993164
25863,0.0916585922241211
25851,0.09413456916809082
25698,0.10013031959533691
25582,0.09641385078430176
25950,0.06319308280944824
25934,0.09586405754089355
25838,0.09375691413879395
25914,0.09962892532348633
25974,0.1194000244140625
26040,0.09300446510314941
26061,0.09871482849121094
26115,0.09545731544494629
26052,0.0956108570098877
26070,0.09704732894897461
26118,0.0953676700592041
26116,0.07729578018188477
26085,0.0990896224975586
26081,0.09911489486694336
26206,0.0950465202331543
26386,0.09161376953125
26794,0.09676051139831543
26812,0.09932398796081543
26658,0.09228754043579102
25444,0.0645146369934082
25852,0.08742403984069824
26134,0.0921468734741211
26069,0.09351134300231934
26035,0.08617925643920898
26152,0.09310054779052734
26084,0.11713433265686035
26259,0.10465669631958008
26284,0.09602165222167969
26551,0.09999990463256836
25721,0.09173345565795898
26689,0.09986257553100586
26803,0.07095003128051758
26032,0.09886837005615234
25941,0.09293961524963379
26533,0.10122108459472656
27012,0.09017109870910645
26323,0.10183000564575195
26377,0.09502625465393066
26630,0.09192371368408203
26462,0.09828805923461914
25755,0.09328579902648926
26332,0.09906792640686035
26439,0.06095457077026367
26690,0.09381389617919922
26181,0.10148310661315918
26160,0.09530043601989746
26854,0.09151244163513184
27149,0.1082766056060791
25672,0.09490823745727539
26319,0.09683108329772949
26140,0.10793805122375488
26093,0.10025286674499512
26022,0.10663509368896484
26034,0.09873580932617188
25976,0.09220695495605469
26073,0.08291792869567871
26012,0.09075427055358887
26050,0.09535336494445801
26112,0.0993502140045166
26108,0.09746789932250977
26060,0.0904388427734375
26126,0.09820985794067383
26080,0.09560298919677734
26181,0.08974599838256836
26187,0.09450984001159668
26194,0.08873414993286133
26220,0.09393596649169922
26214,0.09231376647949219
26249,0.08925175666809082
26255,0.0961301326751709
26303,0.09882807731628418
27169,0.11860466003417969
26052,0.10099649429321289
26199,0.09235191345214844
26266,0.10021448135375977
26168,0.09567666053771973
26075,0.09625840187072754
25886,0.09209179878234863
26115,0.09500479698181152
26106,0.09428548812866211
26125,0.1166071891784668
26290,0.09577822685241699
26292,0.09508180618286133
26259,0.07475996017456055
26303,0.0937204360961914
26248,0.09737181663513184
26226,0.10309481620788574
26256,0.10152578353881836
26154,0.09197688102722168
26263,0.11370253562927246
26232,0.09459733963012695
26230,0.09410333633422852
26241,0.07165026664733887
26147,0.09633755683898926
26224,0.09190011024475098
26221,0.11032629013061523
26242,0.09867739677429199
26245,0.0935976505279541
26204,0.0962672233581543
26187,0.09424114227294922
26213,0.09092831611633301
26202,0.09476923942565918
26253,0.09547877311706543
26196,0.09014725685119629
26184,0.07381176948547363
26183,0.11521553993225098
26247,0.09276580810546875
26217,0.09525012969970703
26213,0.0980377197265625
26271,0.11953186988830566
26271,0.11953186988830566
23554,0.08902335166931152
23498,0.1140897274017334
23511,0.09550237655639648
23563,0.10053896903991699
23687,0.07029151916503906
23566,0.09888362884521484
23593,0.09618496894836426
23535,0.10413289070129395
23510,0.11236000061035156
23607,0.09824156761169434
23618,0.09961438179016113
23609,0.10292887687683105
23648,0.08757257461547852
23617,0.12415218353271484
23740,0.10930371284484863
23669,0.11918926239013672
23564,0.11619281768798828
23569,0.11264419555664062
23523,0.09782171249389648
23542,0.09335136413574219
23572,0.06321120262145996
23521,0.08396339416503906
23596,0.08679699897766113
23558,0.09497570991516113
23603,0.09845805168151855
23508,0.1169581413269043
23526,0.09945392608642578
23510,0.11646819114685059
23564,0.09305334091186523
23530,0.08643054962158203
23522,0.09813666343688965
23664,0.11481952667236328
23530,0.09396576881408691
23645,0.09466409683227539
23659,0.07275390625
23023,0.11451435089111328
23825,0.09549450874328613
23477,0.08667683601379395
23887,0.09530973434448242
24057,0.09554481506347656
23592,0.11626458168029785
23678,0.0934596061706543
23556,0.09751152992248535
23503,0.11551356315612793
23554,0.06814289093017578
23468,0.06929469108581543
23521,0.08881902694702148
23629,0.12126398086547852
23560,0.07270979881286621
23644,0.10795974731445312
23560,0.0934293270111084
23664,0.10793304443359375
23697,0.10044026374816895
23586,0.09911108016967773
23581,0.08899140357971191
23618,0.10840272903442383
23653,0.09180212020874023
23580,0.11949419975280762
23568,0.09393978118896484
23530,0.09670162200927734
23557,0.09310150146484375
22886,0.08639883995056152
22765,0.09507918357849121
23693,0.09329676628112793
23536,0.0932316780090332
23513,0.09870505332946777
23651,0.11563611030578613
23659,0.09030389785766602
23695,0.085235595703125
23702,0.09424829483032227
23664,0.08992505073547363
23609,0.08641982078552246
23655,0.09502267837524414
23706,0.11875438690185547
23659,0.09400820732116699
23697,0.09756875038146973
23675,0.09801530838012695
23717,0.09509015083312988
23729,0.1032106876373291
23730,0.08574962615966797
23749,0.09903407096862793
23717,0.1182861328125
23735,0.10065484046936035
23617,0.09844279289245605
23587,0.09748458862304688
23541,0.11919236183166504
23936,0.11526250839233398
23706,0.12196183204650879
23663,0.09826302528381348
23663,0.09381771087646484
23643,0.09069156646728516
23637,0.1089169979095459
23502,0.1020207405090332
23736,0.08737945556640625
23683,0.11995124816894531
23541,0.09574770927429199
23710,0.0997922420501709
23723,0.09172487258911133
23764,0.10898971557617188
23817,0.10536813735961914
23767,0.10973453521728516
23780,0.1290433406829834
23732,0.10392498970031738
23648,0.08978724479675293
23596,0.11144280433654785
23536,0.09020042419433594
23735,0.1199800968170166
23691,0.09488153457641602
23629,0.09934806823730469
23591,0.09088540077209473
23570,0.10015177726745605
23576,0.09278297424316406
23749,0.09110331535339355
23709,0.11725735664367676
23631,0.09530448913574219
23633,0.09003639221191406
23584,0.0934751033782959
23609,0.09067583084106445
23515,0.10034489631652832
23288,0.10046219825744629
23427,0.09295892715454102
23488,0.09003710746765137
23570,0.09755110740661621
23399,0.0931551456451416
23604,0.09454536437988281
23578,0.09238457679748535
23372,0.10007715225219727
23340,0.11042547225952148
23307,0.10318732261657715
23430,0.10379409790039062
23389,0.0981435775756836
30319,0.09365272521972656
30519,0.09572649002075195
30517,0.09488224983215332
31203,0.10499024391174316
31033,0.0941619873046875
29848,0.0745542049407959
30783,0.09750795364379883
30019,0.09431242942810059
30044,0.10918712615966797
30453,0.0925440788269043
30155,0.11339163780212402
30113,0.1094977855682373
30021,0.10430192947387695
30409,0.09851312637329102
30371,0.0971827507019043
31162,0.09552717208862305
30694,0.09002399444580078
30742,0.10381436347961426
30693,0.11261606216430664
30504,0.09477996826171875
30978,0.08806490898132324
30970,0.09490227699279785
30815,0.11157965660095215
30957,0.09604406356811523
30986,0.11425399780273438
30824,0.11068224906921387
30917,0.09791254997253418
26563,0.09855151176452637
26601,0.07226777076721191
26686,0.11397123336791992
26662,0.1203460693359375
26645,0.09599494934082031
26624,0.09526658058166504
26676,0.09256100654602051
26765,0.09842467308044434
26756,0.11737060546875
26654,0.09526634216308594
26667,0.09454917907714844
26630,0.1054372787475586
26713,0.09038305282592773
26604,0.10692858695983887
26620,0.0702669620513916
26664,0.0941462516784668
26539,0.10866999626159668
26668,0.11703729629516602
26700,0.09415936470031738
26725,0.11879539489746094
27086,0.11533379554748535
26882,0.09131956100463867
26940,0.09855985641479492
26862,0.1034703254699707
26858,0.09474444389343262
30132,0.09429025650024414
30081,0.11094427108764648
26751,0.09334588050842285
26687,0.1227116584777832
26720,0.09419918060302734
26693,0.1110069751739502
26664,0.09159207344055176
30158,0.11258935928344727
26725,0.09597086906433105
26554,0.10549592971801758
29381,0.10939860343933105
26098,0.0938258171081543
26598,0.11378765106201172
26763,0.1177370548248291
26757,0.09578156471252441
26798,0.09983325004577637
26831,0.09447860717773438
27120,0.09192824363708496
27318,0.09022402763366699
27556,0.09646010398864746
26457,0.11383819580078125
26696,0.09772014617919922
27678,0.06126523017883301
27569,0.09246587753295898
27796,0.11423230171203613
27779,0.09198451042175293
27862,0.09363365173339844
27496,0.10831022262573242
27797,0.0914762020111084
27684,0.0685420036315918
27842,0.09391093254089355
27546,0.08743429183959961
27665,0.09451651573181152
27786,0.09025216102600098
27624,0.09271359443664551
27837,0.09492826461791992
27567,0.08934450149536133
27673,0.07560873031616211
27684,0.09020566940307617
27627,0.09913301467895508
27872,0.09492182731628418
28004,0.09235906600952148
27741,0.09344959259033203
28027,0.09684991836547852
28095,0.08960914611816406
27900,0.10002923011779785
27768,0.09526729583740234
27834,0.09553027153015137
27685,0.09162616729736328
27749,0.09151124954223633
27263,0.09339118003845215
27477,0.07781529426574707
27094,0.095458984375
28172,0.08139681816101074
28172,0.08139681816101074
25888,0.11639833450317383
26087,0.09526395797729492
25708,0.09212231636047363
24953,0.10985445976257324
25166,0.10773277282714844
25900,0.091888427734375
25164,0.0947256088256836
25065,0.09020876884460449
26006,0.09544849395751953
25955,0.09862947463989258
25882,0.11706328392028809
25958,0.09435033798217773
29625,0.07526803016662598
29718,0.1110527515411377
29624,0.09049296379089355
29518,0.09182476997375488
29590,0.10478687286376953
29533,0.11117768287658691
29638,0.09061789512634277
29638,0.09061789512634277
27965,0.10946345329284668
27994,0.10873627662658691
27993,0.10905790328979492
26758,0.07603573799133301
25395,0.08734679222106934
25793,0.09041810035705566
25502,0.08787131309509277
25688,0.1211707592010498
25642,0.08757209777832031
26432,0.1010587215423584
27635,0.10654950141906738
28028,0.10840797424316406
28415,0.08491349220275879
28514,0.11222648620605469
28599,0.11020421981811523
28360,0.1097865104675293
28330,0.09172224998474121
27758,0.10626101493835449
27941,0.10718917846679688
27936,0.09129834175109863
27919,0.09249353408813477
27962,0.08439803123474121
27896,0.10696816444396973
27920,0.0855553150177002
27946,0.07218408584594727
27927,0.08462190628051758
27943,0.09067678451538086
27944,0.0841820240020752
27970,0.10961222648620605
27999,0.09172654151916504
28161,0.09487438201904297
28075,0.11450362205505371
28129,0.11285686492919922
28532,0.09085392951965332
29566,0.08972430229187012
28965,0.11261487007141113
29021,0.11252140998840332
29021,0.11252140998840332
27253,0.08404994010925293
28190,0.08972620964050293
27789,0.10596847534179688
27897,0.11114931106567383
27647,0.09420156478881836
27652,0.08353948593139648
27470,0.08840131759643555
27504,0.08454084396362305
27488,0.10888385772705078
27853,0.06360888481140137
27630,0.0813145637512207
27828,0.09420156478881836
27857,0.09105563163757324
27333,0.09439659118652344
27537,0.08567237854003906
27391,0.08650612831115723
27777,0.09344983100891113
27659,0.11298775672912598
27787,0.1109609603881836
27839,0.09138345718383789
27786,0.1024174690246582
26874,0.09240078926086426
26864,0.11393237113952637
26864,0.08958172798156738
26819,0.11255431175231934
26952,0.09540772438049316
23822,0.08815121650695801
23847,0.08726692199707031
23732,0.08796548843383789
23831,0.10765862464904785
23675,0.10373067855834961
23223,0.10775423049926758
23548,0.07151436805725098
23481,0.10316181182861328
23234,0.0849456787109375
23477,0.11074614524841309
23331,0.10938525199890137
23620,0.10707592964172363
23290,0.09363818168640137
23700,0.09010124206542969
23357,0.08259296417236328
23020,0.09144830703735352
23824,0.10954499244689941
23831,0.10709929466247559
23867,0.09109258651733398
23853,0.08991217613220215
23935,0.08857345581054688
23806,0.09308862686157227
23852,0.09134054183959961
23754,0.08251070976257324
23841,0.1061854362487793
23767,0.09094882011413574
23742,0.08147144317626953
23951,0.10341143608093262
23899,0.08836483955383301
23803,0.08653664588928223
23967,0.10886144638061523
23854,0.08775019645690918
23509,0.08968305587768555
23959,0.09366369247436523
23906,0.08439993858337402
23264,0.10490608215332031
23117,0.08510065078735352
23838,0.10800886154174805
23451,0.08960461616516113
23379,0.08968234062194824
24158,0.08542442321777344
23556,0.08228683471679688
23060,0.08367466926574707
23825,0.07811450958251953
23736,0.09533929824829102
23541,0.08955812454223633
23807,0.08525824546813965
23859,0.08225560188293457
23679,0.08365988731384277
23415,0.10880708694458008
24045,0.08557796478271484
24000,0.10391926765441895
23673,0.10539078712463379
23533,0.0842139720916748
23717,0.0900571346282959
23981,0.0839390754699707
24000,0.08699655532836914
23347,0.11779046058654785
23021,0.08828568458557129
23898,0.08770227432250977
23998,0.10541081428527832
23982,0.08833956718444824
23945,0.08420133590698242
23991,0.08824872970581055
23916,0.08643794059753418
23925,0.10544657707214355
23972,0.11061525344848633
23902,0.08376264572143555
23812,0.10781502723693848
23417,0.11050581932067871
23361,0.06760072708129883
24108,0.11509585380554199
24038,0.08949494361877441
23948,0.08557248115539551
23854,0.08868002891540527
23928,0.0949862003326416
23903,0.10190510749816895
23913,0.10592126846313477
23882,0.08552885055541992
23841,0.08381319046020508
23908,0.08687973022460938
23408,0.08823728561401367
23384,0.08648848533630371
23777,0.08986186981201172
23930,0.09072256088256836
23871,0.10780858993530273
23933,0.10685968399047852
23899,0.10998868942260742
23924,0.08787107467651367
23932,0.08921027183532715
24030,0.08911609649658203
24085,0.0867304801940918
24069,0.08771848678588867
24005,0.0899665355682373
24091,0.08326005935668945
24127,0.08910441398620605
23717,0.09946513175964355
23589,0.08431172370910645
23100,0.08327960968017578
23429,0.09030318260192871
23332,0.10688281059265137
24123,0.10559630393981934
23927,0.10672736167907715
23781,0.10450410842895508
23923,0.08648085594177246
23870,0.10598492622375488
23904,0.08702373504638672
23845,0.10764741897583008
23876,0.08950948715209961
23708,0.08800530433654785
23610,0.10940694808959961
23626,0.10477900505065918
23683,0.0888671875
23406,0.09108948707580566
23754,0.10927653312683105
