28821,0.08907437324523926
27951,0.11313700675964355
28198,0.11388325691223145
30375,0.0919804573059082
28696,0.11563396453857422
28921,0.08533167839050293
29188,0.11537551879882812
29126,0.11642742156982422
28991,0.09273719787597656
28798,0.12349867820739746
29113,0.12592697143554688
28853,0.09827113151550293
28650,0.11598634719848633
29094,0.11264753341674805
29026,0.09566545486450195
29264,0.11085772514343262
28590,0.11412334442138672
29011,0.08680582046508789
29121,0.09844684600830078
28831,0.09345626831054688
28073,0.1198720932006836
28367,0.0967719554901123
28675,0.12317013740539551
28876,0.09265542030334473
28897,0.11830759048461914
29201,0.09628486633300781
29142,0.11654925346374512
29285,0.11484289169311523
29667,0.09489607810974121
28989,0.09526681900024414
28653,0.11272621154785156
29412,0.09812378883361816
28352,0.09720873832702637
28611,0.10390162467956543
28746,0.09544086456298828
28697,0.0840294361114502
28334,0.09415745735168457
28760,0.09492802619934082
28917,0.07558846473693848
28797,0.0953221321105957
28916,0.0922384262084961
28937,0.10036993026733398
28916,0.11144399642944336
28976,0.1164407730102539
28940,0.09264087677001953
28767,0.0931086540222168
28770,0.09498977661132812
28871,0.11304092407226562
28937,0.09293580055236816
29025,0.09301424026489258
28756,0.09171342849731445
28669,0.09965181350708008
29074,0.101806640625
29004,0.08963823318481445
28988,0.10882949829101562
29144,0.08649277687072754
29160,0.0962522029876709
29216,0.10377049446105957
29115,0.1149435043334961
29109,0.07248711585998535
29225,0.09360814094543457
29324,0.09660601615905762
29396,0.0941917896270752
29430,0.10486197471618652
29289,0.09191393852233887
29357,0.09599733352661133
29571,0.09007406234741211
29419,0.08095788955688477
28875,0.0949702262878418
29315,0.0968618392944336
28994,0.09613871574401855
27564,0.11775732040405273
28618,0.0845479965209961
29408,0.09606409072875977
29170,0.09583377838134766
29512,0.09556984901428223
29603,0.09971165657043457
29493,0.10227346420288086
29413,0.11715364456176758
29540,0.09380054473876953
29643,0.09235882759094238
28862,0.09258580207824707
28742,0.09284615516662598
29648,0.09075117111206055
29238,0.09119486808776855
28839,0.11733818054199219
29808,0.09641289710998535
29453,0.0955362319946289
29071,0.09604239463806152
29254,0.09553074836730957
29688,0.09239959716796875
29449,0.1130373477935791
28859,0.09246039390563965
29879,0.09322667121887207
29746,0.10662198066711426
29670,0.09164071083068848
29264,0.10066890716552734
28392,0.09587931632995605
29603,0.09315776824951172
29161,0.09682226181030273
28936,0.0952765941619873
29631,0.0924692153930664
29367,0.0939643383026123
29262,0.0970618724822998
29198,0.09409976005554199
29246,0.09547138214111328
29298,0.09526562690734863
29211,0.09552788734436035
29267,0.09449124336242676
29294,0.10817289352416992
29355,0.10019159317016602
29272,0.0890953540802002
29289,0.0931541919708252
29362,0.10195732116699219
29298,0.0961451530456543
29393,0.1039128303527832
29321,0.09625124931335449
29413,0.09998464584350586
29360,0.09472012519836426
29533,0.09461236000061035
29774,0.09467887878417969
29698,0.09354496002197266
29871,0.10085725784301758
29777,0.09480643272399902
29040,0.09522271156311035
29450,0.09690046310424805
29301,0.10066723823547363
29330,0.09770393371582031
29366,0.10233497619628906
29168,0.10272622108459473
29290,0.1001284122467041
29069,0.0949244499206543
29557,0.09532809257507324
29629,0.09611821174621582
29718,0.09891676902770996
29754,0.06946086883544922
29563,0.1009373664855957
29485,0.09472894668579102
29464,0.10079813003540039
29432,0.09515380859375
29355,0.06640005111694336
29438,0.09310364723205566
29382,0.0895531177520752
29433,0.10214495658874512
29414,0.06558370590209961
29337,0.10273885726928711
29374,0.09660959243774414
29420,0.09994149208068848
29249,0.09653973579406738
29402,0.0942227840423584
29334,0.09369158744812012
29233,0.11711931228637695
29129,0.11466622352600098
29209,0.10320639610290527
29260,0.10069561004638672
29110,0.09520554542541504
29216,0.07012820243835449
29254,0.09672832489013672
29164,0.09557080268859863
29213,0.09864473342895508
29459,0.10217571258544922
29298,0.09832286834716797
29478,0.0914449691772461
27175,0.08602428436279297
27137,0.09575796127319336
27198,0.08629417419433594
27207,0.10913968086242676
27270,0.07501602172851562
27300,0.10262417793273926
27220,0.07672309875488281
27261,0.08341693878173828
27112,0.07610416412353516
27197,0.09822535514831543
27118,0.11246299743652344
27241,0.10300922393798828
27106,0.11230969429016113
27225,0.09120512008666992
27146,0.11287188529968262
27265,0.10822606086730957
27134,0.0993039608001709
27106,0.10002326965332031
27062,0.078582763671875
27083,0.10483384132385254
27117,0.0791769027709961
26994,0.1117715835571289
27083,0.09307479858398438
27042,0.10235357284545898
27132,0.07758378982543945
27124,0.10102033615112305
27209,0.10973095893859863
27199,0.11036014556884766
27181,0.09933090209960938
27090,0.10435056686401367
27092,0.10796523094177246
27379,0.12050366401672363
27324,0.11504173278808594
27249,0.10114932060241699
27083,0.09746551513671875
26362,0.0990898609161377
27579,0.0940709114074707
27390,0.08270478248596191
27389,0.09991216659545898
27297,0.10174179077148438
26874,0.12541627883911133
27117,0.11398625373840332
27170,0.10177278518676758
27285,0.10033774375915527
27150,0.07251667976379395
27092,0.08135628700256348
26892,0.10148262977600098
26996,0.11603450775146484
27191,0.08185935020446777
26988,0.10315108299255371
27144,0.08449983596801758
27218,0.08818817138671875
27244,0.10130620002746582
27201,0.10031533241271973
27162,0.09283971786499023
27136,0.08595633506774902
27288,0.08350729942321777
26991,0.09899520874023438
27097,0.1077260971069336
27130,0.07806968688964844
27330,0.12381982803344727
26377,0.1018683910369873
29728,0.1093602180480957
27255,0.09647512435913086
27016,0.10458159446716309
27160,0.0990743637084961
27260,0.09883999824523926
27023,0.09829115867614746
27095,0.10648250579833984
27144,0.09578108787536621
27287,0.0823359489440918
27312,0.08960676193237305
27358,0.12201285362243652
27398,0.08019208908081055
27347,0.09454035758972168
27309,0.09574627876281738
27375,0.11227869987487793
27361,0.1081535816192627
27461,0.09229493141174316
27348,0.11119246482849121
27332,0.10521364212036133
27375,0.09719562530517578
27347,0.10151100158691406
27209,0.10907125473022461
27313,0.1028285026550293
27335,0.07839179039001465
27658,0.07898139953613281
27416,0.08222556114196777
27306,0.12156224250793457
27332,0.09302854537963867
27320,0.07865619659423828
27280,0.10480523109436035
27164,0.10608363151550293
27372,0.09313035011291504
27329,0.10126447677612305
27246,0.10069465637207031
27168,0.09296989440917969
27464,0.09974884986877441
27343,0.10394692420959473
27522,0.09644365310668945
27497,0.11429166793823242
27385,0.11535787582397461
27495,0.06753993034362793
27296,0.09553289413452148
27269,0.10319232940673828
27278,0.0958399772644043
27346,0.11963272094726562
27353,0.09356260299682617
27334,0.09637618064880371
27197,0.10159659385681152
27265,0.08938407897949219
27414,0.09807896614074707
27422,0.10358405113220215
27377,0.1046152114868164
27419,0.08689546585083008
27437,0.08248615264892578
27348,0.10111165046691895
27245,0.10260343551635742
27194,0.09583401679992676
26833,0.12191224098205566
26792,0.1028587818145752
27142,0.10924053192138672
27337,0.1065824031829834
27214,0.09671378135681152
27262,0.10018324851989746
27119,0.10372138023376465
26943,0.09905624389648438
26885,0.09357643127441406
26965,0.09380531311035156
27028,0.09215211868286133
27060,0.11004090309143066
28268,0.1156165599822998
28005,0.11680197715759277
28104,0.09687423706054688
31460,0.09253978729248047
27758,0.10099506378173828
27634,0.10510873794555664
27232,0.08880949020385742
27436,0.09171009063720703
27723,0.09133195877075195
26893,0.09467601776123047
27302,0.1121523380279541
27100,0.09347367286682129
27361,0.09727334976196289
27297,0.09969139099121094
27202,0.10146594047546387
27738,0.10225486755371094
28226,0.10270500183105469
28263,0.11513590812683105
28297,0.09376788139343262
28062,0.0967555046081543
28243,0.09242415428161621
27986,0.0957942008972168
28020,0.09062504768371582
28267,0.1132049560546875
28141,0.09326052665710449
28332,0.07063508033752441
28165,0.09586143493652344
28078,0.09363675117492676
28214,0.12392973899841309
28089,0.12408852577209473
28110,0.09363770484924316
27993,0.10379910469055176
28203,0.11648988723754883
28006,0.09152412414550781
28142,0.09602761268615723
28185,0.11840939521789551
28227,0.09782004356384277
28034,0.11370587348937988
28085,0.11984729766845703
28180,0.09801816940307617
27948,0.09736466407775879
27964,0.09104323387145996
27990,0.09430289268493652
28086,0.09622311592102051
28051,0.09961915016174316
27980,0.0794992446899414
32006,0.09716677665710449
28186,0.12331414222717285
28235,0.09381699562072754
28227,0.0935661792755127
28258,0.09299349784851074
28298,0.1130983829498291
28105,0.09628438949584961
32036,0.08725571632385254
28070,0.09151387214660645
31887,0.10312700271606445
28271,0.08818435668945312
28132,0.11740899085998535
28239,0.11420488357543945
32277,0.09673023223876953
28247,0.09321188926696777
28436,0.10056948661804199
28083,0.09736514091491699
27604,0.11656856536865234
27901,0.12039685249328613
28018,0.1187140941619873
28334,0.12042450904846191
28274,0.11242318153381348
28427,0.09767413139343262
28326,0.10167169570922852
32004,0.10492873191833496
28827,0.11789703369140625
29926,0.07697892189025879
29676,0.08844375610351562
29006,0.08146429061889648
30667,0.09056425094604492
29864,0.09667325019836426
29892,0.09951925277709961
30807,0.0945279598236084
31058,0.08759284019470215
30726,0.11226892471313477
30715,0.0794057846069336
30938,0.08497810363769531
30544,0.09468674659729004
30660,0.10526657104492188
30850,0.10033321380615234
30883,0.0935523509979248
30618,0.09638142585754395
30523,0.10337066650390625
30852,0.08346414566040039
30793,0.0896909236907959
30761,0.07584190368652344
30218,0.09028005599975586
30467,0.08510112762451172
30655,0.09540629386901855
30479,0.11155414581298828
30673,0.09693241119384766
30443,0.08835625648498535
30054,0.09068918228149414
30624,0.08867979049682617
30753,0.07622218132019043
30871,0.10386133193969727
30102,0.07745718955993652
30172,0.08478665351867676
30421,0.0860903263092041
30356,0.07980918884277344
30356,0.07980918884277344
25248,0.09100675582885742
25818,0.11115145683288574
25151,0.09522390365600586
24693,0.11000394821166992
24485,0.1130361557006836
25280,0.11610817909240723
25115,0.09540915489196777
25449,0.08958840370178223
25337,0.09715747833251953
25222,0.12427067756652832
25202,0.09736037254333496
25214,0.09532594680786133
28047,0.062058210372924805
28023,0.11092424392700195
28154,0.09424853324890137
28153,0.09210491180419922
28136,0.08865523338317871
28073,0.10888075828552246
28155,0.09117412567138672
28155,0.09117412567138672
27065,0.0881645679473877
27210,0.0917060375213623
27157,0.10129928588867188
26072,0.11621642112731934
25005,0.10788106918334961
28303,0.10960912704467773
28315,0.08975529670715332
25347,0.09610223770141602
28526,0.10710287094116211
25740,0.08906078338623047
26760,0.08170723915100098
27033,0.09073901176452637
27599,0.0884709358215332
27515,0.08996105194091797
27205,0.09147238731384277
27070,0.11487030982971191
27039,0.09088563919067383
26714,0.06832385063171387
27023,0.10514378547668457
26978,0.10936975479125977
26935,0.09035110473632812
26972,0.10431814193725586
26892,0.10912466049194336
26926,0.10841059684753418
26971,0.08571195602416992
26980,0.11217570304870605
27008,0.09264588356018066
27034,0.09052896499633789
27112,0.08644342422485352
27137,0.09609103202819824
27261,0.10756587982177734
27307,0.09082937240600586
27436,0.09072208404541016
28314,0.10241270065307617
30018,0.11244034767150879
30325,0.09319210052490234
30161,0.09231090545654297
29945,0.10851049423217773
25266,0.11141180992126465
25906,0.10637283325195312
25611,0.08487391471862793
25638,0.09040570259094238
25531,0.0965421199798584
25507,0.08836579322814941
25427,0.09119081497192383
25452,0.08884906768798828
25521,0.1102604866027832
25778,0.09020447731018066
25528,0.09014010429382324
25586,0.08874034881591797
25729,0.09224677085876465
25557,0.08294343948364258
25602,0.08956122398376465
25447,0.09064722061157227
25665,0.08927488327026367
25583,0.06615257263183594
25612,0.09144091606140137
25670,0.0921175479888916
25621,0.09211087226867676
26491,0.10733485221862793
26467,0.09006810188293457
26515,0.0932765007019043
26593,0.11323761940002441
26650,0.08405113220214844
27676,0.09166169166564941
27710,0.10633516311645508
27794,0.09021186828613281
27492,0.10970616340637207
27566,0.08903026580810547
27317,0.10378694534301758
26991,0.10119342803955078
27385,0.1100625991821289
27146,0.10797834396362305
27146,0.10515093803405762
27010,0.07236194610595703
26949,0.08213996887207031
27611,0.09566807746887207
27501,0.10078954696655273
27447,0.08217358589172363
27130,0.09082555770874023
27861,0.10872411727905273
27686,0.11039972305297852
27668,0.09128379821777344
27584,0.0913846492767334
27518,0.10496664047241211
27575,0.0884244441986084
27597,0.11176252365112305
27653,0.0842432975769043
27724,0.11130547523498535
27810,0.0762183666229248
27807,0.09046554565429688
27860,0.08863282203674316
27831,0.08916378021240234
27800,0.08512306213378906
27611,0.1116337776184082
27474,0.11028885841369629
27722,0.09312891960144043
27736,0.10857963562011719
27919,0.11505246162414551
27321,0.10817456245422363
27244,0.09281516075134277
27266,0.08652424812316895
27314,0.09075474739074707
27266,0.0882103443145752
27750,0.11086678504943848
27233,0.0831453800201416
27265,0.10661101341247559
27882,0.08514022827148438
27707,0.10567975044250488
27577,0.10117602348327637
27625,0.11032867431640625
27458,0.0903787612915039
27435,0.08475065231323242
27018,0.09162235260009766
27613,0.08280467987060547
27672,0.1049950122833252
27307,0.11248326301574707
27309,0.09685778617858887
27220,0.10492706298828125
27678,0.08524060249328613
27622,0.08984541893005371
27433,0.08586001396179199
26771,0.08960127830505371
27442,0.0863800048828125
27491,0.08599066734313965
27535,0.08884692192077637
27615,0.09189128875732422
27518,0.08847665786743164
27604,0.10647201538085938
27563,0.10685420036315918
27814,0.06118011474609375
27526,0.10788345336914062
27402,0.10309743881225586
27066,0.1108400821685791
27010,0.10648345947265625
28102,0.11090850830078125
27468,0.09266829490661621
27321,0.08895039558410645
27377,0.08895516395568848
27527,0.08938479423522949
27397,0.11124515533447266
27570,0.08319759368896484
27517,0.10229158401489258
27351,0.08553552627563477
27448,0.10712933540344238
27216,0.09047174453735352
27455,0.09170770645141602
27321,0.09349846839904785
27577,0.07840490341186523
27553,0.10935354232788086
27514,0.10851383209228516
27459,0.10759234428405762
27563,0.07208752632141113
27423,0.08401846885681152
27443,0.08831906318664551
27686,0.09005856513977051
27405,0.08851456642150879
27514,0.10824084281921387
27640,0.08970475196838379
27567,0.10688352584838867
27306,0.10753130912780762
27104,0.10703849792480469
26580,0.08564209938049316
26993,0.10865044593811035
27291,0.08080887794494629
28208,0.0876150131225586
27249,0.08437037467956543
27077,0.06846308708190918
27389,0.08768415451049805
27428,0.0895688533782959
27349,0.09691762924194336
27584,0.0846250057220459
27399,0.10546469688415527
27257,0.08958029747009277
27201,0.08999180793762207
27244,0.09111952781677246
27543,0.0898582935333252
27510,0.0893704891204834
27485,0.08316397666931152
