28724,0.07104301452636719
27950,0.11536908149719238
28216,0.09899187088012695
27027,0.09930014610290527
28421,0.09428286552429199
28527,0.09766173362731934
28502,0.11741852760314941
28653,0.11181640625
28801,0.11695981025695801
28742,0.10852408409118652
28713,0.09851670265197754
28683,0.09569954872131348
28540,0.09398174285888672
28686,0.0929574966430664
28675,0.11638140678405762
28569,0.11077570915222168
28495,0.10183429718017578
28612,0.09587907791137695
29073,0.08613467216491699
28309,0.09593820571899414
27866,0.09845709800720215
28538,0.11179232597351074
28434,0.09330606460571289
28613,0.11377263069152832
28709,0.10622763633728027
28642,0.09198713302612305
30305,0.0915839672088623
30369,0.09618282318115234
30422,0.09844136238098145
30247,0.08807992935180664
26868,0.10104775428771973
30752,0.0950615406036377
26560,0.06506752967834473
30397,0.11444330215454102
30172,0.0945138931274414
30072,0.09596443176269531
30374,0.0950474739074707
30196,0.09789705276489258
30319,0.09833550453186035
30454,0.09533405303955078
30346,0.1050264835357666
30319,0.09300112724304199
30358,0.09276700019836426
30357,0.0980844497680664
30331,0.10274457931518555
30131,0.09270024299621582
30337,0.1167290210723877
30279,0.09387350082397461
30072,0.09040451049804688
29951,0.09731483459472656
30032,0.09789896011352539
29778,0.09694409370422363
30351,0.08466720581054688
30379,0.09677696228027344
30389,0.09606814384460449
30356,0.10536766052246094
30256,0.09939098358154297
30336,0.09634160995483398
30488,0.11629605293273926
30575,0.08898329734802246
30353,0.09676790237426758
30337,0.09445953369140625
30351,0.09898090362548828
30174,0.0958857536315918
30337,0.09000539779663086
30374,0.09633946418762207
30335,0.09789037704467773
30653,0.09154891967773438
30473,0.09572005271911621
30481,0.10092616081237793
27804,0.09333634376525879
29738,0.09896278381347656
30392,0.10228729248046875
30509,0.0945887565612793
30634,0.10045671463012695
30530,0.09191322326660156
30611,0.09638619422912598
30258,0.10066080093383789
30125,0.09036803245544434
30368,0.09584927558898926
30582,0.1064603328704834
26878,0.09902238845825195
30381,0.10054683685302734
30663,0.09501099586486816
26951,0.09348702430725098
26661,0.09109091758728027
30445,0.0939335823059082
30744,0.0984799861907959
30935,0.09900355339050293
26847,0.06983351707458496
30501,0.08337163925170898
30583,0.09938311576843262
27217,0.0920255184173584
30447,0.07563185691833496
30442,0.07378578186035156
30615,0.09775519371032715
30408,0.09524226188659668
26990,0.10405254364013672
30773,0.09528565406799316
31261,0.09944677352905273
27122,0.09243202209472656
30923,0.0930490493774414
30571,0.09456777572631836
30440,0.09600520133972168
30393,0.09874224662780762
30492,0.09652304649353027
30534,0.0939333438873291
30488,0.09578824043273926
30479,0.09747481346130371
30506,0.0897054672241211
30505,0.09231734275817871
30467,0.09714436531066895
30482,0.09195399284362793
30514,0.0731196403503418
30573,0.06612348556518555
30411,0.09604477882385254
30445,0.09932684898376465
30553,0.10140728950500488
30462,0.09803557395935059
30517,0.09540319442749023
30590,0.12208127975463867
30395,0.09537410736083984
30474,0.0971832275390625
28139,0.09280180931091309
30287,0.09613490104675293
30490,0.09518885612487793
30641,0.10914802551269531
30276,0.09344005584716797
30236,0.09070515632629395
30084,0.11720657348632812
30449,0.09713268280029297
30419,0.09421730041503906
30409,0.09723091125488281
30598,0.09593486785888672
30649,0.0950462818145752
30585,0.09376144409179688
30560,0.09961915016174316
30475,0.09848427772521973
30502,0.10158252716064453
30607,0.09743714332580566
30586,0.09756064414978027
30657,0.11727356910705566
30494,0.09276676177978516
30511,0.10009646415710449
30598,0.09959602355957031
30478,0.09528970718383789
30574,0.0926661491394043
30650,0.09368062019348145
30638,0.09819960594177246
30724,0.09714412689208984
30589,0.0969398021697998
30701,0.09245872497558594
30803,0.09715700149536133
30829,0.10716962814331055
30952,0.09357309341430664
31035,0.09462237358093262
30833,0.0924367904663086
31018,0.09790539741516113
27260,0.11582422256469727
30822,0.09714174270629883
30974,0.10180425643920898
30986,0.09434199333190918
30926,0.11709284782409668
30060,0.12035751342773438
29821,0.1131124496459961
29978,0.09638690948486328
29884,0.0908210277557373
30311,0.09374427795410156
30231,0.11951231956481934
29998,0.09464550018310547
30020,0.11265301704406738
30019,0.09296584129333496
30101,0.09496331214904785
30119,0.10625958442687988
30213,0.10229945182800293
30207,0.09905695915222168
30139,0.09312653541564941
30224,0.09820795059204102
30252,0.09018731117248535
30089,0.0897817611694336
30116,0.0889129638671875
29995,0.1185910701751709
29963,0.10710334777832031
29843,0.09976625442504883
30022,0.11691951751708984
29972,0.09291338920593262
30092,0.098236083984375
30153,0.1061406135559082
29956,0.07370877265930176
30112,0.0964956283569336
30053,0.10708117485046387
29979,0.10007333755493164
29870,0.11407923698425293
29815,0.08655166625976562
30045,0.06979823112487793
30211,0.09353494644165039
30156,0.09517908096313477
30233,0.09340286254882812
29199,0.09228324890136719
30057,0.09172272682189941
30058,0.10528945922851562
30006,0.09078717231750488
30019,0.09135079383850098
29397,0.08885765075683594
29737,0.09411454200744629
29861,0.10694551467895508
29817,0.09476304054260254
30091,0.09620928764343262
29951,0.09355902671813965
29931,0.09466266632080078
29851,0.09052467346191406
30037,0.06935858726501465
30010,0.09302711486816406
30006,0.12382006645202637
29905,0.09706830978393555
30050,0.09607672691345215
30107,0.09370636940002441
30090,0.10116887092590332
30235,0.12299633026123047
30106,0.09326529502868652
30120,0.10187721252441406
30010,0.09356117248535156
30151,0.09507369995117188
30159,0.09621191024780273
28852,0.1229557991027832
28367,0.09380483627319336
29912,0.10826444625854492
30074,0.09311532974243164
30195,0.09323525428771973
30084,0.09229350090026855
30159,0.0950775146484375
30116,0.09664463996887207
30112,0.09696269035339355
30138,0.11180233955383301
30226,0.09432744979858398
30334,0.09415435791015625
30395,0.09678149223327637
30248,0.09818863868713379
30194,0.09190130233764648
30122,0.07503819465637207
30166,0.11583638191223145
30293,0.1049959659576416
30283,0.10204482078552246
30277,0.07049727439880371
30186,0.09337639808654785
30222,0.11191773414611816
30215,0.09468889236450195
30095,0.09510588645935059
30241,0.09389758110046387
30711,0.08485293388366699
29853,0.11341357231140137
30310,0.09094738960266113
30172,0.09576034545898438
30099,0.09200167655944824
30027,0.09311556816101074
30068,0.10462498664855957
30199,0.10343003273010254
29579,0.11715054512023926
30137,0.11215853691101074
30316,0.11098694801330566
30398,0.09575700759887695
30338,0.09584689140319824
30374,0.09385108947753906
30333,0.09682035446166992
30276,0.09288501739501953
30165,0.11537456512451172
30154,0.09185481071472168
30065,0.10173153877258301
30004,0.10052728652954102
30225,0.09660172462463379
30033,0.1158745288848877
30214,0.11258387565612793
30177,0.09532356262207031
30390,0.09651017189025879
30315,0.11960196495056152
30313,0.11841177940368652
30284,0.11510801315307617
30271,0.09438538551330566
30152,0.09524297714233398
30105,0.1250138282775879
30195,0.06308960914611816
29940,0.10113120079040527
29799,0.09689474105834961
29842,0.09204506874084473
30034,0.0933992862701416
29903,0.09099030494689941
29702,0.09958529472351074
29750,0.09568238258361816
29571,0.09463739395141602
29443,0.09517455101013184
29343,0.10531139373779297
29353,0.11081218719482422
29436,0.09951257705688477
29462,0.11747503280639648
31299,0.09712338447570801
32062,0.09580564498901367
32083,0.0941162109375
28239,0.10914158821105957
28055,0.09527945518493652
27481,0.08080410957336426
27699,0.09677958488464355
27767,0.09318685531616211
28139,0.10473871231079102
28060,0.11151933670043945
28305,0.08627891540527344
28177,0.1043863296508789
28019,0.09387564659118652
28342,0.09522056579589844
28509,0.12029004096984863
28728,0.1124577522277832
28076,0.10236215591430664
27829,0.10596895217895508
28252,0.07262635231018066
27730,0.1046910285949707
28126,0.09140586853027344
31770,0.09498739242553711
32014,0.11632728576660156
32154,0.11612963676452637
32150,0.0949094295501709
32086,0.10892009735107422
32089,0.09761238098144531
31966,0.0929117202758789
31984,0.11779093742370605
28103,0.09326457977294922
32122,0.10582971572875977
32132,0.09073567390441895
28181,0.10116362571716309
28243,0.0980987548828125
28324,0.12576079368591309
28235,0.09357237815856934
28345,0.0919046401977539
28298,0.09939742088317871
28356,0.09054398536682129
28213,0.11603355407714844
28278,0.11891412734985352
28163,0.09409451484680176
28299,0.11827683448791504
28300,0.09294247627258301
28475,0.10015034675598145
28592,0.09526300430297852
28599,0.10835671424865723
28569,0.12096595764160156
28515,0.10572028160095215
28500,0.12021422386169434
28286,0.09836363792419434
32401,0.09429502487182617
32189,0.12216448783874512
32041,0.09340810775756836
28186,0.09372282028198242
28307,0.09363555908203125
28282,0.11496925354003906
28425,0.11579275131225586
28562,0.0936582088470459
32406,0.09404683113098145
32294,0.09522414207458496
28511,0.11968612670898438
27641,0.09441828727722168
30740,0.11954140663146973
27913,0.12162113189697266
28131,0.0771949291229248
32089,0.09534621238708496
28368,0.09331846237182617
28978,0.11800885200500488
29534,0.12035918235778809
29534,0.0953531265258789
29597,0.0933992862701416
29288,0.09589767456054688
31168,0.10591387748718262
32054,0.1040644645690918
33025,0.1180870532989502
32631,0.09264802932739258
33777,0.09636187553405762
33172,0.08636260032653809
32842,0.10998845100402832
33271,0.0927586555480957
33557,0.11928939819335938
33146,0.09758424758911133
32699,0.1039583683013916
32936,0.10185456275939941
32693,0.10914897918701172
32838,0.11466073989868164
33116,0.09846687316894531
32806,0.10669422149658203
33115,0.08965563774108887
33121,0.08473706245422363
33017,0.11553573608398438
33133,0.10438966751098633
32777,0.09325599670410156
33358,0.09853053092956543
33242,0.10180401802062988
33450,0.09369134902954102
33185,0.08609509468078613
33030,0.09054780006408691
33190,0.10987591743469238
33219,0.10936903953552246
33034,0.10863828659057617
32726,0.11080265045166016
33096,0.08819961547851562
33057,0.08454275131225586
32509,0.11125826835632324
34331,0.09535455703735352
28162,0.11128926277160645
28341,0.06312346458435059
27962,0.0927267074584961
27767,0.09235596656799316
27456,0.11867737770080566
28199,0.09770464897155762
28125,0.12132668495178223
27929,0.09365963935852051
28352,0.0967867374420166
28115,0.10066056251525879
27993,0.11276865005493164
28110,0.0948476791381836
29240,0.08841633796691895
29223,0.08943772315979004
29135,0.08647823333740234
29236,0.10262537002563477
29184,0.10949826240539551
29150,0.10394430160522461
29212,0.08881449699401855
29309,0.11385989189147949
26411,0.09164190292358398
26551,0.0910789966583252
26453,0.08893752098083496
25804,0.08362102508544922
24647,0.09082579612731934
24020,0.10543370246887207
24869,0.06863951683044434
24975,0.08540630340576172
24922,0.10648202896118164
25502,0.08782196044921875
26154,0.10295820236206055
26636,0.08931827545166016
26348,0.08833885192871094
26189,0.0842735767364502
25926,0.10861587524414062
25654,0.08914661407470703
25570,0.09176754951477051
26247,0.1122746467590332
26460,0.09051632881164551
26534,0.09485077857971191
26550,0.0926816463470459
26537,0.08238005638122559
26439,0.11071085929870605
26461,0.10698366165161133
26479,0.10616517066955566
26488,0.10684323310852051
26537,0.10673356056213379
26564,0.09207892417907715
26608,0.11136913299560547
26533,0.1049642562866211
26526,0.09046578407287598
26382,0.08625531196594238
26460,0.11509871482849121
28771,0.0915982723236084
29790,0.08835816383361816
29624,0.0807497501373291
29943,0.09084296226501465
29336,0.0901634693145752
28102,0.088653564453125
28745,0.0683596134185791
28294,0.08167099952697754
28464,0.1088097095489502
28522,0.09711599349975586
28474,0.09209609031677246
28143,0.08319854736328125
28168,0.08966708183288574
28255,0.0864105224609375
28530,0.0912313461303711
28145,0.08819007873535156
28473,0.09038090705871582
28561,0.07734298706054688
27670,0.10737490653991699
28593,0.08795046806335449
27906,0.08178210258483887
28399,0.08864593505859375
28451,0.09050226211547852
28649,0.10898637771606445
28611,0.08913040161132812
28415,0.08298134803771973
28017,0.10608196258544922
28013,0.09477543830871582
27918,0.08921551704406738
27911,0.10236549377441406
27921,0.09867167472839355
28830,0.0878756046295166
32422,0.09253358840942383
28542,0.09042119979858398
32954,0.09631180763244629
28697,0.10419130325317383
32117,0.10869526863098145
31945,0.09464454650878906
32576,0.11496424674987793
31894,0.0890500545501709
31690,0.09046530723571777
32201,0.11404228210449219
31680,0.1059722900390625
28363,0.09023332595825195
32170,0.08423948287963867
27843,0.11099886894226074
31316,0.1105506420135498
33077,0.11718440055847168
28984,0.10635685920715332
32721,0.11040806770324707
32714,0.10519123077392578
32691,0.0907285213470459
32637,0.09298872947692871
32871,0.09064888954162598
28797,0.08965015411376953
32997,0.09274625778198242
28808,0.10588216781616211
33039,0.09342765808105469
32957,0.09150505065917969
33002,0.0972435474395752
33133,0.0934762954711914
33179,0.09358620643615723
28949,0.08932352066040039
32718,0.09111142158508301
28888,0.10616397857666016
32799,0.0906515121459961
31717,0.10760974884033203
31656,0.09246969223022461
32636,0.10372662544250488
32424,0.09062576293945312
32051,0.08958029747009277
28856,0.07905220985412598
32308,0.08975744247436523
32062,0.0918893814086914
32060,0.0896158218383789
32525,0.08731722831726074
32725,0.08968520164489746
31933,0.10258364677429199
32796,0.09291267395019531
32326,0.09127283096313477
28008,0.08920407295227051
32989,0.11769533157348633
32978,0.08926558494567871
32649,0.09088373184204102
32108,0.11306905746459961
31687,0.09307289123535156
32981,0.08883357048034668
32756,0.0964515209197998
28488,0.0905294418334961
31643,0.0956110954284668
32994,0.09298563003540039
32649,0.08794188499450684
32859,0.11077213287353516
32966,0.11331439018249512
32931,0.09214520454406738
32843,0.11759757995605469
32753,0.10954523086547852
33180,0.09485244750976562
32759,0.09097909927368164
32644,0.09197068214416504
32374,0.11428380012512207
32198,0.08783483505249023
29105,0.09633016586303711
32835,0.09561443328857422
32628,0.08433127403259277
32544,0.11201667785644531
32755,0.09300732612609863
32538,0.11013007164001465
32613,0.08706021308898926
32564,0.09138202667236328
32653,0.0836341381072998
28891,0.08820295333862305
32303,0.0893852710723877
32390,0.08599281311035156
32581,0.08746647834777832
32798,0.11397457122802734
32758,0.0912015438079834
32907,0.09209060668945312
32691,0.10286068916320801
32755,0.10989165306091309
32381,0.11904001235961914
32684,0.09475493431091309
32520,0.08485078811645508
32769,0.09262537956237793
32883,0.11117911338806152
32893,0.09688377380371094
33025,0.1136636734008789
32562,0.08947491645812988
32554,0.08590126037597656
31553,0.0857844352722168
32077,0.09180974960327148
27651,0.08933091163635254
28903,0.08913421630859375
32866,0.11695742607116699
32696,0.09250497817993164
32861,0.08852791786193848
32623,0.07636284828186035
32576,0.09760808944702148
32820,0.10854935646057129
32660,0.08881688117980957
32198,0.10886001586914062
32161,0.0909430980682373
32381,0.08946895599365234
32641,0.08916330337524414
31788,0.09013867378234863
28278,0.10841536521911621
