70129,0.14285588264465332
72184,0.20429277420043945
70549,0.13454294204711914
71048,0.15824508666992188
74966,0.13522744178771973
68319,0.1379692554473877
66762,0.15465760231018066
66730,0.15107011795043945
66928,0.16119956970214844
64954,0.11985135078430176
65063,0.15043354034423828
65279,0.12369561195373535
64184,0.13941645622253418
62838,0.14881515502929688
63776,0.11855888366699219
63017,0.14481067657470703
64040,0.15341567993164062
64383,0.1465318202972412
66033,0.14789319038391113
66694,0.13475394248962402
67779,0.13979578018188477
66531,0.1511993408203125
66302,0.1371297836303711
65536,0.15035772323608398
65281,0.12553977966308594
66352,0.1517469882965088
77618,0.14626121520996094
77014,0.16931748390197754
77369,0.1753978729248047
78310,0.1758890151977539
86914,0.15892696380615234
78783,0.16538429260253906
81355,0.1572716236114502
76868,0.15268278121948242
77753,0.156172513961792
78795,0.16695356369018555
76750,0.15601539611816406
76459,0.1598377227783203
76702,0.15578150749206543
76602,0.1560959815979004
77457,0.1678333282470703
76538,0.1757345199584961
76317,0.15325474739074707
76964,0.15888643264770508
77008,0.14910268783569336
75903,0.1574850082397461
77182,0.15361618995666504
76308,0.14378714561462402
75145,0.14608263969421387
77083,0.16044354438781738
76723,0.14510416984558105
77573,0.15338540077209473
78191,0.14850974082946777
78882,0.13992524147033691
78155,0.16783428192138672
77325,0.15778350830078125
78626,0.14864373207092285
78179,0.12368655204772949
77184,0.15043854713439941
80575,0.16051959991455078
77321,0.14825868606567383
77117,0.1510157585144043
77552,0.14247989654541016
75250,0.14777874946594238
76344,0.14633727073669434
77039,0.17464089393615723
77139,0.15968775749206543
75886,0.14273548126220703
74104,0.15194225311279297
77477,0.13858604431152344
78663,0.15804719924926758
75568,0.14293861389160156
75535,0.17150521278381348
77638,0.14986610412597656
77400,0.15298104286193848
79404,0.1566448211669922
78926,0.14018964767456055
78764,0.15015006065368652
81354,0.1537458896636963
80719,0.15352582931518555
77644,0.15707087516784668
82090,0.12778329849243164
81418,0.14037537574768066
79759,0.16880226135253906
79618,0.15809893608093262
86756,0.15676259994506836
74035,0.14828109741210938
80450,0.17803716659545898
81667,0.15645503997802734
89030,0.167738676071167
81091,0.17551636695861816
79690,0.1862940788269043
84555,0.15999364852905273
84317,0.1721949577331543
80640,0.15378379821777344
80430,0.1690061092376709
82591,0.1683666706085205
86416,0.15343523025512695
76624,0.1451575756072998
79871,0.15846967697143555
87110,0.14554357528686523
80507,0.16132140159606934
78810,0.1594254970550537
75428,0.14726829528808594
77897,0.18095993995666504
77126,0.17274117469787598
77927,0.14385032653808594
77039,0.15497183799743652
76927,0.1887648105621338
77377,0.1396472454071045
77271,0.1479201316833496
77644,0.14783382415771484
77299,0.14799046516418457
77571,0.1632852554321289
77658,0.15705561637878418
78058,0.14081192016601562
76451,0.1521141529083252
77286,0.1655285358428955
77011,0.14448285102844238
78934,0.16208672523498535
78969,0.16947579383850098
77174,0.1532421112060547
78823,0.15289831161499023
80528,0.15717196464538574
76160,0.1553792953491211
77694,0.16857218742370605
77891,0.16360878944396973
79625,0.15007996559143066
78700,0.1470661163330078
79399,0.1537468433380127
80041,0.15187859535217285
79967,0.15297889709472656
80071,0.14265227317810059
79748,0.15986418724060059
79433,0.1464393138885498
78731,0.15383148193359375
78180,0.15940380096435547
78771,0.16388630867004395
78767,0.15619301795959473
78181,0.14594125747680664
78344,0.15578985214233398
78374,0.14901304244995117
78131,0.15186214447021484
77226,0.15509390830993652
77250,0.14472532272338867
77658,0.16052865982055664
78415,0.1612846851348877
77111,0.16018152236938477
77118,0.15785670280456543
77602,0.17869162559509277
78436,0.1625370979309082
76596,0.1520519256591797
79028,0.14175128936767578
79148,0.16934633255004883
77776,0.13605999946594238
78205,0.1625213623046875
79124,0.1547713279724121
78079,0.16582608222961426
77150,0.16518831253051758
76972,0.15670037269592285
77481,0.15300416946411133
78021,0.15617942810058594
77048,0.14423227310180664
58955,0.11361384391784668
58812,0.14085721969604492
59037,0.13816046714782715
59439,0.14001059532165527
59139,0.12248539924621582
58417,0.14578866958618164
58791,0.11432027816772461
58602,0.13843727111816406
58866,0.14835500717163086
58583,0.13770580291748047
59390,0.1486647129058838
59000,0.13261008262634277
68434,0.13516664505004883
67861,0.14059996604919434
58941,0.15349483489990234
58826,0.14136981964111328
58557,0.11906909942626953
58359,0.129655122756958
59105,0.13541436195373535
67836,0.14603161811828613
59306,0.1526937484741211
68383,0.13812494277954102
58466,0.1238555908203125
59764,0.1450812816619873
59370,0.14361977577209473
59070,0.1403207778930664
59412,0.13725543022155762
59863,0.13278651237487793
59843,0.1288924217224121
59670,0.12979841232299805
60270,0.13277649879455566
62021,0.11699867248535156
60454,0.13441109657287598
59889,0.12229561805725098
61549,0.12289738655090332
67220,0.134307861328125
65588,0.1439499855041504
60942,0.13623428344726562
62198,0.14860916137695312
62391,0.1428377628326416
68323,0.16155409812927246
60078,0.14148378372192383
59733,0.13956999778747559
60340,0.1541731357574463
60200,0.131927490234375
60081,0.13083243370056152
60146,0.13776755332946777
60359,0.13635897636413574
60148,0.12809109687805176
59503,0.12504076957702637
60382,0.12799668312072754
60273,0.13073158264160156
59524,0.14989829063415527
59329,0.149888277053833
59293,0.1292705535888672
59606,0.14786744117736816
60071,0.12050819396972656
59463,0.14068055152893066
60123,0.1408374309539795
60093,0.14454102516174316
60372,0.1215977668762207
63085,0.11379146575927734
63266,0.13022112846374512
60824,0.14527559280395508
60256,0.15667009353637695
61924,0.12431716918945312
62244,0.13161921501159668
61074,0.15152549743652344
60957,0.13162970542907715
61506,0.12330508232116699
60041,0.1255028247833252
60678,0.13908982276916504
60010,0.14448976516723633
59801,0.1353926658630371
61334,0.1429884433746338
60560,0.13973140716552734
60448,0.13929438591003418
61283,0.13925695419311523
60601,0.1413872241973877
60644,0.12908697128295898
60185,0.13830089569091797
60428,0.1306161880493164
60703,0.12982964515686035
60320,0.1222221851348877
60395,0.13064241409301758
61004,0.1357560157775879
62115,0.14800596237182617
62571,0.14897799491882324
61045,0.1362903118133545
60874,0.12520432472229004
62350,0.12836980819702148
62240,0.12470746040344238
61127,0.14875268936157227
62696,0.1371760368347168
62933,0.1361403465270996
61580,0.13105368614196777
61386,0.15031814575195312
60989,0.13833165168762207
61825,0.13813209533691406
61632,0.12399959564208984
67267,0.1428062915802002
67588,0.14068603515625
60496,0.12833142280578613
60149,0.1456160545349121
60314,0.1448962688446045
60591,0.12511849403381348
61264,0.11970758438110352
60041,0.13513708114624023
60925,0.1264500617980957
59985,0.15324163436889648
61889,0.14414191246032715
61650,0.1275486946105957
62373,0.1294093132019043
61326,0.1390841007232666
60432,0.14072680473327637
60823,0.12719941139221191
60750,0.11671972274780273
60819,0.13481354713439941
60862,0.1299452781677246
61348,0.14241671562194824
63542,0.13157153129577637
62905,0.1298229694366455
62449,0.12973833084106445
62752,0.14703893661499023
62661,0.14824962615966797
63504,0.13500308990478516
63348,0.1454315185546875
64465,0.14361786842346191
65602,0.12929701805114746
65791,0.13693451881408691
65770,0.14889860153198242
79091,0.14482712745666504
67977,0.15292024612426758
68257,0.14872074127197266
68689,0.14801335334777832
69637,0.12996959686279297
71052,0.14076018333435059
72907,0.16486215591430664
69799,0.14079523086547852
70284,0.15297794342041016
81894,0.14301061630249023
68761,0.13361191749572754
81757,0.12590622901916504
70162,0.14989209175109863
69807,0.13088536262512207
68311,0.1327979564666748
79628,0.15046167373657227
77954,0.14417243003845215
67329,0.1268763542175293
79118,0.1491374969482422
80951,0.1371924877166748
69083,0.13042783737182617
75784,0.12638187408447266
75262,0.11725902557373047
77418,0.12958407402038574
77254,0.1349802017211914
76533,0.1371293067932129
76374,0.13650751113891602
64140,0.11939573287963867
64253,0.13121652603149414
64034,0.14367151260375977
64509,0.14669156074523926
64235,0.11560821533203125
63879,0.10750961303710938
63823,0.13637447357177734
64292,0.14008593559265137
64204,0.11490201950073242
64251,0.13918566703796387
64528,0.11763882637023926
64499,0.13335657119750977
64791,0.14062047004699707
64535,0.10789966583251953
64688,0.11276125907897949
64875,0.12133622169494629
65722,0.11794114112854004
65905,0.1148533821105957
65525,0.11039853096008301
65832,0.10987043380737305
65856,0.13136553764343262
66066,0.12056398391723633
66602,0.1140904426574707
66032,0.10837268829345703
66000,0.13004565238952637
66187,0.12597227096557617
66574,0.1376640796661377
69014,0.11010146141052246
67196,0.1206967830657959
67058,0.13718843460083008
67029,0.14962363243103027
66694,0.11175251007080078
66248,0.12769746780395508
69842,0.13773536682128906
67501,0.13808369636535645
69682,0.11233115196228027
68980,0.1116178035736084
66018,0.11282539367675781
65993,0.11493182182312012
65524,0.12567496299743652
65240,0.12542462348937988
65609,0.12078285217285156
64167,0.12357807159423828
65176,0.11329436302185059
67116,0.11538982391357422
67942,0.13794732093811035
70589,0.13847827911376953
74874,0.13658833503723145
72051,0.1313009262084961
73925,0.1323843002319336
73523,0.15848302841186523
69525,0.13036131858825684
69671,0.12649750709533691
69695,0.14363694190979004
69322,0.12415909767150879
69608,0.13629770278930664
69745,0.12314534187316895
69808,0.13847589492797852
69341,0.13208651542663574
69911,0.1369030475616455
69929,0.142653226852417
68850,0.13262653350830078
68954,0.13999342918395996
68451,0.15871477127075195
69326,0.11090350151062012
68625,0.14627504348754883
68687,0.13577651977539062
68692,0.13358163833618164
69577,0.14026165008544922
69269,0.1445615291595459
69025,0.13209795951843262
69996,0.12469983100891113
70688,0.13256502151489258
67019,0.13862395286560059
68630,0.14042878150939941
69613,0.12693524360656738
70048,0.12827038764953613
68406,0.13176274299621582
72575,0.1298367977142334
72766,0.13235092163085938
77119,0.14484262466430664
76960,0.1176292896270752
78620,0.15328311920166016
78808,0.15436720848083496
82582,0.17078900337219238
81193,0.17265915870666504
78057,0.15664386749267578
80066,0.1545400619506836
75132,0.15739202499389648
74701,0.15076851844787598
75393,0.13171172142028809
75429,0.16173148155212402
66044,0.13116121292114258
65735,0.13921380043029785
66073,0.1504526138305664
65310,0.12355828285217285
66037,0.13744854927062988
65706,0.14221549034118652
65965,0.14715075492858887
66122,0.1490175724029541
59608,0.11684322357177734
59975,0.13464093208312988
59599,0.14719057083129883
62116,0.1319730281829834
65014,0.11978793144226074
68089,0.1410658359527588
70520,0.12596559524536133
69546,0.138014554977417
69557,0.13666677474975586
69226,0.14361977577209473
69819,0.15164422988891602
60279,0.12827491760253906
58829,0.1383070945739746
58655,0.13108325004577637
58653,0.12475919723510742
59353,0.12206673622131348
60767,0.1440291404724121
60166,0.11822295188903809
58980,0.13870668411254883
59395,0.13636517524719238
58781,0.14249920845031738
59287,0.14009308815002441
59231,0.12113785743713379
58742,0.12462162971496582
58784,0.12434530258178711
59603,0.14498209953308105
59620,0.14389252662658691
59623,0.12738394737243652
59693,0.12735652923583984
59557,0.1348562240600586
60891,0.13745355606079102
59770,0.14624547958374023
58908,0.1378777027130127
61672,0.13103389739990234
65929,0.1502091884613037
59150,0.16033577919006348
59464,0.14493012428283691
59688,0.15018510818481445
65773,0.13791775703430176
70116,0.12288880348205566
70847,0.16808676719665527
68791,0.12518668174743652
69946,0.15547537803649902
70273,0.14091110229492188
72035,0.12709426879882812
72986,0.15802502632141113
75518,0.14896559715270996
70786,0.15064334869384766
70248,0.12122654914855957
70758,0.14753174781799316
71092,0.12894320487976074
75339,0.12933063507080078
71761,0.15029692649841309
72231,0.1290721893310547
70652,0.1403052806854248
70381,0.13312935829162598
70624,0.13529372215270996
70626,0.13918757438659668
71206,0.14444494247436523
79280,0.13164758682250977
79184,0.12052416801452637
78567,0.13205742835998535
78456,0.1598355770111084
82343,0.13141417503356934
86994,0.11869215965270996
85764,0.1564934253692627
84487,0.1531965732574463
81004,0.15388131141662598
87163,0.16538500785827637
88978,0.17136311531066895
84620,0.1778109073638916
84685,0.176011323928833
81941,0.15849709510803223
83534,0.19468259811401367
82820,0.15816879272460938
81111,0.18074607849121094
90984,0.16634893417358398
87008,0.18165969848632812
88875,0.17222285270690918
85489,0.15232157707214355
82874,0.16640591621398926
81043,0.18823766708374023
82385,0.17258095741271973
82627,0.16468405723571777
81368,0.1592104434967041
81330,0.1731259822845459
81018,0.17047953605651855
82483,0.14209794998168945
82040,0.1672375202178955
83324,0.15957951545715332
82967,0.1816854476928711
80705,0.15630841255187988
88980,0.1602315902709961
82222,0.15943002700805664
85153,0.14986109733581543
87034,0.15848946571350098
83914,0.1710672378540039
87516,0.16568541526794434
84264,0.15331602096557617
83534,0.16352462768554688
84332,0.16553616523742676
86165,0.16112470626831055
84252,0.18105840682983398
81132,0.1668074131011963
81167,0.15966081619262695
81089,0.18255043029785156
87265,0.17649340629577637
89637,0.15392279624938965
84940,0.15453338623046875
86497,0.17488455772399902
89729,0.18186068534851074
84674,0.1707444190979004
85138,0.15340113639831543
87615,0.176255464553833
80996,0.17422795295715332
81936,0.17270755767822266
83226,0.18436193466186523
86324,0.1788637638092041
81382,0.18606305122375488
83817,0.15907001495361328
83864,0.168290376663208
86924,0.15687847137451172
90719,0.1489570140838623
81125,0.1370854377746582
81231,0.15732145309448242
81668,0.15730571746826172
82575,0.17374944686889648
82711,0.15230536460876465
83222,0.16652727127075195
81166,0.18043756484985352
81304,0.15626120567321777
81396,0.15498924255371094
81203,0.15114665031433105
82030,0.15739727020263672
79199,0.1828019618988037
87623,0.16215777397155762
80782,0.15087413787841797
80647,0.16476750373840332
80888,0.1620039939880371
79594,0.16305184364318848
80169,0.1649940013885498
78620,0.17803096771240234
80619,0.1707935333251953
80018,0.14958477020263672
83066,0.15088987350463867
82149,0.15533852577209473
81873,0.154280424118042
81548,0.15779495239257812
80658,0.14850664138793945
79756,0.18530583381652832
79907,0.18911480903625488
80292,0.15674567222595215
80094,0.18018841743469238
79500,0.15483617782592773
79336,0.15960359573364258
81004,0.15709805488586426
82199,0.16159653663635254
79436,0.14664554595947266
83659,0.15930724143981934
77789,0.1663825511932373
80552,0.1856670379638672
83268,0.17373275756835938
86958,0.175065279006958
83412,0.15437054634094238
85812,0.17487072944641113
85334,0.16037273406982422
79277,0.1822662353515625
79484,0.14842772483825684
79844,0.18376660346984863
82365,0.16036486625671387
82489,0.18776631355285645
78530,0.17945289611816406
81833,0.16210508346557617
78945,0.15662884712219238
78476,0.16278505325317383
79320,0.16447186470031738
80647,0.15596961975097656
83717,0.1545708179473877
86625,0.16958975791931152
