28914,0.08180093765258789
29022,0.09488058090209961
29663,0.10610055923461914
29445,0.09508752822875977
29268,0.08167839050292969
28813,0.11859893798828125
29345,0.11382555961608887
29228,0.1170957088470459
29162,0.1138298511505127
29122,0.10294651985168457
28950,0.09343624114990234
28929,0.09241700172424316
28974,0.0889434814453125
29070,0.11466240882873535
28798,0.08921694755554199
28544,0.10737228393554688
28428,0.10958170890808105
28630,0.0903480052947998
28742,0.12272453308105469
28625,0.09461045265197754
28931,0.11518192291259766
28762,0.09381842613220215
29002,0.11204075813293457
28824,0.09500885009765625
28927,0.10988998413085938
28894,0.09562158584594727
26525,0.11069202423095703
26689,0.08649182319641113
26865,0.10284805297851562
26564,0.09507155418395996
26338,0.09439659118652344
26800,0.0916750431060791
26048,0.0964207649230957
26187,0.09914398193359375
26220,0.0957174301147461
26099,0.0696403980255127
26293,0.10283493995666504
26288,0.09570860862731934
26343,0.09957289695739746
26289,0.09604430198669434
26401,0.0982816219329834
26419,0.1051485538482666
26386,0.09171271324157715
26465,0.10933732986450195
26337,0.09139370918273926
26361,0.11107420921325684
26441,0.0955820083618164
26340,0.09198713302612305
26487,0.10286521911621094
26446,0.09493017196655273
26286,0.09835982322692871
26092,0.12172460556030273
26477,0.0747215747833252
26472,0.09180426597595215
26484,0.10184860229492188
26507,0.09337401390075684
26583,0.0929107666015625
26529,0.10628557205200195
26460,0.0911409854888916
26513,0.09592962265014648
26552,0.09483528137207031
26548,0.09681391716003418
26561,0.09718990325927734
26684,0.07268714904785156
26643,0.09133052825927734
26681,0.0950162410736084
26741,0.09819221496582031
27018,0.09004497528076172
27258,0.10553789138793945
27534,0.10149478912353516
27799,0.09485673904418945
25696,0.09640073776245117
26394,0.09037446975708008
26587,0.09521937370300293
26494,0.10163545608520508
26557,0.09182024002075195
26557,0.09540867805480957
26614,0.11770462989807129
26723,0.08968830108642578
26714,0.10309934616088867
27211,0.09492754936218262
26344,0.09653401374816895
26863,0.1069638729095459
27607,0.0855708122253418
26907,0.10002541542053223
26155,0.09580206871032715
27266,0.09302997589111328
27606,0.0971825122833252
27211,0.09513092041015625
26642,0.08708047866821289
27268,0.09287166595458984
27086,0.09199070930480957
26583,0.09668207168579102
26885,0.09407663345336914
27042,0.10913586616516113
27221,0.09633302688598633
26885,0.10030913352966309
26414,0.09510207176208496
27773,0.10444521903991699
27784,0.09539508819580078
26205,0.09466814994812012
26931,0.09426760673522949
26687,0.09838271141052246
26578,0.10234975814819336
26643,0.09086728096008301
26638,0.09338545799255371
26601,0.11836862564086914
26623,0.09599781036376953
26567,0.09432268142700195
26642,0.09069490432739258
26582,0.10204005241394043
26558,0.0934906005859375
26635,0.09436821937561035
26624,0.10473299026489258
26580,0.09413719177246094
26698,0.09587574005126953
26693,0.09055566787719727
26784,0.08973979949951172
26688,0.09505844116210938
26787,0.09825706481933594
26946,0.09392499923706055
26853,0.0901484489440918
26991,0.0956733226776123
27593,0.09442830085754395
26507,0.10049319267272949
26723,0.09253716468811035
26692,0.09104657173156738
26637,0.09963536262512207
26605,0.09318208694458008
26559,0.12278223037719727
26717,0.09608936309814453
26629,0.09715795516967773
26845,0.09721827507019043
26839,0.09959959983825684
26898,0.09563326835632324
26866,0.06494140625
26761,0.10104560852050781
26932,0.09955525398254395
26839,0.09175467491149902
26810,0.09995508193969727
26715,0.11272740364074707
26829,0.09551858901977539
26851,0.09619426727294922
26833,0.11312150955200195
26740,0.06801223754882812
26743,0.09769749641418457
26805,0.0964515209197998
26729,0.09689807891845703
26747,0.09429192543029785
26819,0.08768653869628906
26792,0.09451031684875488
26816,0.10148072242736816
26656,0.09622883796691895
26722,0.0975182056427002
26697,0.09834623336791992
26723,0.1113431453704834
26734,0.06525254249572754
26726,0.0952908992767334
26848,0.10161089897155762
26657,0.09638428688049316
26780,0.10041308403015137
26856,0.10643815994262695
26856,0.10643815994262695
27422,0.09468626976013184
27417,0.10866546630859375
27462,0.1179056167602539
27514,0.1019437313079834
27637,0.08365821838378906
27508,0.09353184700012207
27609,0.09258484840393066
27609,0.10348391532897949
27523,0.09518170356750488
27475,0.0946969985961914
27540,0.11585807800292969
27596,0.09104609489440918
27599,0.10760831832885742
27538,0.09498381614685059
27647,0.11021542549133301
27630,0.09051275253295898
27480,0.0930483341217041
27572,0.11452746391296387
27450,0.09122848510742188
27378,0.0900106430053711
27322,0.07260942459106445
27349,0.09478282928466797
27417,0.10097074508666992
27437,0.11273384094238281
27592,0.08617186546325684
27570,0.09825301170349121
27617,0.09841680526733398
27604,0.11695289611816406
27481,0.11442828178405762
27546,0.11179018020629883
27552,0.09357404708862305
27884,0.08478689193725586
27569,0.0949556827545166
27678,0.09585762023925781
27661,0.10020279884338379
26659,0.08970904350280762
27928,0.09599614143371582
27671,0.11329293251037598
27839,0.09239673614501953
27816,0.1003870964050293
27541,0.09925436973571777
27419,0.10884356498718262
27404,0.09543347358703613
27360,0.10124588012695312
27372,0.07213997840881348
27321,0.11255192756652832
27255,0.0978848934173584
27433,0.10862970352172852
27465,0.07315421104431152
27297,0.08802986145019531
27402,0.11744832992553711
27600,0.09099769592285156
27493,0.10086727142333984
27618,0.0944211483001709
27545,0.08834528923034668
27524,0.08922386169433594
27682,0.09762859344482422
27500,0.09897565841674805
27451,0.09018754959106445
27503,0.07589292526245117
27641,0.07522201538085938
26623,0.08681750297546387
26441,0.09649157524108887
27445,0.1153721809387207
27501,0.08261346817016602
27586,0.09964394569396973
27452,0.0950477123260498
27268,0.09435129165649414
27324,0.09277176856994629
27530,0.09561896324157715
27456,0.07331490516662598
27496,0.1100001335144043
27620,0.08640742301940918
27626,0.09940052032470703
27617,0.09364461898803711
27667,0.09279465675354004
27477,0.0923624038696289
27500,0.08059358596801758
27537,0.09518980979919434
27546,0.10111808776855469
27513,0.09879660606384277
27426,0.09356832504272461
27501,0.10100030899047852
27450,0.10182929039001465
27445,0.1003866195678711
27524,0.09809422492980957
27843,0.10341382026672363
27622,0.1260511875152588
27486,0.09862613677978516
27305,0.09515571594238281
27414,0.0883324146270752
27552,0.1087806224822998
27356,0.11482763290405273
27542,0.08289432525634766
27723,0.09684944152832031
27346,0.09151983261108398
27503,0.099151611328125
27688,0.09073400497436523
27755,0.09260320663452148
27718,0.09456562995910645
27792,0.10260534286499023
27869,0.1145477294921875
27835,0.06834530830383301
27721,0.09894943237304688
27741,0.09428977966308594
27570,0.1116032600402832
27708,0.0968179702758789
27785,0.08325791358947754
27836,0.1104743480682373
27728,0.11371445655822754
27770,0.11725997924804688
27735,0.1114647388458252
27833,0.1042327880859375
27729,0.09860587120056152
27722,0.08277654647827148
27574,0.09067630767822266
27600,0.09393858909606934
27560,0.09489870071411133
27536,0.11635255813598633
27255,0.10851454734802246
27172,0.10608243942260742
27467,0.11430191993713379
27516,0.09421610832214355
27296,0.10054683685302734
27523,0.07729625701904297
27359,0.09402799606323242
27357,0.09124302864074707
27120,0.08689546585083008
26937,0.11266398429870605
27059,0.11622095108032227
27066,0.09344029426574707
30917,0.11831045150756836
30753,0.11373758316040039
30612,0.07544136047363281
30278,0.1136174201965332
30565,0.09609413146972656
29928,0.10647821426391602
31039,0.09747695922851562
30631,0.09657406806945801
31031,0.1153104305267334
29919,0.09261298179626465
29942,0.09130072593688965
30232,0.1062779426574707
30211,0.11189770698547363
30172,0.09990668296813965
29902,0.09880208969116211
30445,0.09032535552978516
31227,0.1140906810760498
30760,0.11551427841186523
30802,0.09184908866882324
30487,0.0941624641418457
30979,0.08782267570495605
30344,0.11445903778076172
30657,0.10997676849365234
30573,0.09339451789855957
30477,0.09545469284057617
30549,0.11489033699035645
30592,0.09107136726379395
28377,0.09530282020568848
28378,0.1214897632598877
28344,0.11084175109863281
28482,0.09651350975036621
28459,0.09644174575805664
28446,0.09848475456237793
28451,0.1165924072265625
28535,0.09256315231323242
28457,0.09253549575805664
28403,0.09853720664978027
28541,0.09528279304504395
28505,0.11429858207702637
28318,0.09224724769592285
28444,0.11138153076171875
28414,0.06399917602539062
28393,0.09450960159301758
28411,0.09483122825622559
28373,0.09853196144104004
28707,0.08182621002197266
28749,0.09578347206115723
28831,0.09133243560791016
28780,0.09874343872070312
28862,0.10502004623413086
28731,0.09590601921081543
28709,0.1133430004119873
28815,0.09381484985351562
28686,0.09405755996704102
28734,0.11295294761657715
28846,0.09884166717529297
28954,0.08724260330200195
29067,0.08637714385986328
29187,0.09271121025085449
29207,0.11285638809204102
29141,0.09726333618164062
28337,0.09882402420043945
28232,0.11248970031738281
27403,0.10846543312072754
28212,0.0899665355682373
28413,0.09277081489562988
28536,0.12468719482421875
28823,0.1029973030090332
28951,0.09299230575561523
28993,0.09303140640258789
29104,0.09581160545349121
29497,0.10076618194580078
29560,0.07652020454406738
27501,0.09853339195251465
26420,0.0691061019897461
27813,0.0988008975982666
27067,0.11150860786437988
28081,0.1033933162689209
28378,0.09344124794006348
28273,0.08142542839050293
28441,0.08984804153442383
28552,0.09859704971313477
28384,0.09437108039855957
28326,0.10411405563354492
28498,0.07514786720275879
28299,0.08576011657714844
28321,0.08676719665527344
28240,0.08277750015258789
28053,0.09264898300170898
27808,0.07544922828674316
27872,0.09375476837158203
28354,0.11450767517089844
28063,0.09089851379394531
28364,0.08977246284484863
28167,0.08735394477844238
28459,0.09798312187194824
28162,0.08615803718566895
28140,0.1045372486114502
28115,0.09371066093444824
28230,0.09186625480651855
28231,0.09610700607299805
28165,0.09579873085021973
28022,0.10053324699401855
27896,0.08201718330383301
27476,0.08527207374572754
27380,0.07755064964294434
27380,0.07755064964294434
25057,0.12066912651062012
25349,0.09251165390014648
25148,0.10878515243530273
24534,0.08686494827270508
24364,0.0959317684173584
25221,0.09428024291992188
24737,0.09817981719970703
24210,0.08691096305847168
25051,0.0897066593170166
25181,0.10030341148376465
25209,0.09224271774291992
25340,0.09530878067016602
28050,0.0651698112487793
28054,0.0898895263671875
27906,0.0989232063293457
27943,0.09324955940246582
28050,0.08669567108154297
27821,0.11392378807067871
28161,0.11101341247558594
28161,0.11101341247558594
26829,0.10732483863830566
26874,0.1151423454284668
26682,0.09217691421508789
25485,0.10784006118774414
24235,0.08786225318908691
24660,0.10881805419921875
24257,0.10981345176696777
24477,0.09862327575683594
24514,0.10730624198913574
25159,0.09055614471435547
26410,0.10424041748046875
26965,0.11441397666931152
27250,0.08907747268676758
26950,0.10647106170654297
26678,0.1049201488494873
26332,0.11202764511108398
26560,0.10725879669189453
26581,0.08176660537719727
26776,0.08682370185852051
26838,0.10800409317016602
26781,0.11164975166320801
26786,0.08948969841003418
26808,0.10895419120788574
26768,0.1078486442565918
26837,0.08456110954284668
26808,0.10790848731994629
26834,0.11158442497253418
26864,0.09061288833618164
26983,0.09395241737365723
26922,0.10877132415771484
27026,0.09072732925415039
27106,0.09148764610290527
27156,0.10385966300964355
27163,0.09724140167236328
27200,0.06786346435546875
31956,0.09580278396606445
31667,0.09515023231506348
31667,0.09515023231506348
25485,0.08846378326416016
26346,0.11085844039916992
26050,0.091949462890625
26185,0.0863344669342041
26066,0.09326028823852539
26078,0.09214472770690918
25858,0.1028604507446289
26024,0.10727334022521973
25455,0.08887243270874023
26364,0.06426119804382324
26045,0.09228920936584473
26293,0.09226274490356445
26257,0.08872795104980469
25680,0.09070873260498047
25574,0.0879359245300293
25997,0.08957600593566895
26281,0.08705019950866699
26116,0.0735924243927002
26212,0.09177231788635254
26282,0.11073017120361328
26262,0.09074044227600098
27132,0.09093570709228516
27073,0.10290670394897461
27013,0.0908513069152832
27201,0.10768914222717285
27302,0.0897517204284668
27800,0.08990645408630371
28309,0.09195446968078613
28349,0.09419441223144531
28179,0.10909700393676758
27971,0.1029670238494873
27246,0.10273098945617676
27195,0.10820436477661133
27907,0.08935284614562988
27412,0.10954070091247559
27520,0.09036946296691895
27611,0.0777730941772461
27719,0.11108088493347168
28141,0.09000778198242188
27879,0.08678030967712402
27488,0.08856654167175293
27609,0.09547162055969238
28902,0.1096034049987793
28531,0.11550045013427734
28596,0.09238839149475098
28472,0.09226441383361816
28408,0.10418105125427246
28401,0.08000493049621582
28501,0.10578632354736328
28408,0.0896146297454834
28532,0.08897781372070312
28731,0.08230805397033691
28669,0.0913999080657959
28737,0.09013152122497559
28731,0.08507776260375977
28859,0.09017252922058105
28853,0.11172056198120117
28057,0.10072994232177734
27691,0.09261631965637207
27889,0.08897137641906738
28471,0.0924689769744873
27376,0.11059689521789551
27116,0.11168217658996582
28302,0.10233950614929199
27970,0.09127926826477051
27887,0.09243059158325195
28639,0.10705852508544922
28128,0.08899354934692383
27374,0.08840274810791016
27427,0.08880138397216797
28360,0.11025857925415039
27672,0.09171295166015625
27836,0.10645055770874023
28201,0.09272170066833496
27581,0.09051322937011719
27375,0.08485555648803711
28404,0.08451724052429199
28416,0.1121828556060791
28205,0.10698866844177246
27904,0.10870170593261719
27918,0.09239411354064941
28496,0.09037399291992188
28527,0.09103822708129883
28005,0.09107279777526855
27210,0.08537554740905762
28591,0.08897161483764648
28620,0.08672642707824707
28579,0.08245134353637695
28601,0.09160113334655762
28643,0.0908973217010498
28636,0.09069180488586426
28754,0.11850166320800781
28722,0.07651758193969727
28332,0.08893752098083496
28292,0.10581612586975098
27645,0.08887529373168945
27774,0.09365296363830566
28173,0.09095954895019531
28647,0.0906519889831543
28540,0.09004878997802734
28470,0.08175921440124512
28505,0.08556413650512695
28523,0.10824084281921387
28594,0.10989809036254883
28707,0.10093450546264648
28629,0.08659958839416504
28678,0.11053657531738281
27555,0.08840489387512207
28036,0.0853738784790039
28272,0.0896141529083252
28430,0.1088249683380127
28490,0.10801959037780762
28553,0.10460376739501953
28470,0.11038494110107422
28630,0.09390878677368164
28567,0.08796906471252441
28610,0.08167243003845215
28676,0.08281636238098145
28627,0.08092236518859863
28583,0.08387613296508789
28731,0.0889286994934082
28686,0.11086845397949219
28170,0.10694217681884766
28117,0.08672785758972168
27081,0.08621859550476074
27757,0.09231090545654297
27086,0.08762788772583008
29189,0.10614919662475586
28571,0.09046721458435059
28548,0.10150265693664551
28640,0.08473587036132812
28597,0.09034872055053711
28519,0.11945867538452148
28787,0.09229683876037598
28607,0.1030282974243164
28470,0.08289265632629395
28274,0.09115886688232422
28198,0.0854496955871582
28131,0.08854961395263672
27605,0.0910634994506836
27362,0.10791540145874023
