78563,0.17468857765197754
79188,0.13911747932434082
76999,0.13405203819274902
78239,0.13967418670654297
81320,0.16804265975952148
74025,0.1577138900756836
71748,0.14279484748840332
70783,0.14147472381591797
68473,0.1495370864868164
68106,0.14400863647460938
70652,0.15856122970581055
70845,0.18299627304077148
68106,0.1636676788330078
68578,0.1562182903289795
68834,0.16000127792358398
69399,0.1372392177581787
67485,0.15493535995483398
68774,0.1372222900390625
70686,0.15292882919311523
71054,0.15543770790100098
72843,0.1376938819885254
70996,0.13641357421875
72026,0.18065738677978516
69310,0.197068452835083
70874,0.1606740951538086
70974,0.15175843238830566
79271,0.13988041877746582
81768,0.1607518196105957
79179,0.16457819938659668
83494,0.1884307861328125
87389,0.14145541191101074
83178,0.14454984664916992
84687,0.14438915252685547
81769,0.1167287826538086
80668,0.13433480262756348
83046,0.1261463165283203
81997,0.13602828979492188
81551,0.13787317276000977
80326,0.1677570343017578
80363,0.14026737213134766
82433,0.1336507797241211
80675,0.16402244567871094
80090,0.13997673988342285
81639,0.1958460807800293
82337,0.18451285362243652
82056,0.1360476016998291
80660,0.1676959991455078
80740,0.140272855758667
82956,0.13932394981384277
80871,0.1559150218963623
83235,0.150071382522583
82934,0.13736653327941895
80545,0.1725759506225586
81561,0.1364586353302002
79819,0.13829255104064941
82196,0.13647079467773438
81747,0.1360621452331543
82734,0.13265705108642578
83153,0.14284586906433105
84853,0.1846015453338623
82405,0.1362462043762207
82620,0.14160394668579102
82653,0.1357889175415039
84022,0.14195513725280762
82576,0.17690324783325195
84544,0.1442711353302002
83556,0.13642120361328125
82828,0.16274189949035645
82882,0.13705801963806152
83848,0.1323554515838623
77361,0.1358323097229004
79013,0.15645813941955566
82619,0.16323304176330566
85136,0.17682576179504395
86377,0.1358799934387207
84338,0.13685965538024902
81931,0.18374872207641602
81918,0.12497687339782715
82783,0.13839459419250488
86678,0.1406993865966797
83327,0.14623761177062988
90267,0.16360926628112793
84972,0.13463973999023438
83264,0.1603837013244629
89786,0.1615145206451416
93792,0.15083670616149902
85892,0.13725805282592773
87016,0.16084814071655273
88882,0.13892197608947754
92158,0.1794900894165039
88021,0.22253990173339844
84259,0.15282630920410156
86817,0.1272566318511963
86199,0.16135072708129883
81857,0.12153434753417969
81098,0.17738747596740723
82412,0.15195465087890625
89291,0.14174151420593262
85035,0.14646267890930176
83191,0.14107942581176758
84779,0.18161940574645996
85239,0.17830324172973633
81351,0.1821427345275879
81173,0.14674067497253418
82369,0.17256784439086914
83290,0.14936351776123047
83475,0.14011120796203613
82397,0.13161396980285645
81572,0.14825963973999023
83490,0.13516712188720703
83412,0.13619112968444824
83014,0.13357138633728027
81830,0.1402130126953125
81735,0.18449974060058594
82112,0.13537979125976562
81407,0.13721394538879395
83661,0.15469908714294434
82767,0.16993379592895508
82444,0.16087794303894043
81907,0.14448046684265137
83401,0.11584877967834473
83803,0.14716386795043945
84701,0.13582921028137207
81608,0.13686847686767578
84857,0.18865561485290527
83520,0.16673827171325684
84445,0.18024063110351562
84099,0.1714458465576172
83184,0.13833093643188477
83881,0.16800713539123535
84109,0.17108488082885742
82915,0.16289114952087402
82839,0.14120697975158691
85225,0.13524508476257324
82496,0.15038347244262695
80688,0.14495539665222168
81565,0.13564825057983398
83327,0.1618175506591797
84368,0.14383244514465332
80775,0.13664579391479492
80647,0.13281011581420898
79641,0.14731979370117188
82039,0.16471219062805176
82221,0.16142606735229492
81381,0.15898895263671875
80263,0.1313037872314453
79757,0.14334630966186523
81652,0.16731595993041992
82065,0.13517522811889648
80634,0.17966485023498535
80230,0.18054461479187012
79212,0.1274700164794922
79055,0.11942362785339355
79309,0.1520092487335205
78965,0.12225818634033203
77529,0.13146138191223145
80122,0.13872957229614258
79168,0.13619017601013184
78951,0.16087865829467773
78422,0.16954421997070312
76754,0.13611197471618652
78786,0.18381094932556152
79044,0.14359092712402344
59741,0.12130999565124512
58699,0.1333625316619873
59782,0.1455860137939453
59612,0.15987920761108398
59900,0.13360047340393066
59500,0.15954184532165527
59437,0.15222907066345215
59553,0.13445162773132324
59568,0.15050292015075684
59445,0.16396570205688477
59571,0.129011869430542
59905,0.17375993728637695
59746,0.12708330154418945
59351,0.1365211009979248
60000,0.14969277381896973
59296,0.18559789657592773
59502,0.12989163398742676
59900,0.1456141471862793
59615,0.16910457611083984
59716,0.15691757202148438
59999,0.16656160354614258
60208,0.12037992477416992
60238,0.15689635276794434
60347,0.13390779495239258
59890,0.1651914119720459
60320,0.16660833358764648
60565,0.11770486831665039
60295,0.17371726036071777
60272,0.13444089889526367
61100,0.12979841232299805
60074,0.13725566864013672
62557,0.18139934539794922
61531,0.13228130340576172
61129,0.17932915687561035
62111,0.13374924659729004
65854,0.1326909065246582
57714,0.15570902824401855
61804,0.13228678703308105
61189,0.13625001907348633
62083,0.1319561004638672
67364,0.1770012378692627
61272,0.16956257820129395
61017,0.15449261665344238
60987,0.12615275382995605
61455,0.17719531059265137
60360,0.16120457649230957
60944,0.1508340835571289
60971,0.13138890266418457
60929,0.1872110366821289
61193,0.15272212028503418
60932,0.15874195098876953
60789,0.13361406326293945
60999,0.13451552391052246
61128,0.16482234001159668
60682,0.1210932731628418
60823,0.151641845703125
61361,0.17556452751159668
61353,0.1568894386291504
60532,0.1574106216430664
60488,0.13828825950622559
61615,0.13342666625976562
62953,0.16157126426696777
62698,0.1309521198272705
62856,0.16807174682617188
60667,0.14720559120178223
61241,0.1342308521270752
61753,0.1434156894683838
62516,0.16557598114013672
62055,0.13315391540527344
60884,0.13256168365478516
61811,0.1333780288696289
60646,0.16518712043762207
61504,0.12286543846130371
60816,0.13652873039245605
61612,0.12319731712341309
61554,0.15396761894226074
61000,0.18697381019592285
61669,0.13550853729248047
61044,0.16700053215026855
61153,0.1333155632019043
61264,0.1340489387512207
61289,0.16841387748718262
61161,0.17122721672058105
57721,0.18611502647399902
61088,0.13557815551757812
61156,0.16336774826049805
62627,0.1620018482208252
63581,0.14169883728027344
61832,0.13506078720092773
61459,0.12482070922851562
62500,0.15346384048461914
62560,0.13507413864135742
61268,0.16263723373413086
60736,0.13439345359802246
62865,0.13530898094177246
61926,0.1681535243988037
61829,0.156097412109375
62310,0.17203116416931152
61228,0.1361069679260254
61869,0.1329200267791748
59984,0.13379955291748047
60443,0.12823820114135742
61074,0.13893961906433105
61055,0.13807415962219238
61002,0.15696382522583008
62017,0.13971638679504395
61969,0.15616941452026367
61371,0.13239288330078125
60457,0.139937162399292
61530,0.13463115692138672
61912,0.13403582572937012
62758,0.16035103797912598
63018,0.16204190254211426
62345,0.15338373184204102
61902,0.13700342178344727
62119,0.1192624568939209
62229,0.13555097579956055
62601,0.16392731666564941
62380,0.13205337524414062
61740,0.134537935256958
63054,0.13485240936279297
62977,0.15136504173278809
62609,0.1292128562927246
63400,0.13468432426452637
63487,0.13349342346191406
63742,0.16454148292541504
64010,0.1321244239807129
64091,0.13408327102661133
65187,0.14164948463439941
64792,0.15240144729614258
61568,0.12260246276855469
105850,0.13495731353759766
95488,0.1406407356262207
105037,0.18306207656860352
103268,0.14685821533203125
109660,0.13504266738891602
111222,0.14020204544067383
107246,0.1524062156677246
107204,0.13749909400939941
109388,0.16314029693603516
105436,0.14194202423095703
106760,0.14944076538085938
108274,0.13019704818725586
107989,0.13734769821166992
108291,0.1341707706451416
105013,0.14763331413269043
103443,0.15480828285217285
103743,0.14103007316589355
104061,0.1351025104522705
105906,0.1357581615447998
111205,0.13635849952697754
105592,0.1950206756591797
101936,0.12894177436828613
101070,0.14625072479248047
101739,0.15929079055786133
101179,0.1359550952911377
100178,0.15886139869689941
100378,0.1408979892730713
76080,0.13780760765075684
75581,0.18802547454833984
76942,0.12214183807373047
75825,0.16288089752197266
75505,0.13944244384765625
75859,0.14048337936401367
76930,0.11407089233398438
76849,0.11102986335754395
77218,0.17652034759521484
76771,0.11314988136291504
77099,0.13648462295532227
76653,0.15814447402954102
76143,0.09014630317687988
78057,0.15662503242492676
76378,0.1205434799194336
77753,0.18205046653747559
77532,0.14719867706298828
79188,0.17827272415161133
78257,0.15016388893127441
80068,0.15482831001281738
79334,0.1818404197692871
78524,0.12248706817626953
79065,0.17268776893615723
78954,0.15972065925598145
78978,0.15429210662841797
78968,0.16902971267700195
79672,0.1318042278289795
80981,0.15333151817321777
79240,0.1507713794708252
80995,0.1092982292175293
80158,0.16975951194763184
79984,0.15386319160461426
79275,0.12471652030944824
80212,0.12608551979064941
80515,0.15302562713623047
80923,0.13225817680358887
81687,0.1237640380859375
79655,0.12329339981079102
78175,0.14688467979431152
77062,0.11089539527893066
73662,0.13237810134887695
72841,0.1365816593170166
74978,0.13911151885986328
74922,0.1499323844909668
80687,0.12467455863952637
80341,0.12679743766784668
71914,0.14210104942321777
72623,0.12900757789611816
73343,0.13228154182434082
71082,0.15787672996520996
73153,0.1424412727355957
73249,0.13947033882141113
71933,0.17212390899658203
71403,0.1308283805847168
70253,0.16853618621826172
70669,0.1392209529876709
71444,0.1370704174041748
71065,0.1340193748474121
71329,0.1348416805267334
71541,0.12559175491333008
71863,0.1420001983642578
71558,0.13532447814941406
70399,0.1343994140625
71290,0.14001870155334473
71682,0.1339249610900879
71088,0.1580977439880371
70518,0.16462159156799316
69020,0.12692737579345703
71433,0.1602182388305664
70514,0.1450350284576416
71660,0.1368858814239502
71533,0.1363670825958252
71423,0.1357426643371582
72391,0.13358736038208008
71253,0.16742777824401855
69779,0.13438105583190918
70584,0.13688302040100098
71265,0.17506670951843262
71341,0.1731407642364502
70052,0.1365797519683838
89218,0.14810800552368164
90216,0.15441298484802246
89744,0.15999579429626465
93345,0.16088461875915527
98384,0.1454298496246338
95536,0.20068955421447754
93217,0.15229415893554688
95296,0.15325522422790527
88411,0.1846933364868164
90015,0.1397230625152588
90421,0.15900254249572754
91539,0.16054391860961914
81517,0.11658787727355957
81924,0.1493360996246338
69407,0.16996431350708008
80883,0.1248617172241211
80372,0.17428946495056152
81214,0.17650341987609863
69721,0.14862895011901855
81340,0.14654898643493652
61674,0.12604546546936035
60659,0.12099814414978027
61389,0.13186931610107422
62045,0.11975812911987305
64520,0.12377047538757324
67217,0.14463424682617188
68664,0.1466846466064453
68014,0.18386292457580566
67461,0.13121461868286133
65142,0.12973499298095703
69040,0.12245655059814453
62508,0.11972951889038086
60428,0.15369176864624023
61925,0.16821551322937012
60675,0.14551234245300293
60488,0.15626072883605957
60838,0.14530491828918457
59921,0.12018585205078125
60025,0.1449899673461914
60918,0.17252445220947266
60137,0.17040705680847168
60631,0.12019491195678711
61093,0.145951509475708
60307,0.13391327857971191
60488,0.1417863368988037
61086,0.12265753746032715
60851,0.14496397972106934
60908,0.12801194190979004
61041,0.1276230812072754
59683,0.1317908763885498
62138,0.1493544578552246
61218,0.17398715019226074
60995,0.17545461654663086
89906,0.1253204345703125
88237,0.11997294425964355
79079,0.12162303924560547
80841,0.12036466598510742
78345,0.12300634384155273
68817,0.15413618087768555
66481,0.18055987358093262
67844,0.12747931480407715
65826,0.1444551944732666
68650,0.14985203742980957
68231,0.1351909637451172
69381,0.1283891201019287
69506,0.1267530918121338
72887,0.12292885780334473
68284,0.1490321159362793
67027,0.12342071533203125
68071,0.12477660179138184
68329,0.14693737030029297
72620,0.163191556930542
70065,0.12570500373840332
70388,0.13126087188720703
69075,0.14409112930297852
67797,0.13982844352722168
68681,0.1240692138671875
68663,0.15875506401062012
69813,0.14215469360351562
79362,0.14595699310302734
79231,0.12698817253112793
78924,0.1499161720275879
79279,0.14503979682922363
82004,0.14411473274230957
90702,0.15111613273620605
90345,0.14142632484436035
89082,0.1477820873260498
90190,0.1329789161682129
91780,0.1764082908630371
91526,0.19055795669555664
90086,0.13607120513916016
85973,0.173112154006958
82117,0.13111543655395508
87303,0.1554262638092041
88212,0.16805315017700195
85572,0.15095734596252441
93796,0.157789945602417
91882,0.14847230911254883
93219,0.12744569778442383
91281,0.13678407669067383
89330,0.1307082176208496
87712,0.16309905052185059
86856,0.12857961654663086
87378,0.13453340530395508
87371,0.1319746971130371
87459,0.11795616149902344
87344,0.1342606544494629
89990,0.12551331520080566
88413,0.15103459358215332
88884,0.19359993934631348
89381,0.15356159210205078
88177,0.2044837474822998
90747,0.1350419521331787
89984,0.14813876152038574
88153,0.12247467041015625
90492,0.12259769439697266
91972,0.12350583076477051
92449,0.12876629829406738
84143,0.12420248985290527
87736,0.14107584953308105
90176,0.1613619327545166
87724,0.1887366771697998
88224,0.15039563179016113
92287,0.18013381958007812
88351,0.14844155311584473
89396,0.17873716354370117
91685,0.15694522857666016
94363,0.12752604484558105
89553,0.16599798202514648
92413,0.13460445404052734
94493,0.12914824485778809
90365,0.14256596565246582
91255,0.14635491371154785
94552,0.17479181289672852
89192,0.14955997467041016
83768,0.15933465957641602
89733,0.18864750862121582
92234,0.1693267822265625
89992,0.17240190505981445
88963,0.15746021270751953
88616,0.12828683853149414
91902,0.15352487564086914
94574,0.1233980655670166
86133,0.14754819869995117
88068,0.1307666301727295
88777,0.12036585807800293
88347,0.16704297065734863
88368,0.15133118629455566
87973,0.12245798110961914
87702,0.1746065616607666
88166,0.152055025100708
86334,0.13023877143859863
86213,0.13117432594299316
85028,0.1269702911376953
84166,0.15830302238464355
90614,0.13793063163757324
89306,0.13118505477905273
89199,0.13568639755249023
87826,0.12326478958129883
85992,0.15956401824951172
84862,0.18074440956115723
86408,0.1621994972229004
88350,0.1553192138671875
88065,0.12230777740478516
88555,0.15247702598571777
88109,0.1221470832824707
88809,0.12872028350830078
88299,0.1300039291381836
87430,0.11997580528259277
86430,0.1462104320526123
87585,0.1250772476196289
89012,0.1782078742980957
87771,0.125838041305542
87912,0.12333440780639648
88009,0.14151430130004883
86587,0.12989473342895508
90104,0.173248291015625
89192,0.15577197074890137
89221,0.13251900672912598
88818,0.15738892555236816
88658,0.17883896827697754
89662,0.12456011772155762
92357,0.13185930252075195
88813,0.14412403106689453
91680,0.15314006805419922
89480,0.1265697479248047
86552,0.1524035930633545
84998,0.12414836883544922
86719,0.13068389892578125
87747,0.18898344039916992
86771,0.17570233345031738
87816,0.1588585376739502
89253,0.13773298263549805
86952,0.12517356872558594
85356,0.1258556842803955
86715,0.15847396850585938
88840,0.12850260734558105
91912,0.15124201774597168
90131,0.17610716819763184
