26164,0.08823370933532715
25641,0.1193854808807373
25761,0.09104490280151367
25759,0.09504151344299316
26096,0.11009764671325684
26156,0.12084174156188965
25966,0.09777498245239258
26092,0.11450910568237305
25900,0.11383485794067383
26005,0.09967041015625
25902,0.09168219566345215
25858,0.10203433036804199
25913,0.11257290840148926
25704,0.09570622444152832
25721,0.11654949188232422
25725,0.11563706398010254
25713,0.11630773544311523
25981,0.12454009056091309
26005,0.09351921081542969
25927,0.11067867279052734
28700,0.11398029327392578
25701,0.09407377243041992
25850,0.11652207374572754
25948,0.09581136703491211
25983,0.10130739212036133
26164,0.1156613826751709
25850,0.09515213966369629
25806,0.0945742130279541
26141,0.10422968864440918
26058,0.09705328941345215
25633,0.09517121315002441
25935,0.09555387496948242
25469,0.10520410537719727
25454,0.09387707710266113
25433,0.11243605613708496
25476,0.0974588394165039
25563,0.09556841850280762
25515,0.08951830863952637
25607,0.09840059280395508
25700,0.07970023155212402
25724,0.0981137752532959
25786,0.09704875946044922
25791,0.09493637084960938
25744,0.09379935264587402
25684,0.10081815719604492
25713,0.09314084053039551
25675,0.06934785842895508
25611,0.09657907485961914
25628,0.09517383575439453
25618,0.0955955982208252
25442,0.09092855453491211
25399,0.09144830703735352
25784,0.06170368194580078
25631,0.09085941314697266
25767,0.0904686450958252
25621,0.0946645736694336
25775,0.09113788604736328
25733,0.07060074806213379
25849,0.09738659858703613
25841,0.0677182674407959
25950,0.09520196914672852
25971,0.09443449974060059
26014,0.09594225883483887
26011,0.09519624710083008
25947,0.09129810333251953
25994,0.09812664985656738
26001,0.09192657470703125
26328,0.09269952774047852
26826,0.08701419830322266
26586,0.09967660903930664
26674,0.09461498260498047
25190,0.08930325508117676
25545,0.09727144241333008
25832,0.11189842224121094
25814,0.09706640243530273
25940,0.07133364677429199
25923,0.09062528610229492
25824,0.09870409965515137
26076,0.09555768966674805
26093,0.06993556022644043
26588,0.0990290641784668
26005,0.09067296981811523
25535,0.0879220962524414
26720,0.09404373168945312
26210,0.10334968566894531
25748,0.0940089225769043
26509,0.09756684303283691
26896,0.09648537635803223
26825,0.09278297424316406
26067,0.09986591339111328
26492,0.08213257789611816
26523,0.09712600708007812
25838,0.10031294822692871
26285,0.09131741523742676
26299,0.07536554336547852
26502,0.09403228759765625
26308,0.09608793258666992
25685,0.09537196159362793
26845,0.10019946098327637
27066,0.09785676002502441
25588,0.09050583839416504
26261,0.0958871841430664
25984,0.09486079216003418
25962,0.06953263282775879
25917,0.09400129318237305
25897,0.08955812454223633
26005,0.09683847427368164
25893,0.09798049926757812
25912,0.10416841506958008
25934,0.06303262710571289
25960,0.09357953071594238
25920,0.09125518798828125
25978,0.08941078186035156
26005,0.09665775299072266
25967,0.09688687324523926
26080,0.0914766788482666
26106,0.09505295753479004
26059,0.10381293296813965
26077,0.08295440673828125
26029,0.10045814514160156
26154,0.09772491455078125
26172,0.09532499313354492
26192,0.0953361988067627
26988,0.0931241512298584
25905,0.0973360538482666
26100,0.1227121353149414
26064,0.09575748443603516
25965,0.09526181221008301
26008,0.09191608428955078
25744,0.09265017509460449
25966,0.09519720077514648
25990,0.0993337631225586
25867,0.09552288055419922
26167,0.10054802894592285
26228,0.09540963172912598
26262,0.0656430721282959
26184,0.10204577445983887
26151,0.09464240074157715
26093,0.09508204460144043
26065,0.09724187850952148
26056,0.09450840950012207
26048,0.09582257270812988
26083,0.09332585334777832
26033,0.09442400932312012
26107,0.0973670482635498
26119,0.09553647041320801
26133,0.0966348648071289
26057,0.08760857582092285
26034,0.11751246452331543
26062,0.09885048866271973
26079,0.10383248329162598
26175,0.09813714027404785
26068,0.09106111526489258
26081,0.10294580459594727
26058,0.09076714515686035
26054,0.0988314151763916
26083,0.08866095542907715
26025,0.09403419494628906
26178,0.09955239295959473
26121,0.09297370910644531
26113,0.10744404792785645
25981,0.0976877212524414
25981,0.0976877212524414
25773,0.09715127944946289
25780,0.11901044845581055
25705,0.10683631896972656
25734,0.08833122253417969
25821,0.07834649085998535
25803,0.0812537670135498
25799,0.09900641441345215
25719,0.10587573051452637
25735,0.08750009536743164
25689,0.10654544830322266
25798,0.10219430923461914
25849,0.10187220573425293
25807,0.09741044044494629
25782,0.10696530342102051
25863,0.10875558853149414
25758,0.1080925464630127
25761,0.10103392601013184
25783,0.09136199951171875
25701,0.07947731018066406
25673,0.11277079582214355
25694,0.07150077819824219
25811,0.11016130447387695
25839,0.1160273551940918
25836,0.08863711357116699
25823,0.09759521484375
25745,0.0940546989440918
25854,0.10743403434753418
25795,0.08517646789550781
25708,0.10193371772766113
25756,0.07888960838317871
25637,0.0995938777923584
25962,0.11078262329101562
25526,0.1028451919555664
26018,0.09586572647094727
25755,0.10956859588623047
25043,0.10456085205078125
26041,0.10069561004638672
25762,0.10720086097717285
25946,0.0886235237121582
25751,0.08511185646057129
25425,0.0859212875366211
25849,0.07697558403015137
25771,0.08953452110290527
25803,0.09873366355895996
25862,0.06890988349914551
25642,0.07647132873535156
25544,0.09330248832702637
25813,0.07641768455505371
25920,0.06619405746459961
25826,0.09513115882873535
25793,0.1064445972442627
25869,0.07029986381530762
25875,0.09956097602844238
25904,0.08202362060546875
25897,0.10874414443969727
25897,0.1163632869720459
25931,0.10595822334289551
25877,0.09389042854309082
25879,0.11323046684265137
25854,0.09238219261169434
25948,0.08788323402404785
25019,0.09967374801635742
28113,0.10301041603088379
25952,0.10535120964050293
25891,0.09471702575683594
26004,0.08748602867126465
26041,0.09244608879089355
25949,0.13268256187438965
25975,0.11206173896789551
25989,0.08843731880187988
26019,0.11682343482971191
25991,0.08763742446899414
26068,0.08232522010803223
26033,0.09844517707824707
26045,0.09951233863830566
26018,0.08802556991577148
25973,0.09577369689941406
25947,0.10232949256896973
26067,0.09452247619628906
26040,0.10399723052978516
26052,0.08867883682250977
26089,0.120208740234375
26036,0.08858847618103027
25761,0.12518000602722168
25811,0.09170389175415039
25819,0.11872434616088867
26292,0.09206485748291016
26026,0.09703278541564941
26001,0.10280513763427734
25895,0.10868716239929199
25950,0.10166764259338379
25898,0.0722503662109375
25780,0.0778496265411377
26236,0.07979917526245117
25488,0.08657288551330566
25307,0.10455322265625
25718,0.10401558876037598
26146,0.10413622856140137
26109,0.09331369400024414
26095,0.08008980751037598
26103,0.09668827056884766
26121,0.11747407913208008
26144,0.11895537376403809
26078,0.08393740653991699
26078,0.09400105476379395
25919,0.07767367362976074
26029,0.09753823280334473
26035,0.09691190719604492
25977,0.09912395477294922
25952,0.11413812637329102
25981,0.10530662536621094
25929,0.09897804260253906
26057,0.0968012809753418
26009,0.08515620231628418
26155,0.09169483184814453
26042,0.09853649139404297
25991,0.09516215324401855
25953,0.08484959602355957
25914,0.10014104843139648
25834,0.10033106803894043
25846,0.09073758125305176
25891,0.08942317962646484
25908,0.10028266906738281
25819,0.10160112380981445
25849,0.10813570022583008
25767,0.09806251525878906
25651,0.10602450370788574
25504,0.1019139289855957
25466,0.10743403434753418
25437,0.10951590538024902
25523,0.07999610900878906
26940,0.1162252426147461
26764,0.08391237258911133
27195,0.09760427474975586
26738,0.10940170288085938
26812,0.0993351936340332
25408,0.10207104682922363
26381,0.09306192398071289
26340,0.12158417701721191
26564,0.11522865295410156
25373,0.10926151275634766
25715,0.09702038764953613
25692,0.09156179428100586
26112,0.09266829490661621
25900,0.09608006477355957
26037,0.11848783493041992
26061,0.09214496612548828
26347,0.09951066970825195
26212,0.1054534912109375
26358,0.09326815605163574
25989,0.09960150718688965
27374,0.09259319305419922
26876,0.08900785446166992
26818,0.11173057556152344
26810,0.11368775367736816
26882,0.11497163772583008
26912,0.10787296295166016
26743,0.0953369140625
28120,0.09872555732727051
28289,0.11837601661682129
28369,0.11893153190612793
28235,0.10032773017883301
28284,0.09515595436096191
28301,0.1003108024597168
28363,0.0931088924407959
28514,0.11727666854858398
28286,0.10089731216430664
28257,0.09569430351257324
28285,0.0890645980834961
28223,0.11611413955688477
28330,0.0990152359008789
28466,0.09534335136413574
28347,0.09345555305480957
28352,0.09710097312927246
28281,0.11217880249023438
28416,0.11943721771240234
28693,0.0963594913482666
28685,0.10209131240844727
28690,0.09688949584960938
28766,0.09346795082092285
28744,0.09495234489440918
28588,0.09215021133422852
28612,0.09722900390625
28513,0.09767627716064453
28478,0.09369158744812012
28302,0.09359955787658691
28302,0.09406805038452148
28582,0.09057211875915527
28599,0.11242532730102539
28548,0.09679484367370605
28531,0.09410738945007324
28331,0.09470176696777344
27800,0.09317684173583984
27385,0.09436845779418945
27606,0.09494328498840332
28361,0.08803653717041016
28498,0.09752130508422852
28451,0.12020635604858398
28497,0.11008882522583008
28646,0.09394717216491699
29014,0.11549091339111328
29184,0.09292912483215332
28578,0.09131050109863281
27963,0.12135481834411621
26226,0.08773589134216309
26483,0.07073092460632324
27053,0.0902261734008789
26450,0.10289764404296875
27364,0.06332802772521973
27072,0.10141110420227051
26903,0.1025238037109375
27248,0.09234094619750977
27481,0.09384417533874512
27380,0.09149026870727539
27051,0.09436845779418945
27079,0.09322500228881836
27109,0.09723591804504395
27172,0.11215353012084961
27127,0.0947272777557373
27078,0.09382295608520508
27231,0.0949702262878418
27290,0.09531044960021973
27271,0.09987878799438477
27255,0.08961176872253418
27446,0.09322667121887207
27358,0.09467625617980957
27129,0.09512925148010254
27335,0.08843517303466797
27199,0.09933662414550781
27324,0.09511303901672363
27137,0.09471583366394043
27170,0.10252070426940918
27229,0.09385156631469727
26796,0.09546327590942383
26982,0.09846854209899902
26874,0.09414315223693848
26563,0.10088968276977539
26563,0.10088968276977539
26006,0.12061595916748047
26395,0.1203913688659668
25692,0.09236383438110352
25466,0.0920555591583252
24576,0.09415531158447266
25821,0.11482119560241699
25611,0.11768698692321777
24724,0.11663007736206055
25901,0.11658787727355957
25879,0.09289860725402832
25888,0.11459636688232422
25967,0.09482693672180176
28034,0.10951900482177734
28044,0.08300948143005371
28026,0.0922079086303711
28059,0.09233951568603516
28103,0.08581829071044922
28015,0.10995984077453613
28036,0.08873844146728516
28036,0.08873844146728516
24334,0.1077578067779541
24383,0.10232734680175781
24287,0.08142733573913574
24234,0.08444356918334961
23211,0.08370637893676758
25395,0.08277583122253418
23449,0.08884477615356445
23224,0.08893108367919922
23432,0.0841827392578125
23749,0.08925247192382812
24342,0.09464192390441895
24464,0.10587239265441895
24067,0.08441495895385742
26927,0.08805561065673828
26728,0.10062646865844727
26530,0.10689473152160645
23849,0.10960626602172852
24551,0.11063981056213379
24370,0.10167956352233887
24322,0.10846734046936035
24391,0.0870060920715332
24408,0.10516858100891113
24405,0.10222578048706055
24344,0.10607481002807617
24354,0.08960819244384766
24343,0.10760712623596191
24356,0.08864641189575195
24378,0.09524869918823242
24326,0.10557866096496582
24300,0.10867977142333984
24328,0.10958647727966309
24201,0.10456466674804688
24207,0.08563351631164551
24886,0.1080329418182373
25805,0.11304664611816406
26001,0.10454344749450684
25952,0.0909569263458252
25952,0.0909569263458252
25900,0.11306476593017578
26687,0.08880472183227539
26325,0.09154248237609863
26441,0.11337947845458984
26399,0.10512590408325195
26403,0.09190750122070312
26109,0.08873724937438965
26108,0.08148074150085449
26218,0.09099483489990234
26532,0.10625624656677246
26346,0.09099221229553223
26492,0.09440255165100098
26528,0.0703272819519043
26048,0.10959839820861816
26161,0.09088563919067383
26439,0.09147930145263672
26484,0.07650184631347656
26363,0.07011699676513672
26497,0.11202764511108398
26558,0.09005999565124512
26468,0.08890342712402344
26376,0.11105561256408691
26441,0.0919182300567627
26357,0.09257006645202637
26380,0.11202383041381836
26458,0.08993244171142578
25954,0.09283089637756348
26045,0.10740447044372559
26368,0.09165740013122559
26228,0.08993315696716309
26032,0.08631253242492676
25548,0.10472893714904785
25742,0.09048652648925781
26040,0.08990144729614258
25438,0.08826565742492676
25393,0.1088254451751709
25474,0.10726618766784668
25792,0.0909116268157959
26190,0.10874366760253906
25973,0.0915522575378418
26048,0.08357667922973633
26470,0.09013748168945312
26466,0.08617568016052246
26367,0.09069347381591797
26332,0.09021973609924316
26248,0.08902359008789062
26381,0.08870816230773926
26336,0.0905008316040039
26365,0.10694575309753418
26317,0.08346772193908691
26300,0.08943891525268555
26505,0.11010885238647461
26508,0.09011650085449219
26486,0.0877370834350586
26560,0.08874106407165527
26605,0.11165428161621094
26736,0.11091732978820801
26132,0.1009986400604248
25617,0.09206080436706543
26607,0.1025536060333252
26442,0.08747386932373047
25622,0.11065077781677246
25409,0.08428096771240234
26156,0.10621237754821777
25471,0.08297514915466309
25494,0.10273241996765137
26343,0.08402490615844727
25688,0.0862271785736084
25022,0.10938739776611328
26041,0.08839178085327148
25871,0.10594558715820312
25512,0.09089994430541992
26250,0.09466743469238281
25906,0.08477592468261719
25661,0.08263683319091797
26009,0.08654975891113281
26267,0.08947610855102539
26124,0.10488104820251465
25917,0.07761859893798828
25613,0.08572888374328613
26138,0.09114694595336914
26345,0.0845942497253418
25969,0.0850074291229248
25662,0.0703282356262207
25688,0.08432388305664062
26356,0.12266302108764648
26115,0.08934402465820312
26180,0.09263777732849121
26229,0.0843043327331543
26172,0.09002804756164551
26232,0.09088587760925293
26314,0.08221793174743652
26214,0.11092901229858398
26150,0.08182716369628906
25981,0.09014511108398438
25649,0.10834574699401855
25906,0.10292172431945801
26844,0.0886530876159668
26303,0.08441543579101562
26172,0.08915209770202637
26019,0.06992125511169434
26147,0.08731794357299805
26199,0.10699224472045898
26252,0.08398318290710449
26333,0.0914299488067627
26199,0.0837850570678711
26456,0.1067819595336914
25856,0.08208441734313965
25641,0.09188461303710938
26091,0.08916616439819336
26091,0.10685539245605469
26145,0.11094117164611816
26182,0.09115123748779297
26179,0.10482287406921387
26238,0.09187865257263184
26191,0.08596324920654297
26272,0.08870911598205566
26190,0.09000730514526367
26444,0.08955264091491699
26355,0.10750436782836914
26278,0.0884404182434082
26275,0.10332250595092773
25796,0.09750509262084961
25717,0.08898115158081055
25374,0.09202289581298828
25355,0.10190701484680176
24959,0.08662772178649902
26710,0.08269262313842773
26243,0.10523343086242676
26107,0.08414912223815918
26217,0.09108877182006836
26183,0.09253811836242676
26241,0.09337520599365234
26269,0.08465003967285156
26108,0.10828113555908203
25943,0.10989189147949219
25915,0.09105920791625977
25676,0.06843733787536621
25924,0.0867612361907959
25336,0.10256528854370117
26265,0.08898210525512695
