26283,0.07703375816345215
25775,0.09382200241088867
25415,0.11313295364379883
25210,0.0765693187713623
25882,0.09291672706604004
26436,0.09371256828308105
26236,0.11131644248962402
26386,0.1012723445892334
26258,0.09414076805114746
26230,0.11124563217163086
26365,0.09509611129760742
26190,0.09546542167663574
26240,0.11713361740112305
26281,0.09985089302062988
26199,0.11124348640441895
26190,0.10482096672058105
26379,0.12119626998901367
26425,0.11403775215148926
26551,0.09529590606689453
25990,0.09819579124450684
25569,0.09921145439147949
25637,0.09913086891174316
26027,0.09865617752075195
26146,0.10158944129943848
26054,0.08845353126525879
26281,0.09688782691955566
25217,0.11024308204650879
25271,0.09398150444030762
25495,0.0895075798034668
25622,0.0954887866973877
25237,0.09236931800842285
25645,0.09395265579223633
25087,0.09502077102661133
25180,0.09041380882263184
25128,0.09589457511901855
25038,0.09904789924621582
25125,0.06350326538085938
25243,0.11794447898864746
25236,0.09308671951293945
25150,0.0956580638885498
25233,0.09499597549438477
25233,0.0978708267211914
25292,0.09565997123718262
25284,0.09087038040161133
25261,0.09778261184692383
25273,0.0953226089477539
25334,0.09412121772766113
25269,0.09926652908325195
25213,0.09599637985229492
25298,0.0902249813079834
25287,0.09230518341064453
25152,0.0952003002166748
25376,0.0937807559967041
25430,0.09663200378417969
25300,0.09606742858886719
25473,0.1114492416381836
25418,0.09314084053039551
25396,0.09669637680053711
25321,0.08778953552246094
25341,0.09401941299438477
25361,0.09359145164489746
25361,0.061571598052978516
25331,0.10086989402770996
25462,0.09728026390075684
25411,0.09503841400146484
25374,0.09533357620239258
25391,0.09009552001953125
25587,0.09504842758178711
26020,0.09668993949890137
25968,0.06760072708129883
26090,0.0969998836517334
24895,0.09346294403076172
25313,0.09443116188049316
25413,0.09407258033752441
25353,0.09550333023071289
25410,0.09957194328308105
25462,0.09366416931152344
25327,0.10544776916503906
25455,0.0915212631225586
25511,0.09068775177001953
25832,0.10036730766296387
25322,0.09513378143310547
25930,0.09242367744445801
25915,0.0965118408203125
25607,0.09587907791137695
25261,0.09783196449279785
25837,0.09339690208435059
26152,0.09531807899475098
26037,0.0923914909362793
25576,0.08374977111816406
25848,0.07986760139465332
25969,0.0958547592163086
25412,0.10539007186889648
25598,0.09650588035583496
25653,0.07473540306091309
25905,0.09842658042907715
25651,0.10036540031433105
25156,0.09639096260070801
25955,0.09190034866333008
26488,0.09748101234436035
25388,0.09960222244262695
25629,0.09517645835876465
25451,0.09479999542236328
25391,0.0975186824798584
25354,0.09061264991760254
25454,0.11684417724609375
25460,0.09434676170349121
25438,0.09626460075378418
25466,0.09301495552062988
25406,0.0948793888092041
25409,0.09764814376831055
25393,0.0909276008605957
25490,0.0917351245880127
25549,0.09462285041809082
25491,0.09094023704528809
25524,0.07141995429992676
25581,0.0923616886138916
25557,0.09284663200378418
25510,0.0911717414855957
25500,0.07520055770874023
25535,0.09195208549499512
25558,0.0943601131439209
25691,0.09214377403259277
26512,0.07293891906738281
25395,0.09567594528198242
25528,0.0955815315246582
25483,0.06791806221008301
25439,0.09763121604919434
25484,0.09412217140197754
25408,0.09885311126708984
25563,0.09327316284179688
25406,0.0955805778503418
25587,0.09626603126525879
25600,0.09326815605163574
25499,0.09343147277832031
25485,0.09292101860046387
25569,0.08018255233764648
25509,0.0901482105255127
25553,0.09594225883483887
25555,0.09089541435241699
25521,0.09961128234863281
25565,0.10195684432983398
25513,0.08962082862854004
25540,0.09236931800842285
25546,0.10181570053100586
25537,0.1003262996673584
25594,0.09877920150756836
25561,0.09348845481872559
25575,0.0975489616394043
25604,0.09485769271850586
25521,0.09370231628417969
25602,0.11665201187133789
25531,0.09134602546691895
25549,0.0949859619140625
25586,0.09379911422729492
25486,0.09386038780212402
25517,0.09362077713012695
25509,0.09221649169921875
25445,0.09964656829833984
25519,0.09505271911621094
25479,0.09222197532653809
25483,0.1061868667602539
25483,0.1061868667602539
27927,0.0776522159576416
27928,0.09450507164001465
27943,0.11241602897644043
27991,0.10041403770446777
28074,0.08384203910827637
28051,0.10444092750549316
27982,0.10942745208740234
27964,0.09899353981018066
27967,0.10408806800842285
27917,0.10862994194030762
27951,0.09559154510498047
27990,0.0989084243774414
27910,0.10137581825256348
28045,0.08397436141967773
27987,0.08423399925231934
27920,0.08126282691955566
27921,0.0800943374633789
27916,0.08121919631958008
27836,0.08530735969543457
27795,0.09538388252258301
27826,0.09577202796936035
27858,0.10874390602111816
27986,0.08752226829528809
27850,0.09372711181640625
27992,0.1075284481048584
27951,0.0919499397277832
27914,0.07000088691711426
27906,0.11754941940307617
27870,0.11739778518676758
27926,0.11436247825622559
27830,0.08043050765991211
28066,0.11944890022277832
28039,0.10088086128234863
27920,0.10237622261047363
28013,0.08637070655822754
26922,0.11938357353210449
28352,0.0835106372833252
28038,0.10834741592407227
28130,0.08508443832397461
28342,0.1169734001159668
28312,0.08867144584655762
28000,0.07765507698059082
27870,0.09404945373535156
28001,0.09524273872375488
28005,0.08491706848144531
27950,0.09249305725097656
27886,0.09969282150268555
27972,0.11275196075439453
28040,0.09548497200012207
27978,0.10001111030578613
27988,0.07646608352661133
28028,0.0948796272277832
28045,0.08490848541259766
28066,0.0905923843383789
28045,0.07862591743469238
28041,0.09221172332763672
28082,0.1080625057220459
28035,0.08581805229187012
27974,0.11890029907226562
27992,0.0872800350189209
28043,0.08847856521606445
27083,0.08152198791503906
26955,0.10151219367980957
28169,0.08109116554260254
27969,0.08662796020507812
28055,0.11100387573242188
27874,0.1075131893157959
28034,0.10371279716491699
28017,0.09674549102783203
28159,0.11362338066101074
28092,0.09447765350341797
28144,0.08988833427429199
28124,0.1065208911895752
28115,0.11249351501464844
28060,0.10216736793518066
28107,0.1126255989074707
28039,0.08754253387451172
27993,0.11088776588439941
28078,0.1056833267211914
28053,0.11428332328796387
27945,0.11026215553283691
27980,0.09140515327453613
28013,0.0847480297088623
28013,0.11938071250915527
27887,0.10200977325439453
28016,0.07617473602294922
28240,0.07181525230407715
28143,0.09672379493713379
27860,0.09632444381713867
27902,0.0971217155456543
27966,0.10863733291625977
28020,0.0995781421661377
27866,0.0915980339050293
28196,0.09628415107727051
28283,0.09246277809143066
27966,0.10454392433166504
28061,0.1031949520111084
28097,0.09702253341674805
28073,0.08295106887817383
28099,0.10462331771850586
28031,0.0977325439453125
28083,0.10186648368835449
28117,0.11129164695739746
28050,0.09432625770568848
28006,0.09745621681213379
27846,0.09983420372009277
28009,0.07518553733825684
28166,0.112274169921875
28190,0.10673904418945312
27983,0.09162044525146484
27986,0.11179852485656738
27994,0.09461140632629395
28015,0.0959632396697998
27956,0.08030486106872559
27992,0.09879183769226074
28096,0.1165933609008789
27973,0.12083029747009277
27903,0.08558440208435059
27886,0.09991216659545898
27670,0.09056663513183594
27713,0.09310126304626465
28045,0.09428167343139648
27915,0.09633255004882812
27735,0.10863995552062988
27758,0.08224272727966309
27662,0.09268045425415039
27610,0.10093331336975098
27578,0.08182764053344727
27570,0.08231997489929199
27508,0.0972895622253418
27508,0.0972895622253418
26874,0.10010457038879395
26985,0.0991506576538086
27198,0.09394145011901855
27069,0.09522819519042969
26912,0.09581279754638672
26737,0.09382963180541992
26440,0.09641289710998535
27163,0.09307456016540527
27201,0.10076475143432617
26039,0.11000514030456543
26208,0.08904886245727539
26442,0.09562063217163086
26700,0.11079549789428711
26424,0.09293437004089355
26370,0.11769914627075195
26643,0.11400318145751953
26731,0.08786487579345703
26600,0.11714887619018555
26953,0.08847332000732422
26331,0.0735480785369873
27043,0.0948038101196289
26770,0.09208011627197266
26901,0.11512613296508789
26771,0.12705755233764648
26808,0.10022187232971191
26728,0.11091089248657227
26786,0.09236383438110352
25277,0.09698486328125
25334,0.11651849746704102
25281,0.11942458152770996
25291,0.1246500015258789
25320,0.10073614120483398
25340,0.09397220611572266
25307,0.11096477508544922
25424,0.09529376029968262
25394,0.08913946151733398
25426,0.09594178199768066
25432,0.0923457145690918
25435,0.09441661834716797
25416,0.0920717716217041
25417,0.09119296073913574
25476,0.11384987831115723
25479,0.09392762184143066
25424,0.09792065620422363
25457,0.09049606323242188
25571,0.08799910545349121
25628,0.09271645545959473
25649,0.08767318725585938
25332,0.09336471557617188
25395,0.10748648643493652
25396,0.0932009220123291
25365,0.11712241172790527
25354,0.11388111114501953
25033,0.09945225715637207
25321,0.11803483963012695
25324,0.10942578315734863
25316,0.11099553108215332
25314,0.10051846504211426
25348,0.09148120880126953
25440,0.09062528610229492
25390,0.09818601608276367
25012,0.09285831451416016
24938,0.09105515480041504
24995,0.08770060539245605
25303,0.1073763370513916
25377,0.09569048881530762
25331,0.07306528091430664
25438,0.0921471118927002
25667,0.11293840408325195
26084,0.09246325492858887
26241,0.09298396110534668
26638,0.08701348304748535
25904,0.1107330322265625
27977,0.095611572265625
28510,0.09229421615600586
29093,0.06915616989135742
28413,0.09430766105651855
29454,0.09510588645935059
29290,0.09936213493347168
28999,0.09728121757507324
29376,0.09241867065429688
29325,0.09694600105285645
29354,0.1115727424621582
29187,0.09211230278015137
29267,0.09554290771484375
29181,0.09194636344909668
29014,0.09020543098449707
29106,0.09569549560546875
29018,0.09377050399780273
29128,0.11154007911682129
29128,0.09817266464233398
29232,0.09587550163269043
29436,0.12748336791992188
29468,0.11379528045654297
29360,0.09062862396240234
29439,0.09575438499450684
29173,0.09337782859802246
29119,0.09870243072509766
29179,0.0996408462524414
29035,0.09248590469360352
29197,0.09549856185913086
29065,0.09580230712890625
28892,0.08581805229187012
29119,0.11599588394165039
29120,0.09536361694335938
28742,0.11102962493896484
28742,0.11102962493896484
28244,0.10412287712097168
28401,0.11454486846923828
28062,0.10380434989929199
27717,0.09405112266540527
27174,0.11467552185058594
28148,0.08981823921203613
27842,0.09364199638366699
26854,0.10442900657653809
28213,0.09430861473083496
28172,0.09896469116210938
28098,0.09439706802368164
28090,0.09075760841369629
28894,0.09181666374206543
28987,0.06937170028686523
28916,0.09199309349060059
28982,0.09095478057861328
28954,0.10993599891662598
28877,0.09246516227722168
29024,0.09322738647460938
29024,0.09322738647460938
27464,0.08607816696166992
27634,0.08741426467895508
27570,0.08741044998168945
26768,0.09142398834228516
26373,0.1105201244354248
26098,0.08663129806518555
26101,0.10148739814758301
26403,0.09130573272705078
26446,0.10966825485229492
26973,0.09100794792175293
27493,0.10591316223144531
27558,0.11200547218322754
28006,0.09229564666748047
27932,0.09277725219726562
27838,0.09222769737243652
27615,0.09044289588928223
27619,0.11611342430114746
27370,0.09391665458679199
27430,0.08647680282592773
27423,0.10780930519104004
27384,0.09242773056030273
27422,0.08612227439880371
27413,0.0908811092376709
27400,0.0876915454864502
27427,0.11286187171936035
27465,0.07232284545898438
27461,0.0852360725402832
27480,0.10930180549621582
27525,0.11298060417175293
27583,0.1092231273651123
27652,0.11200690269470215
27737,0.11268162727355957
27737,0.11268162727355957
24173,0.0634305477142334
24543,0.11316585540771484
24409,0.11052536964416504
24445,0.11283636093139648
24445,0.11283636093139648
26203,0.09257364273071289
26945,0.1058049201965332
26529,0.08550310134887695
26578,0.06873631477355957
26572,0.08944106101989746
26635,0.0877988338470459
26483,0.09551715850830078
26410,0.08975934982299805
26315,0.0876150131225586
26798,0.08556628227233887
26560,0.09319639205932617
26702,0.08864235877990723
26752,0.08253598213195801
26121,0.08437132835388184
26249,0.09402322769165039
26317,0.08781266212463379
26657,0.09103560447692871
26552,0.07983589172363281
26645,0.10759925842285156
26722,0.08846235275268555
26703,0.09085917472839355
24560,0.11144518852233887
24639,0.09008312225341797
24567,0.11785387992858887
24655,0.08856773376464844
24709,0.11139464378356934
28096,0.0923926830291748
27806,0.10611486434936523
27604,0.09185314178466797
28027,0.08860635757446289
27686,0.10745859146118164
27185,0.09004664421081543
27540,0.08866381645202637
27627,0.1056814193725586
27374,0.1175994873046875
27497,0.10146808624267578
27262,0.10797262191772461
27523,0.08977580070495605
27798,0.08721041679382324
27504,0.08280515670776367
27382,0.08876824378967285
27437,0.08760976791381836
28081,0.09017539024353027
27956,0.08847737312316895
28044,0.08206033706665039
27993,0.08582830429077148
28049,0.09073042869567871
27977,0.09099555015563965
28081,0.0894172191619873
28062,0.09242391586303711
28050,0.11068058013916016
27996,0.061571359634399414
28140,0.11246371269226074
28195,0.09098315238952637
28192,0.08201074600219727
28233,0.09106636047363281
28354,0.11122894287109375
28110,0.08542871475219727
27559,0.08552670478820801
28035,0.09039115905761719
28032,0.08631515502929688
27237,0.10851240158081055
27193,0.08522653579711914
27965,0.08700108528137207
27411,0.08478355407714844
27209,0.09179568290710449
28094,0.08976078033447266
27718,0.10314130783081055
26872,0.09007620811462402
27517,0.0899960994720459
27939,0.07848930358886719
27354,0.08400535583496094
27680,0.11002874374389648
27890,0.10334467887878418
27218,0.08860015869140625
27226,0.08896017074584961
27997,0.09196805953979492
27770,0.09037113189697266
27830,0.10783553123474121
27363,0.08622217178344727
27728,0.08910250663757324
28125,0.08059287071228027
27990,0.07458305358886719
27232,0.06088614463806152
27215,0.10302042961120605
28147,0.10480618476867676
27964,0.09137439727783203
27825,0.08436703681945801
27883,0.08910441398620605
27890,0.09133219718933105
27878,0.08982276916503906
27947,0.11211276054382324
27977,0.06033015251159668
27922,0.08743166923522949
27817,0.107635498046875
27534,0.11145877838134766
27372,0.10600709915161133
27955,0.09179258346557617
27883,0.09134101867675781
27910,0.09387826919555664
27759,0.06996965408325195
27905,0.09001684188842773
27944,0.11169004440307617
27878,0.10916924476623535
28002,0.08554506301879883
27932,0.10538530349731445
27814,0.10805392265319824
27585,0.09030675888061523
27314,0.08624911308288574
27770,0.08418822288513184
27953,0.10271883010864258
27938,0.08347964286804199
27916,0.08195304870605469
27877,0.11032366752624512
27897,0.08952569961547852
27852,0.09038162231445312
27840,0.11260819435119629
28037,0.08921146392822266
27928,0.11199712753295898
28060,0.1078338623046875
28021,0.09246373176574707
28130,0.10605835914611816
27739,0.10875844955444336
27486,0.10473179817199707
27220,0.08915829658508301
26996,0.09005069732666016
27109,0.09207773208618164
28300,0.11114239692687988
27792,0.11126899719238281
27806,0.09411025047302246
27824,0.0835564136505127
27911,0.1076056957244873
27921,0.09114837646484375
28004,0.08254384994506836
27803,0.11177706718444824
27676,0.08809947967529297
27606,0.10923218727111816
27713,0.08350825309753418
27578,0.08399534225463867
27211,0.10863828659057617
27442,0.08872056007385254
