32544,0.08552980422973633
32715,0.1074368953704834
32195,0.11296939849853516
36899,0.09947395324707031
32456,0.11926960945129395
32670,0.12282991409301758
37576,0.11886119842529297
32877,0.09267187118530273
32633,0.09494996070861816
32681,0.09107756614685059
32976,0.11816191673278809
32664,0.09006261825561523
32940,0.0995638370513916
33186,0.12355828285217285
32901,0.06625175476074219
32333,0.09442758560180664
32707,0.11292695999145508
32860,0.11852359771728516
32742,0.11893057823181152
32574,0.11266684532165527
32486,0.10019087791442871
36991,0.11715316772460938
37146,0.11449742317199707
37316,0.12084436416625977
32523,0.11459946632385254
32789,0.09882450103759766
30725,0.11307740211486816
30924,0.09587574005126953
30712,0.09653210639953613
30927,0.10038089752197266
29653,0.0991520881652832
30773,0.0929713249206543
30555,0.11530804634094238
30571,0.07060408592224121
30372,0.11713576316833496
30298,0.09591937065124512
30717,0.0927577018737793
30808,0.08890819549560547
30527,0.06915521621704102
30865,0.09615850448608398
30693,0.09131073951721191
30579,0.09270143508911133
30696,0.06848645210266113
30538,0.09413695335388184
30498,0.10162162780761719
30473,0.09816217422485352
30408,0.09603404998779297
30407,0.09365320205688477
30746,0.0939631462097168
30655,0.09444451332092285
30506,0.09430789947509766
29931,0.0946040153503418
30512,0.1035158634185791
30618,0.10342741012573242
30823,0.07128143310546875
30585,0.10009074211120605
30550,0.09256887435913086
30908,0.09323287010192871
30729,0.10064315795898438
30850,0.09861254692077637
30577,0.09582185745239258
30556,0.09290003776550293
30910,0.09797286987304688
30795,0.10558319091796875
30909,0.09724020957946777
30905,0.09070420265197754
30996,0.09812164306640625
30741,0.10152816772460938
30742,0.09652400016784668
31153,0.09539437294006348
33863,0.10411262512207031
29695,0.0983893871307373
30436,0.09324336051940918
30869,0.11194038391113281
30861,0.07430720329284668
30848,0.10122108459472656
31224,0.10221481323242188
30719,0.0989234447479248
30677,0.07587313652038574
30855,0.09543752670288086
31534,0.1046299934387207
30934,0.09082627296447754
33290,0.0818641185760498
31617,0.08799505233764648
31084,0.0903787612915039
29911,0.09914994239807129
31513,0.08457684516906738
31377,0.09403300285339355
31570,0.09488677978515625
30684,0.0636281967163086
30982,0.07396721839904785
31695,0.1028602123260498
31454,0.1187136173248291
31024,0.09285545349121094
30934,0.09438109397888184
30971,0.1011960506439209
31433,0.09562039375305176
29787,0.0952003002166748
31505,0.12282371520996094
31442,0.0955801010131836
30892,0.09831047058105469
31535,0.09426641464233398
31009,0.09398889541625977
30977,0.09741759300231934
31080,0.09239029884338379
30983,0.09368586540222168
31127,0.0879514217376709
30881,0.09795832633972168
30986,0.09643840789794922
30851,0.09939312934875488
30824,0.091949462890625
30897,0.09624648094177246
30913,0.09359121322631836
30905,0.0882413387298584
30841,0.10126280784606934
30933,0.10114526748657227
30942,0.09763813018798828
30940,0.12293386459350586
30843,0.08790302276611328
31114,0.09438061714172363
31065,0.09200835227966309
30837,0.1003715991973877
31014,0.09595012664794922
31153,0.12063169479370117
30454,0.09959030151367188
30901,0.09648442268371582
31196,0.09806680679321289
30873,0.09560966491699219
30920,0.08993768692016602
30583,0.10155272483825684
30897,0.10030388832092285
30738,0.09656143188476562
30982,0.1048130989074707
31000,0.09532427787780762
31030,0.09398984909057617
31058,0.0988469123840332
31069,0.09770369529724121
31005,0.09250473976135254
30970,0.09571599960327148
31027,0.09473180770874023
30962,0.09881091117858887
31279,0.09855365753173828
31197,0.10572338104248047
31192,0.09607458114624023
31145,0.11449193954467773
31237,0.09608721733093262
31236,0.0944218635559082
31400,0.09701943397521973
31356,0.09427857398986816
31292,0.0948631763458252
31090,0.09644460678100586
31386,0.09849166870117188
31267,0.09497213363647461
31430,0.10001111030578613
31521,0.09808564186096191
31213,0.09633874893188477
31138,0.10090303421020508
31201,0.09588909149169922
31281,0.10056304931640625
31196,0.09709739685058594
31159,0.10037755966186523
31258,0.09244799613952637
31352,0.09765386581420898
31603,0.09732341766357422
36100,0.10010266304016113
36185,0.12303853034973145
36305,0.08933854103088379
31640,0.12034249305725098
31631,0.06505203247070312
31601,0.11246848106384277
31615,0.06893467903137207
31528,0.09679937362670898
31548,0.09615063667297363
31488,0.08722138404846191
36441,0.09765481948852539
31556,0.10034823417663574
36305,0.10309910774230957
36221,0.10121369361877441
36252,0.09617853164672852
36037,0.11673879623413086
36176,0.09406113624572754
36162,0.09263205528259277
36096,0.09904742240905762
31389,0.09335160255432129
36331,0.09627795219421387
36189,0.09955215454101562
36055,0.1047208309173584
36097,0.10614323616027832
36207,0.10136055946350098
36053,0.09734559059143066
31461,0.10246086120605469
36302,0.11686301231384277
36310,0.09815549850463867
36269,0.09107756614685059
36419,0.11973762512207031
36167,0.10404706001281738
35728,0.11104083061218262
36154,0.10300922393798828
32414,0.09284687042236328
31969,0.10887289047241211
36076,0.09585189819335938
36336,0.09760618209838867
36643,0.12051773071289062
35665,0.09751391410827637
31506,0.09982442855834961
31583,0.12183928489685059
31557,0.09425187110900879
31568,0.10522341728210449
36414,0.09060788154602051
31685,0.07135796546936035
31688,0.10477757453918457
36393,0.12213993072509766
36213,0.09467101097106934
36219,0.10541272163391113
36262,0.0956883430480957
31586,0.11609196662902832
36470,0.09187555313110352
36446,0.07422590255737305
36299,0.08688664436340332
36362,0.0994112491607666
36476,0.09913420677185059
36340,0.09376883506774902
36416,0.10125231742858887
36496,0.10584020614624023
36116,0.12325167655944824
35749,0.09924912452697754
36296,0.09789252281188965
36066,0.09893250465393066
36352,0.09979104995727539
36243,0.10125541687011719
36295,0.1149759292602539
36517,0.11644458770751953
31594,0.09435224533081055
31549,0.0939478874206543
36420,0.09906387329101562
36105,0.08185338973999023
36144,0.07298636436462402
36363,0.09884476661682129
31718,0.0974578857421875
31633,0.11352753639221191
31599,0.11917686462402344
31592,0.1179201602935791
31808,0.09223484992980957
31599,0.09345006942749023
31885,0.11399078369140625
36527,0.11771798133850098
36057,0.1047508716583252
36486,0.08011341094970703
36530,0.1221158504486084
35718,0.12026047706604004
31801,0.09327864646911621
36512,0.1182098388671875
36493,0.1098482608795166
36521,0.09771895408630371
36524,0.12109732627868652
36295,0.11989855766296387
36043,0.10398054122924805
31720,0.06940698623657227
31612,0.09338116645812988
31556,0.09102368354797363
36326,0.10202646255493164
31537,0.09572315216064453
36241,0.12939691543579102
36208,0.12653493881225586
36146,0.0756537914276123
36030,0.1164100170135498
36184,0.09739422798156738
36333,0.09570956230163574
35908,0.12378048896789551
35970,0.10576534271240234
35908,0.0969691276550293
36303,0.09990859031677246
36177,0.09259796142578125
35869,0.09999823570251465
36013,0.09512519836425781
36092,0.10565972328186035
31410,0.1181178092956543
36066,0.09934759140014648
35836,0.09595704078674316
35999,0.0978853702545166
36032,0.09947919845581055
35770,0.09870219230651855
35539,0.09250259399414062
35504,0.09699654579162598
35898,0.08189535140991211
31558,0.09147500991821289
36275,0.10052251815795898
35998,0.11342906951904297
36034,0.10873746871948242
35952,0.09864497184753418
36096,0.09978342056274414
35980,0.10377883911132812
36167,0.12107348442077637
36174,0.09484744071960449
37250,0.1027834415435791
37482,0.09931445121765137
37315,0.09565925598144531
37939,0.11478114128112793
37630,0.12621665000915527
32228,0.07522320747375488
33234,0.10437750816345215
33059,0.1240835189819336
33191,0.11844921112060547
33678,0.11969518661499023
33650,0.09879159927368164
34212,0.09537029266357422
33969,0.12090444564819336
33928,0.09676122665405273
33610,0.11618566513061523
32743,0.1189432144165039
33314,0.11792469024658203
32791,0.09700894355773926
32939,0.1191709041595459
36714,0.1205739974975586
37518,0.09819364547729492
37537,0.0953972339630127
37650,0.09491848945617676
37506,0.11647629737854004
37308,0.09696531295776367
37433,0.09773063659667969
32499,0.09667563438415527
36638,0.0983433723449707
31686,0.11093258857727051
31745,0.09539937973022461
31905,0.11827254295349121
31751,0.0922553539276123
31780,0.11451220512390137
31997,0.1171417236328125
32124,0.09810495376586914
36825,0.12537550926208496
31983,0.109039306640625
31860,0.09571146965026855
31898,0.09671282768249512
36811,0.12582755088806152
36696,0.11441278457641602
36735,0.12040019035339355
31800,0.09488081932067871
31915,0.12605786323547363
31802,0.09906530380249023
36240,0.1188971996307373
36377,0.11753678321838379
36563,0.11933493614196777
36430,0.12471342086791992
36449,0.0989224910736084
36341,0.09650087356567383
36231,0.09903717041015625
36100,0.10993599891662598
35991,0.09621143341064453
36295,0.11946296691894531
36215,0.09983706474304199
36895,0.10287880897521973
37016,0.10293841361999512
36926,0.0984349250793457
36744,0.09723687171936035
37240,0.09972572326660156
36937,0.09739351272583008
36377,0.0975656509399414
34954,0.09999871253967285
35801,0.0977022647857666
36631,0.11812949180603027
36462,0.09993743896484375
31978,0.11664080619812012
32486,0.09422421455383301
32751,0.09376859664916992
33523,0.12046980857849121
32843,0.09955477714538574
33902,0.09843206405639648
37064,0.08256697654724121
37503,0.1058049201965332
38155,0.12089014053344727
32883,0.10802602767944336
32786,0.10547590255737305
38149,0.12428903579711914
38029,0.11168932914733887
38566,0.10519909858703613
38222,0.10988426208496094
38455,0.11267304420471191
37974,0.11316537857055664
38259,0.09796977043151855
38400,0.12079167366027832
38291,0.11559820175170898
37389,0.11659932136535645
38043,0.11152172088623047
38193,0.10336494445800781
38052,0.11066675186157227
38363,0.11674332618713379
37876,0.10130572319030762
38283,0.10492134094238281
38062,0.11193656921386719
38217,0.10913753509521484
38497,0.11466050148010254
38666,0.10647797584533691
38352,0.11252140998840332
38413,0.10431933403015137
37725,0.1195211410522461
38130,0.10887646675109863
37371,0.11208224296569824
37807,0.10349345207214355
37304,0.11029648780822754
37219,0.11083006858825684
38449,0.12182831764221191
34516,0.12148022651672363
34532,0.10071110725402832
33861,0.12247133255004883
34167,0.10111546516418457
33624,0.11387443542480469
34611,0.12334227561950684
34408,0.09689021110534668
31442,0.08580160140991211
35039,0.12109565734863281
34952,0.10068726539611816
34632,0.09636259078979492
34845,0.11336970329284668
37101,0.08178257942199707
37274,0.09410595893859863
37411,0.0800318717956543
36662,0.09461092948913574
36945,0.1157982349395752
37362,0.09347701072692871
37249,0.11407613754272461
37254,0.11991596221923828
34024,0.11545085906982422
34008,0.10175013542175293
33550,0.09776663780212402
28642,0.10810542106628418
27212,0.10689496994018555
28006,0.11079716682434082
27804,0.09480476379394531
29678,0.0917959213256836
31232,0.09218597412109375
31884,0.08748173713684082
32869,0.11276721954345703
34526,0.11549043655395508
34557,0.11129999160766602
33911,0.11205601692199707
33371,0.09197330474853516
33180,0.09536480903625488
32884,0.1211080551147461
31419,0.11267304420471191
34169,0.09153962135314941
34291,0.11073017120361328
34090,0.11114811897277832
34201,0.09244084358215332
33932,0.1099252700805664
33998,0.11129379272460938
34084,0.0865790843963623
34087,0.09471321105957031
34123,0.0915825366973877
34218,0.11970210075378418
34123,0.11177206039428711
34250,0.09676122665405273
34270,0.09697341918945312
34068,0.11475324630737305
34074,0.1129918098449707
36237,0.06699085235595703
37250,0.09338593482971191
35564,0.11354970932006836
35880,0.11117792129516602
35331,0.11586380004882812
29938,0.09401607513427734
31188,0.10998201370239258
30610,0.09089159965515137
30504,0.08907246589660645
31064,0.11038470268249512
30705,0.09551787376403809
30448,0.0843968391418457
30794,0.09183335304260254
29760,0.10730671882629395
31208,0.0835428237915039
34871,0.09229564666748047
30409,0.11130046844482422
31015,0.0914459228515625
33690,0.09446001052856445
31574,0.09213852882385254
30582,0.08623552322387695
30926,0.09315347671508789
30383,0.09334397315979004
30817,0.09270691871643066
30713,0.09420061111450195
30696,0.09396672248840332
35538,0.0960841178894043
35586,0.08705592155456543
35666,0.10984683036804199
35903,0.11303973197937012
35972,0.11492371559143066
35579,0.09936141967773438
35065,0.0884401798248291
35741,0.09553217887878418
35291,0.11702227592468262
35394,0.11580991744995117
34451,0.08046746253967285
34507,0.09674191474914551
35073,0.09451031684875488
34553,0.09154343605041504
34442,0.1101522445678711
34865,0.11130237579345703
35197,0.08884668350219727
34910,0.08920741081237793
35108,0.0937645435333252
35059,0.11039209365844727
33111,0.09371256828308105
35791,0.11406660079956055
35356,0.11515378952026367
35117,0.11009550094604492
35260,0.09717011451721191
35341,0.11831331253051758
35244,0.0928640365600586
35096,0.08993768692016602
35003,0.10886287689208984
35056,0.09652423858642578
35214,0.10560059547424316
35344,0.09557747840881348
35458,0.09449219703674316
35917,0.09751272201538086
35849,0.091217041015625
35919,0.10913491249084473
35222,0.09374666213989258
35767,0.09664297103881836
35958,0.09128332138061523
36421,0.09051847457885742
34330,0.09302759170532227
35178,0.11698007583618164
35025,0.11050987243652344
34602,0.09381246566772461
34711,0.08736443519592285
35576,0.09247398376464844
34562,0.09384536743164062
35097,0.08720993995666504
35005,0.09257626533508301
35295,0.09511804580688477
35308,0.09418344497680664
35178,0.09274148941040039
35310,0.08697938919067383
35417,0.0960686206817627
34791,0.09282255172729492
35722,0.11689281463623047
35559,0.09185934066772461
35178,0.11143136024475098
35078,0.0985410213470459
35257,0.11607909202575684
35538,0.09193778038024902
35383,0.09348773956298828
35400,0.11664533615112305
30609,0.06282782554626465
35912,0.09149503707885742
35881,0.09094738960266113
35555,0.0932762622833252
35529,0.11110210418701172
35439,0.10027718544006348
35330,0.10018253326416016
35615,0.10801815986633301
35777,0.11362957954406738
35711,0.09374642372131348
35427,0.11950039863586426
34979,0.061167240142822266
35310,0.09276008605957031
35466,0.09831428527832031
35525,0.09128093719482422
35196,0.09436917304992676
35122,0.08743953704833984
35775,0.09306097030639648
35603,0.11496877670288086
35452,0.1134340763092041
35602,0.11173248291015625
35622,0.09671139717102051
36428,0.07267093658447266
34552,0.09526920318603516
35434,0.09248852729797363
35571,0.09197163581848145
35770,0.11439394950866699
35518,0.11191248893737793
35542,0.08962368965148926
35752,0.11734318733215332
35932,0.09008193016052246
35758,0.09058475494384766
35801,0.09624171257019043
35569,0.09362506866455078
35556,0.09850287437438965
35792,0.11507320404052734
35711,0.09950017929077148
36013,0.12349295616149902
35352,0.11152863502502441
35355,0.09732198715209961
34430,0.11142802238464355
35636,0.10921072959899902
35527,0.0865778923034668
36596,0.0970296859741211
35835,0.09408402442932129
35410,0.09399986267089844
35775,0.09251999855041504
35739,0.11676549911499023
35604,0.08990931510925293
35807,0.09351396560668945
35735,0.10837793350219727
35070,0.09729170799255371
35165,0.10918021202087402
34877,0.08899784088134766
34849,0.09325599670410156
35549,0.11696839332580566
35591,0.08998274803161621
