29421,0.06614041328430176
29215,0.11194133758544922
28898,0.11005520820617676
28942,0.09582328796386719
29127,0.11106109619140625
29554,0.11798930168151855
29496,0.09029245376586914
29829,0.11069869995117188
29405,0.10743355751037598
29635,0.09635448455810547
29636,0.11018991470336914
29410,0.09799003601074219
29677,0.11383700370788574
29517,0.09534072875976562
29624,0.09950947761535645
29532,0.12072396278381348
29528,0.11753702163696289
29685,0.1018216609954834
30059,0.09514713287353516
29671,0.11755061149597168
28942,0.0866093635559082
28681,0.09905648231506348
29478,0.11928701400756836
29637,0.11789155006408691
29717,0.11573147773742676
29520,0.11594796180725098
28110,0.09542369842529297
28181,0.11727714538574219
28640,0.09461450576782227
28329,0.09440279006958008
28363,0.1004645824432373
28454,0.09388589859008789
28060,0.0642232894897461
27949,0.0958547592163086
27839,0.09559965133666992
27842,0.09669852256774902
27920,0.09446978569030762
28087,0.0998375415802002
28121,0.09247779846191406
28203,0.09479641914367676
28112,0.09943032264709473
28148,0.09888553619384766
28177,0.10184431076049805
28236,0.09457063674926758
28048,0.09475111961364746
28063,0.09218215942382812
28003,0.09909653663635254
28060,0.08774566650390625
28151,0.0952751636505127
28068,0.08755183219909668
28133,0.09577131271362305
27788,0.09576058387756348
28283,0.09343504905700684
28280,0.10595417022705078
28212,0.09826326370239258
28262,0.09440279006958008
28274,0.09771561622619629
28406,0.10635089874267578
28424,0.0926353931427002
28338,0.0931386947631836
28304,0.09615516662597656
28325,0.09630227088928223
28457,0.09530305862426758
28578,0.09188437461853027
28544,0.09495162963867188
28545,0.09568595886230469
28543,0.09310793876647949
29005,0.10072898864746094
29584,0.09792423248291016
29301,0.09961080551147461
30331,0.09624290466308594
27432,0.11408543586730957
28282,0.09821605682373047
28648,0.09549498558044434
28510,0.0977470874786377
28495,0.10240411758422852
28403,0.09513211250305176
28455,0.09539651870727539
28539,0.06923055648803711
28772,0.09590005874633789
29299,0.10280799865722656
28024,0.09837675094604492
26582,0.09629607200622559
29343,0.09562277793884277
28731,0.09756135940551758
28642,0.09764719009399414
29232,0.09658479690551758
29549,0.10231494903564453
29389,0.09885597229003906
28742,0.06796145439147949
29258,0.09544754028320312
28772,0.09958457946777344
28529,0.0972900390625
28752,0.09400677680969238
28920,0.09364652633666992
29241,0.07493925094604492
28723,0.09742403030395508
28566,0.09943294525146484
29459,0.09554743766784668
29316,0.10133028030395508
28439,0.09417414665222168
28893,0.09152030944824219
28359,0.08893895149230957
28399,0.09618186950683594
28337,0.09282064437866211
28460,0.09531378746032715
28494,0.09519720077514648
28481,0.0986330509185791
28477,0.10432004928588867
28369,0.09165525436401367
28390,0.09577274322509766
28347,0.09876108169555664
28484,0.08968520164489746
28505,0.06295943260192871
28394,0.09185028076171875
28575,0.10028386116027832
28535,0.10332012176513672
28462,0.09059309959411621
28497,0.09272313117980957
28605,0.0901327133178711
28757,0.09998559951782227
28720,0.09543013572692871
28868,0.09522843360900879
29874,0.11316847801208496
28485,0.09578466415405273
28531,0.0959939956665039
28738,0.09950518608093262
28586,0.09379339218139648
28561,0.09746408462524414
28305,0.09558510780334473
28464,0.10837388038635254
28362,0.09587717056274414
28571,0.09380817413330078
28808,0.09941267967224121
28563,0.08754396438598633
28587,0.09688472747802734
28524,0.09518313407897949
28536,0.09284281730651855
28535,0.10057687759399414
28526,0.09303045272827148
28537,0.10669136047363281
28619,0.09227895736694336
28521,0.07859945297241211
28559,0.09180450439453125
28529,0.09812021255493164
28559,0.09250497817993164
28533,0.07649064064025879
28626,0.09539461135864258
28668,0.09349656105041504
28602,0.0984961986541748
28605,0.09762454032897949
28673,0.09460711479187012
28621,0.09737753868103027
28580,0.06947088241577148
28569,0.0925900936126709
28662,0.09788799285888672
28793,0.10148429870605469
28611,0.09724950790405273
28724,0.07323360443115234
28624,0.09722161293029785
28701,0.09040307998657227
28737,0.09415745735168457
28649,0.09339094161987305
31353,0.09047460556030273
31422,0.1170496940612793
31479,0.11572933197021484
31562,0.10285425186157227
31758,0.12086939811706543
31737,0.10743474960327148
31376,0.09609723091125488
31564,0.09283185005187988
31361,0.11693692207336426
31587,0.09543800354003906
31343,0.09499120712280273
31597,0.10114550590515137
31477,0.12108278274536133
31420,0.1166985034942627
31521,0.0933237075805664
31405,0.09468960762023926
31364,0.09704732894897461
31351,0.09685778617858887
31337,0.11743855476379395
31220,0.09403276443481445
31269,0.0976266860961914
31280,0.11517906188964844
31426,0.09392166137695312
31463,0.09103584289550781
31427,0.11339950561523438
31364,0.09784340858459473
31438,0.0972452163696289
31335,0.09408950805664062
31443,0.09594583511352539
31344,0.09295272827148438
31349,0.09444713592529297
31449,0.06110501289367676
31473,0.0927119255065918
31367,0.09045696258544922
31512,0.11876249313354492
30719,0.08910679817199707
32125,0.1159660816192627
31595,0.09380245208740234
31727,0.11643767356872559
32019,0.09582829475402832
31208,0.10264849662780762
31457,0.09363651275634766
31345,0.09797382354736328
31376,0.1072080135345459
31394,0.09201335906982422
31045,0.11308526992797852
31018,0.09586882591247559
31442,0.09379339218139648
31497,0.10100674629211426
31150,0.09474444389343262
31308,0.09617090225219727
31293,0.09680056571960449
31423,0.0967702865600586
31293,0.09458661079406738
31435,0.1170196533203125
31338,0.12279367446899414
31392,0.11361455917358398
31331,0.09885907173156738
31155,0.09377932548522949
31245,0.12165403366088867
31446,0.10341429710388184
30376,0.11796116828918457
29963,0.07931137084960938
31539,0.11772990226745605
31389,0.09545779228210449
31221,0.09548401832580566
31397,0.09432315826416016
31328,0.0991213321685791
31378,0.09327816963195801
31767,0.09697651863098145
31671,0.11513233184814453
31591,0.09476804733276367
31707,0.09786701202392578
31705,0.09162068367004395
31704,0.09337115287780762
31701,0.09281730651855469
31635,0.11366724967956543
31687,0.10736370086669922
31906,0.1125340461730957
31816,0.0996544361114502
31455,0.09083747863769531
31503,0.0868985652923584
31558,0.09422421455383301
31269,0.09441852569580078
31459,0.09196734428405762
31566,0.11380791664123535
31787,0.12505602836608887
31886,0.1197659969329834
31575,0.11519575119018555
31563,0.09622502326965332
31597,0.09055924415588379
31796,0.09507441520690918
31465,0.09881186485290527
31558,0.10561847686767578
28042,0.09442496299743652
31730,0.09536957740783691
27973,0.1054379940032959
31917,0.09580564498901367
31788,0.08960103988647461
31784,0.10298347473144531
31693,0.09524250030517578
31814,0.09585285186767578
31841,0.11342620849609375
31796,0.09781217575073242
31734,0.10037493705749512
31557,0.09143781661987305
31638,0.09425640106201172
31544,0.09834599494934082
31760,0.09365463256835938
31641,0.09799337387084961
31723,0.07318925857543945
31635,0.09948992729187012
31825,0.09713912010192871
31853,0.09495234489440918
31827,0.09718704223632812
31707,0.0932931900024414
31650,0.09162044525146484
31553,0.07414746284484863
31534,0.11931037902832031
31268,0.09299945831298828
31218,0.10007452964782715
31631,0.09387063980102539
31686,0.08231854438781738
31579,0.09700202941894531
31432,0.08944296836853027
31370,0.09202051162719727
31259,0.12132692337036133
31175,0.0963737964630127
31137,0.09226465225219727
31100,0.09549808502197266
31104,0.06968998908996582
27915,0.0983436107635498
28005,0.09233283996582031
27973,0.0917818546295166
28069,0.11233687400817871
28301,0.11597776412963867
28055,0.11160421371459961
28308,0.09534335136413574
28355,0.11588931083679199
27959,0.12186264991760254
27443,0.10984468460083008
27665,0.07566595077514648
27910,0.11416077613830566
27948,0.12381649017333984
28224,0.09929180145263672
28187,0.1147007942199707
28507,0.11272263526916504
28337,0.0989990234375
28379,0.11431384086608887
28253,0.09380269050598145
27749,0.10163664817810059
28098,0.09358739852905273
28223,0.09587979316711426
28155,0.06342649459838867
28226,0.09339213371276855
28213,0.11257767677307129
28141,0.11661815643310547
28226,0.11720848083496094
29809,0.09540915489196777
30004,0.11599135398864746
29824,0.12087297439575195
29797,0.11915874481201172
29797,0.09682297706604004
29832,0.10207128524780273
29842,0.09142732620239258
29982,0.1051173210144043
29896,0.0951530933380127
29922,0.11542963981628418
29879,0.12148761749267578
29967,0.11171507835388184
29774,0.11655855178833008
29871,0.08978033065795898
29809,0.09846329689025879
29844,0.11488866806030273
29877,0.10143828392028809
29914,0.09908342361450195
30054,0.11000537872314453
30073,0.09428715705871582
30367,0.10120368003845215
30202,0.09356570243835449
30137,0.11503791809082031
29863,0.0948019027709961
30008,0.09818601608276367
29991,0.09453368186950684
29731,0.09472894668579102
29816,0.09169864654541016
29922,0.09459495544433594
30209,0.09301090240478516
30064,0.06192827224731445
30242,0.0991370677947998
30086,0.09563970565795898
30052,0.11447429656982422
29810,0.11016845703125
29379,0.09478759765625
28992,0.09658050537109375
29453,0.10083127021789551
29788,0.06577324867248535
30083,0.09827733039855957
30012,0.11400794982910156
30210,0.10145759582519531
29934,0.0945730209350586
29698,0.10001730918884277
29730,0.0971074104309082
30987,0.11516928672790527
31612,0.09762310981750488
32475,0.10655474662780762
33378,0.10573196411132812
33064,0.10639619827270508
33904,0.11987924575805664
33579,0.11030459403991699
33413,0.08635401725769043
33790,0.12221479415893555
33833,0.11046838760375977
33535,0.11314511299133301
33705,0.09276270866394043
33543,0.09035134315490723
33664,0.10423040390014648
33397,0.10309100151062012
33295,0.11106014251708984
33543,0.10844278335571289
33502,0.10789346694946289
33369,0.11368513107299805
33494,0.11527538299560547
33539,0.09271574020385742
33414,0.10380840301513672
33663,0.10575413703918457
33800,0.08397102355957031
33485,0.11838579177856445
33191,0.07959222793579102
33540,0.11659550666809082
33506,0.08373594284057617
33455,0.09519076347351074
33337,0.08307147026062012
33042,0.10894393920898438
33102,0.10564684867858887
32806,0.11275720596313477
32524,0.07480263710021973
33882,0.11717724800109863
26527,0.0946967601776123
26625,0.09541773796081543
26282,0.11605334281921387
25925,0.06397080421447754
25751,0.11035013198852539
26493,0.09748291969299316
26038,0.12037396430969238
26465,0.09364652633666992
26549,0.09591555595397949
26668,0.0946810245513916
26489,0.09234142303466797
26658,0.09377026557922363
29269,0.08747625350952148
29373,0.0834054946899414
29399,0.09339332580566406
29542,0.09113001823425293
29395,0.08938741683959961
29454,0.08662533760070801
29547,0.1148371696472168
29433,0.10892844200134277
27742,0.11207318305969238
27842,0.1093757152557373
28003,0.06541323661804199
27330,0.11010026931762695
25732,0.09035396575927734
25523,0.1024625301361084
25930,0.08976244926452637
26116,0.08495712280273438
26270,0.10992932319641113
26420,0.08769726753234863
27331,0.11043357849121094
27700,0.1127767562866211
27915,0.10836005210876465
27694,0.09065604209899902
27446,0.08981132507324219
27025,0.10906124114990234
27420,0.11151671409606934
27499,0.11323952674865723
27733,0.09019207954406738
27720,0.09881734848022461
27710,0.1036992073059082
27720,0.10518145561218262
27726,0.08821988105773926
27742,0.09103560447692871
27722,0.1061701774597168
27678,0.10253548622131348
27699,0.1053309440612793
27770,0.1119070053100586
27858,0.08868980407714844
27880,0.10565352439880371
27893,0.08697009086608887
28061,0.0925135612487793
28076,0.12032127380371094
30588,0.11537623405456543
31311,0.11449456214904785
31630,0.0900886058807373
31997,0.11342215538024902
30710,0.11166501045227051
29659,0.11110329627990723
30392,0.06945085525512695
29706,0.10849857330322266
30012,0.09151005744934082
29595,0.09638071060180664
29725,0.08850407600402832
29589,0.09358906745910645
29607,0.0897982120513916
26165,0.09130501747131348
30326,0.09102988243103027
29810,0.07408547401428223
29943,0.0927894115447998
29867,0.09337019920349121
29795,0.09133362770080566
29585,0.09354233741760254
29038,0.09692692756652832
29795,0.1051182746887207
30022,0.09789514541625977
29903,0.1075289249420166
29844,0.08325314521789551
29791,0.09010767936706543
29877,0.10617256164550781
29819,0.11985111236572266
29753,0.09023880958557129
29747,0.08975815773010254
29870,0.09058141708374023
30191,0.08335709571838379
29685,0.0907433032989502
29904,0.08550572395324707
29785,0.11343669891357422
29620,0.11023497581481934
29305,0.11090469360351562
29367,0.11318731307983398
29640,0.11407947540283203
28927,0.11199307441711426
29170,0.10459470748901367
28806,0.11150693893432617
29155,0.08464956283569336
29697,0.11365246772766113
29757,0.10686492919921875
29685,0.10519981384277344
28522,0.08880829811096191
30327,0.09043717384338379
30268,0.11187076568603516
29991,0.08977460861206055
29971,0.10527253150939941
30157,0.11190438270568848
30096,0.08994460105895996
30124,0.1084601879119873
30106,0.08491253852844238
30202,0.08199214935302734
30335,0.10674095153808594
30281,0.09056878089904785
30120,0.0922544002532959
30454,0.09057950973510742
30427,0.09065556526184082
30387,0.1141505241394043
30047,0.09222531318664551
29529,0.09074664115905762
30235,0.08865928649902344
30187,0.11147356033325195
29168,0.10669279098510742
29229,0.08954501152038574
29764,0.08593916893005371
29655,0.08483719825744629
28821,0.0898139476776123
30105,0.08158469200134277
29534,0.09372329711914062
29097,0.10721278190612793
30016,0.08540558815002441
29284,0.1040487289428711
29326,0.08983612060546875
29816,0.10503911972045898
29857,0.09213447570800781
29635,0.08427810668945312
29093,0.08488130569458008
30125,0.1144721508026123
30066,0.08622169494628906
29627,0.11974000930786133
29648,0.10779404640197754
29732,0.08971071243286133
30166,0.09134483337402344
29690,0.08974575996398926
29828,0.10837411880493164
28985,0.09269905090332031
30369,0.10619902610778809
30231,0.11025834083557129
30006,0.09101676940917969
30059,0.10573005676269531
30013,0.08891820907592773
30188,0.08715057373046875
29782,0.10598444938659668
29973,0.09263420104980469
29947,0.09180498123168945
29642,0.08722686767578125
28850,0.11109018325805664
29147,0.10732197761535645
30128,0.10491490364074707
29979,0.08967065811157227
30060,0.09107828140258789
29964,0.11363101005554199
30201,0.08950328826904297
30068,0.08855056762695312
30078,0.06286168098449707
29933,0.10737419128417969
30120,0.09127259254455566
30117,0.08644580841064453
29294,0.09150481224060059
29509,0.08908963203430176
29845,0.1089632511138916
30024,0.11068463325500488
30036,0.09032940864562988
29964,0.09398913383483887
29908,0.09230923652648926
30040,0.11196160316467285
30048,0.09547305107116699
30224,0.09089469909667969
30112,0.09332990646362305
30103,0.08651542663574219
30120,0.08890509605407715
30071,0.08989095687866211
30077,0.11147236824035645
29701,0.11219525337219238
29134,0.08494305610656738
29184,0.09090447425842285
29256,0.07492589950561523
29065,0.10612368583679199
30590,0.09244370460510254
30215,0.1053006649017334
30030,0.08959627151489258
30106,0.08852958679199219
29957,0.10438251495361328
30066,0.09499096870422363
29909,0.11192750930786133
29845,0.08504366874694824
29674,0.10571932792663574
29790,0.1084897518157959
29363,0.08677959442138672
29647,0.11126589775085449
29235,0.08502054214477539
29896,0.08938479423522949
