28670,0.07849240303039551
28022,0.07401394844055176
28487,0.08300328254699707
26916,0.1157996654510498
23709,0.11467576026916504
28274,0.09137153625488281
28592,0.1200711727142334
28593,0.1190180778503418
28706,0.09398031234741211
28603,0.1105813980102539
28645,0.11830282211303711
28683,0.11768102645874023
28709,0.12139511108398438
28669,0.1262209415435791
28566,0.09884214401245117
28302,0.11565041542053223
28475,0.1214289665222168
28499,0.09380769729614258
28871,0.06419849395751953
28567,0.0970923900604248
28051,0.09982919692993164
28464,0.09067821502685547
28618,0.11603522300720215
28686,0.09306001663208008
28730,0.11091327667236328
28623,0.09503316879272461
26510,0.09676742553710938
26799,0.07267332077026367
27121,0.10475993156433105
26918,0.11434054374694824
26207,0.09977579116821289
27030,0.09329509735107422
25774,0.0653076171875
26470,0.1153557300567627
26288,0.11018514633178711
26224,0.09613919258117676
26449,0.09763479232788086
26597,0.09470677375793457
26556,0.0984945297241211
26380,0.09614825248718262
26610,0.10078763961791992
26704,0.09759712219238281
26663,0.09429478645324707
26741,0.08642816543579102
26547,0.09531474113464355
26647,0.09408116340637207
26643,0.0985403060913086
26560,0.0907440185546875
26577,0.10140514373779297
26394,0.09521007537841797
26382,0.09532856941223145
26212,0.09277987480163574
26753,0.07565760612487793
26822,0.09526801109313965
26628,0.09978270530700684
26696,0.09809637069702148
26797,0.0979301929473877
26736,0.0918266773223877
26855,0.10393667221069336
26922,0.09176421165466309
26911,0.08606290817260742
26903,0.09205055236816406
26736,0.09564328193664551
26807,0.0956413745880127
26845,0.09554457664489746
26841,0.09711313247680664
26756,0.09645533561706543
27313,0.09314823150634766
27682,0.09357023239135742
27671,0.09916019439697266
28047,0.0964655876159668
25932,0.09672832489013672
26506,0.09424471855163574
26909,0.09086918830871582
26911,0.09395027160644531
26839,0.0966029167175293
26988,0.0948796272277832
26772,0.09277749061584473
27078,0.09522080421447754
27073,0.0936582088470459
27676,0.09755873680114746
26317,0.08969521522521973
27283,0.10091066360473633
27841,0.09046626091003418
27091,0.09655070304870605
26409,0.09602737426757812
27455,0.0990140438079834
27830,0.10159897804260254
27718,0.09680390357971191
26550,0.08695149421691895
27742,0.08410978317260742
27056,0.09729170799255371
26479,0.114837646484375
26907,0.11095809936523438
27241,0.07737350463867188
27732,0.09589910507202148
27250,0.10242962837219238
26180,0.0964970588684082
27906,0.06389856338500977
27847,0.1023716926574707
26164,0.09491372108459473
27232,0.09518027305603027
26772,0.09651970863342285
26740,0.08867096900939941
26710,0.09384298324584961
26780,0.10031676292419434
26752,0.09448671340942383
26739,0.06797003746032715
26727,0.0900568962097168
26741,0.09166383743286133
26737,0.09161257743835449
26672,0.0934598445892334
26917,0.09488749504089355
26831,0.0847482681274414
26716,0.06313228607177734
26697,0.09557080268859863
26836,0.07599115371704102
26844,0.09263420104980469
26836,0.09551835060119629
26897,0.09648013114929199
26919,0.09511399269104004
26931,0.0953834056854248
27089,0.07811737060546875
28152,0.10736370086669922
26726,0.09573745727539062
26887,0.09239077568054199
26987,0.09469485282897949
26768,0.11317205429077148
26841,0.09119224548339844
26624,0.09146451950073242
26722,0.09650897979736328
26774,0.09698343276977539
26931,0.09917950630187988
27016,0.08339262008666992
27089,0.09567523002624512
27056,0.09374022483825684
26971,0.09293889999389648
26907,0.09600114822387695
26852,0.09575748443603516
26785,0.10715436935424805
26851,0.09953856468200684
26886,0.10543227195739746
26830,0.09572243690490723
26851,0.10429024696350098
26839,0.09346604347229004
26836,0.09010720252990723
26953,0.09352397918701172
26922,0.0939943790435791
26810,0.09311866760253906
26890,0.11272025108337402
26741,0.08027267456054688
26906,0.11597013473510742
26941,0.09777402877807617
26931,0.09885191917419434
26934,0.08285331726074219
26997,0.1178596019744873
26995,0.10021400451660156
26901,0.09228825569152832
26949,0.09890246391296387
26929,0.10031652450561523
26978,0.10181593894958496
26938,0.09012532234191895
26941,0.0706932544708252
30471,0.09495663642883301
30237,0.09628725051879883
30459,0.09448719024658203
30545,0.09912919998168945
30488,0.09339547157287598
30441,0.09571027755737305
30059,0.11406159400939941
30072,0.10969877243041992
30034,0.06630849838256836
30314,0.09384536743164062
29982,0.10126733779907227
30200,0.09575033187866211
30303,0.09544730186462402
30514,0.0953676700592041
30365,0.09644198417663574
30166,0.09697771072387695
30093,0.09520149230957031
30104,0.0926504135131836
29906,0.11593270301818848
29682,0.09668469429016113
29797,0.0920095443725586
29795,0.09990453720092773
29779,0.10869669914245605
30037,0.10660243034362793
30155,0.10150289535522461
30104,0.08885812759399414
30185,0.09313631057739258
30212,0.09397315979003906
30009,0.11539483070373535
30137,0.09498190879821777
30154,0.11178898811340332
30067,0.0762796401977539
30049,0.0950157642364502
30105,0.09448552131652832
30171,0.10294079780578613
29146,0.09441566467285156
30441,0.1107792854309082
30062,0.12268376350402832
30570,0.09362077713012695
30687,0.09655094146728516
30356,0.10490226745605469
30223,0.0930321216583252
29898,0.08341217041015625
30050,0.08890986442565918
30134,0.09483861923217773
29899,0.09391617774963379
30035,0.11754822731018066
30245,0.09461426734924316
30131,0.07631802558898926
29996,0.08982515335083008
30113,0.10478758811950684
30458,0.09950828552246094
30311,0.1033027172088623
30282,0.09002327919006348
30381,0.09165692329406738
30380,0.09356427192687988
30376,0.09829545021057129
30319,0.11358857154846191
30207,0.11763167381286621
30273,0.09587621688842773
30283,0.09389710426330566
29414,0.09633374214172363
28801,0.09412837028503418
30013,0.07863330841064453
30307,0.11297488212585449
30302,0.1093909740447998
30282,0.11915326118469238
30579,0.09624576568603516
30329,0.08846664428710938
30581,0.09581303596496582
30601,0.09686589241027832
30520,0.0930030345916748
30627,0.0872507095336914
30434,0.10149383544921875
30440,0.1039578914642334
30484,0.09278392791748047
30433,0.06670856475830078
30560,0.09218096733093262
30535,0.10591745376586914
30451,0.09380555152893066
30485,0.07671260833740234
30631,0.11256909370422363
30559,0.09267258644104004
30596,0.1174476146697998
30280,0.09505701065063477
30435,0.11286067962646484
30793,0.1061866283416748
30747,0.11467313766479492
30334,0.09669613838195801
30305,0.08280348777770996
30316,0.0951395034790039
30450,0.11501145362854004
30238,0.12004733085632324
30649,0.08027076721191406
30834,0.09555768966674805
30688,0.09581112861633301
30450,0.1152811050415039
30793,0.10311007499694824
30491,0.09091639518737793
30572,0.10957717895507812
30572,0.10049295425415039
30468,0.0916295051574707
30627,0.1154489517211914
30492,0.09558439254760742
30580,0.09145784378051758
30018,0.10358810424804688
30242,0.10271978378295898
30364,0.09382176399230957
30647,0.11409521102905273
30414,0.10104799270629883
30348,0.090728759765625
30395,0.1145331859588623
30708,0.10055184364318848
30611,0.11564183235168457
30330,0.07801985740661621
30310,0.09325623512268066
30355,0.09299755096435547
30084,0.07333111763000488
29912,0.09711313247680664
29610,0.10428571701049805
29416,0.11685872077941895
29960,0.09297895431518555
30025,0.10005307197570801
30005,0.10058927536010742
29859,0.0946664810180664
29877,0.0930626392364502
29675,0.09717941284179688
29592,0.0933229923248291
29728,0.09396648406982422
29735,0.09349370002746582
29773,0.09552860260009766
31081,0.11939454078674316
30878,0.09175872802734375
31092,0.11680984497070312
31302,0.0919337272644043
30712,0.09316372871398926
30066,0.07813334465026855
31663,0.11794757843017578
30367,0.11204814910888672
30597,0.11910319328308105
29613,0.12006735801696777
29457,0.1096949577331543
29798,0.09358978271484375
30238,0.10996270179748535
30226,0.09408235549926758
29657,0.09174180030822754
29659,0.0948634147644043
29640,0.10469174385070801
29664,0.09102964401245117
30343,0.07398819923400879
30126,0.12601733207702637
31291,0.11340808868408203
30550,0.10873126983642578
30793,0.09415841102600098
30276,0.09328389167785645
30311,0.11933231353759766
30185,0.11696219444274902
30389,0.11888909339904785
33177,0.09742331504821777
33267,0.09726595878601074
33585,0.10069632530212402
33364,0.10337615013122559
33597,0.09612917900085449
33365,0.0981755256652832
29254,0.09463667869567871
29353,0.09433317184448242
33421,0.0961158275604248
29327,0.08214926719665527
29398,0.0999143123626709
29350,0.0973665714263916
33416,0.11976027488708496
33487,0.0986490249633789
33392,0.11334586143493652
29300,0.09202194213867188
29356,0.09299540519714355
29364,0.10089898109436035
33567,0.10283017158508301
33770,0.11271023750305176
33828,0.09816169738769531
29605,0.09084558486938477
33510,0.09857177734375
33613,0.11528825759887695
33886,0.11367154121398926
33706,0.09474301338195801
33319,0.09546160697937012
33659,0.09754419326782227
33445,0.1149299144744873
33408,0.09452462196350098
29695,0.09343600273132324
29668,0.09501314163208008
33982,0.10607004165649414
29690,0.10746502876281738
32786,0.09718489646911621
33068,0.09454917907714844
32211,0.10031390190124512
32640,0.11593961715698242
33114,0.10418319702148438
33386,0.10085153579711914
29362,0.09502601623535156
29850,0.0936884880065918
30167,0.09906744956970215
30433,0.09158802032470703
30790,0.11352324485778809
31220,0.09483718872070312
31723,0.1022191047668457
32109,0.10677528381347656
33164,0.0966041088104248
33801,0.10352063179016113
33104,0.11343026161193848
33806,0.10760641098022461
33577,0.1092691421508789
34114,0.09215450286865234
33937,0.10638117790222168
33749,0.1017310619354248
33491,0.07439541816711426
33813,0.11833977699279785
33368,0.08391523361206055
33782,0.0961618423461914
33630,0.10665154457092285
33504,0.11396574974060059
33631,0.08407402038574219
33460,0.10878229141235352
33754,0.09276080131530762
33530,0.11392879486083984
33602,0.12040090560913086
33650,0.1107480525970459
33484,0.09611773490905762
33430,0.11914610862731934
33388,0.09466075897216797
33232,0.08961868286132812
33723,0.09152817726135254
33681,0.10944914817810059
33399,0.10417342185974121
33571,0.09506654739379883
33245,0.11400890350341797
33387,0.10939502716064453
32547,0.10164499282836914
33781,0.1119999885559082
28279,0.11918830871582031
28182,0.06251358985900879
28249,0.0964651107788086
27657,0.09558653831481934
27619,0.09567618370056152
28505,0.11696004867553711
27935,0.09800910949707031
27854,0.11132335662841797
28576,0.09729123115539551
28407,0.09155058860778809
28436,0.0948801040649414
28513,0.09465575218200684
28784,0.08864283561706543
28978,0.11488962173461914
28766,0.09044480323791504
28807,0.08989787101745605
29003,0.10439944267272949
28775,0.10923290252685547
29160,0.09254312515258789
29038,0.09134769439697266
27085,0.08851742744445801
27200,0.08965682983398438
27098,0.09090876579284668
26671,0.09055328369140625
26353,0.09312725067138672
24789,0.10631060600280762
25883,0.07149553298950195
24993,0.08904123306274414
26524,0.10938072204589844
26398,0.10910582542419434
27250,0.09204840660095215
27463,0.09218978881835938
26950,0.10524725914001465
30542,0.08450055122375488
30301,0.09017014503479004
30093,0.1082313060760498
26383,0.11141157150268555
26795,0.09185242652893066
27217,0.10857319831848145
27281,0.09064006805419922
27273,0.09153413772583008
27319,0.09090375900268555
27256,0.09130120277404785
27193,0.10790896415710449
27261,0.11131834983825684
27259,0.10517311096191406
27255,0.10859274864196777
27229,0.10691428184509277
27197,0.11086058616638184
27164,0.09295082092285156
27282,0.08887696266174316
27207,0.11045098304748535
27194,0.09388422966003418
28390,0.10697555541992188
29537,0.08284187316894531
32844,0.07457160949707031
33098,0.0897514820098877
33090,0.09164118766784668
26830,0.10518217086791992
27624,0.10206890106201172
31019,0.09055781364440918
27429,0.10635805130004883
27370,0.09683442115783691
27406,0.0723874568939209
30910,0.08680057525634766
27321,0.08763623237609863
26740,0.08985424041748047
27338,0.09036922454833984
30897,0.0915215015411377
31102,0.11162877082824707
31103,0.07823443412780762
30314,0.09070134162902832
27134,0.09051942825317383
27067,0.08805584907531738
27223,0.10007429122924805
27299,0.09223127365112305
27433,0.10094761848449707
27430,0.11386322975158691
27269,0.08817529678344727
28845,0.1025247573852539
28858,0.1059718132019043
28869,0.09158730506896973
29236,0.09416317939758301
29150,0.10544252395629883
30595,0.08587360382080078
30924,0.09018278121948242
31726,0.09221816062927246
31893,0.09158802032470703
31545,0.08958554267883301
30168,0.10960507392883301
30259,0.09151864051818848
31507,0.09085345268249512
30290,0.10834169387817383
30225,0.11078500747680664
31354,0.08785772323608398
30550,0.1127779483795166
31271,0.08592796325683594
30817,0.09015417098999023
29896,0.08905291557312012
29694,0.09061598777770996
32353,0.08664870262145996
31879,0.08687400817871094
31439,0.08339953422546387
31307,0.09124922752380371
31494,0.06193351745605469
31592,0.09431695938110352
31462,0.09402871131896973
31605,0.09281563758850098
31906,0.09228014945983887
31835,0.11324477195739746
31958,0.11582159996032715
31902,0.09275484085083008
32154,0.0900881290435791
32389,0.08859729766845703
32583,0.08904433250427246
31944,0.08987569808959961
31971,0.0933237075805664
31440,0.11345767974853516
32197,0.0839071273803711
30175,0.0904855728149414
30559,0.08939313888549805
31265,0.08924436569213867
30597,0.09241652488708496
30676,0.08972382545471191
31682,0.11015200614929199
30993,0.08932375907897949
30652,0.11326074600219727
30209,0.08925461769104004
31261,0.10980081558227539
31186,0.10517072677612305
30952,0.09084916114807129
31450,0.08164310455322266
31141,0.08350515365600586
30263,0.08504390716552734
31275,0.09326934814453125
31277,0.08936905860900879
31176,0.08983969688415527
30876,0.08682942390441895
30035,0.10693192481994629
31894,0.08740067481994629
31744,0.09195423126220703
31760,0.09178662300109863
29515,0.09415721893310547
31731,0.09305405616760254
31660,0.0903935432434082
31594,0.09419751167297363
31923,0.11045002937316895
31680,0.08654069900512695
31614,0.09254288673400879
31643,0.09265017509460449
31819,0.11495733261108398
31295,0.11017513275146484
31065,0.11310791969299316
31067,0.10958504676818848
30734,0.10628080368041992
31267,0.11800384521484375
31724,0.09074711799621582
31641,0.09078764915466309
31544,0.09238290786743164
31830,0.08983922004699707
31758,0.11255741119384766
31780,0.09047627449035645
31919,0.09296798706054688
32155,0.09056735038757324
31777,0.07945561408996582
30723,0.09113144874572754
31499,0.08989548683166504
31857,0.09069299697875977
31709,0.0909583568572998
31688,0.0913553237915039
31703,0.11257529258728027
31717,0.08780980110168457
31803,0.08905696868896484
32006,0.09447932243347168
31895,0.08684206008911133
31740,0.0895533561706543
31894,0.09318232536315918
32023,0.11452174186706543
32126,0.08938241004943848
32148,0.10311222076416016
31601,0.0910499095916748
31704,0.08330082893371582
30006,0.0924844741821289
31485,0.09406542778015137
30395,0.08876204490661621
32501,0.09134793281555176
31950,0.09047675132751465
31809,0.11296772956848145
31714,0.08855271339416504
31886,0.07774114608764648
31585,0.09257817268371582
31660,0.11113381385803223
31670,0.112060546875
31403,0.10302591323852539
31492,0.09305238723754883
31230,0.09005165100097656
31022,0.08914041519165039
30604,0.09379267692565918
30924,0.0706179141998291
