out0001.jpg, person, 0.8148347735404968, 425, 211, 443, 248
out0001.jpg, person, 0.803321361541748, 274, 256, 297, 288
out0001.jpg, person, 0.6865780353546143, 1073, 237, 1084, 257
out0001.jpg, person, 0.9214620590209961, 874, 205, 888, 230
out0001.jpg, car, 0.8861258029937744, 204, 371, 311, 423
out0001.jpg, car, 0.931617259979248, 582, 114, 613, 146
out0001.jpg, car, 0.8685901165008545, 621, 135, 650, 167
out0001.jpg, car, 0.9672859907150269, 594, 151, 630, 182
out0001.jpg, car, 0.9633345007896423, 640, 156, 671, 182
out0001.jpg, traffic light, 0.7341770529747009, 1144, 313, 1159, 338
out0002.jpg, person, 0.7835129499435425, 422, 210, 441, 248
out0002.jpg, person, 0.6664587259292603, 275, 256, 298, 288
out0002.jpg, car, 0.9055408239364624, 203, 370, 311, 424
out0002.jpg, car, 0.968569278717041, 582, 113, 614, 146
out0002.jpg, car, 0.9668722748756409, 7, 402, 50, 439
out0002.jpg, car, 0.921686589717865, 548, 95, 563, 112
out0002.jpg, car, 0.9522165656089783, 518, 157, 537, 179
out0002.jpg, car, 0.8688192367553711, 621, 134, 650, 166
out0002.jpg, traffic light, 0.9455788135528564, 891, 213, 901, 237
out0003.jpg, person, 0.8201146721839905, 424, 213, 442, 248
out0003.jpg, person, 0.8497698307037354, 275, 256, 299, 288
out0003.jpg, car, 0.8858442306518555, 208, 370, 310, 423
out0003.jpg, car, 0.920503556728363, 36, 395, 89, 435
out0003.jpg, car, 0.9232008457183838, 832, 531, 958, 671
out0003.jpg, car, 0.9591317772865295, 583, 113, 614, 146
out0003.jpg, car, 0.965495228767395, 512, 164, 537, 194
out0003.jpg, car, 0.8676676154136658, 549, 97, 569, 122
out0003.jpg, car, 0.8227516412734985, 621, 134, 650, 168
out0003.jpg, traffic light, 0.9211574792861938, 1143, 313, 1159, 339
out0003.jpg, traffic light, 0.9523398876190186, 1072, 239, 1083, 257
out0004.jpg, person, 0.8862653374671936, 274, 256, 298, 288
out0004.jpg, person, 0.7885149121284485, 424, 211, 442, 248
out0004.jpg, person, 0.9697144627571106, 299, 230, 318, 259
out0004.jpg, car, 0.9988865256309509, 683, 409, 813, 515
out0004.jpg, car, 0.8746601343154907, 206, 371, 310, 423
out0004.jpg, car, 0.9727311730384827, 583, 114, 613, 145
out0004.jpg, car, 0.9506561756134033, 63, 393, 126, 432
out0004.jpg, car, 0.9204811453819275, 550, 106, 571, 127
out0004.jpg, car, 0.9608528017997742, 511, 176, 538, 204
out0004.jpg, car, 0.8772297501564026, 620, 135, 650, 168
out0005.jpg, person, 0.9224628806114197, 274, 255, 298, 288
out0005.jpg, person, 0.9468901753425598, 426, 209, 442, 247
out0005.jpg, car, 0.9826583862304688, 512, 339, 638, 409
out0005.jpg, car, 0.9474769234657288, 207, 370, 310, 423
out0005.jpg, car, 0.8126888275146484, 842, 405, 936, 495
out0005.jpg, car, 0.9741706848144531, 812, 559, 944, 688
out0005.jpg, car, 0.7745698094367981, 929, 407, 1007, 486
out0005.jpg, car, 0.9818669557571411, 585, 115, 614, 146
out0005.jpg, car, 0.9393718838691711, 549, 115, 574, 141
out0005.jpg, car, 0.8846867084503174, 620, 133, 650, 169
out0005.jpg, car, 0.4679817259311676, 1164, 267, 1190, 285
out0005.jpg, car, 0.9383059144020081, 509, 174, 539, 209
out0005.jpg, car, 0.9751793742179871, 595, 151, 629, 183
out0005.jpg, traffic light, 0.6900622844696045, 1144, 314, 1160, 337
out0006.jpg, person, 0.9174564480781555, 274, 256, 298, 287
out0006.jpg, person, 0.8240825533866882, 422, 210, 440, 244
out0006.jpg, person, 0.976348876953125, 300, 229, 319, 259
out0006.jpg, car, 0.9898630380630493, 627, 415, 774, 520
out0006.jpg, car, 0.924493670463562, 729, 328, 834, 400
out0006.jpg, car, 0.8229239583015442, 206, 370, 310, 424
out0006.jpg, car, 0.986064076423645, 353, 316, 438, 362
out0006.jpg, car, 0.9564403295516968, 863, 325, 932, 382
out0006.jpg, car, 0.9112731218338013, 109, 383, 177, 429
out0006.jpg, car, 0.6615533828735352, 989, 400, 1069, 483
out0006.jpg, car, 0.9578126072883606, 909, 492, 1007, 611
out0006.jpg, car, 0.9657878279685974, 510, 177, 539, 211
out0006.jpg, car, 0.9921537041664124, 585, 115, 614, 147
out0006.jpg, car, 0.9898720383644104, 594, 149, 631, 182
out0006.jpg, car, 0.9617611765861511, 1002, 502, 1086, 601
out0006.jpg, car, 0.9924677014350891, 594, 137, 622, 164
out0006.jpg, car, 0.9361074566841125, 621, 133, 650, 166
out0006.jpg, car, 0.9762755036354065, 905, 480, 988, 554
out0006.jpg, traffic light, 0.5707683563232422, 1148, 266, 1173, 285
out0006.jpg, traffic light, 0.47177156805992126, 1143, 314, 1161, 337
out0007.jpg, person, 0.89962238073349, 422, 210, 440, 248
out0007.jpg, person, 0.9011191129684448, 274, 256, 297, 288
out0007.jpg, person, 0.5105754137039185, 1106, 280, 1134, 306
out0007.jpg, car, 0.9522567987442017, 466, 347, 590, 412
out0007.jpg, car, 0.8279224634170532, 599, 279, 704, 335
out0007.jpg, car, 0.9190516471862793, 801, 373, 906, 468
out0007.jpg, car, 0.9395482540130615, 210, 373, 309, 423
out0007.jpg, car, 0.6050522923469543, 934, 402, 1010, 484
out0007.jpg, car, 0.8554178476333618, 800, 247, 864, 291
out0007.jpg, car, 0.9887787699699402, 585, 114, 613, 145
out0007.jpg, car, 0.9468351602554321, 190, 330, 267, 365
out0007.jpg, car, 0.8951185345649719, 112, 382, 188, 425
out0007.jpg, car, 0.956851065158844, 554, 139, 583, 169
out0007.jpg, car, 0.9782428741455078, 509, 181, 540, 209
out0007.jpg, car, 0.9755988717079163, 594, 151, 629, 182
out0007.jpg, car, 0.8740677237510681, 622, 133, 651, 165
out0007.jpg, car, 0.9868266582489014, 0, 108, 1230, 603
out0007.jpg, car, 0.5096562504768372, 895, 290, 968, 355
out0007.jpg, car, 0.867461085319519, 517, 139, 538, 162
out0007.jpg, traffic light, 0.48829105496406555, 1143, 312, 1159, 336
out0007.jpg, traffic light, 0.9027217030525208, 1070, 237, 1083, 259
out0008.jpg, person, 0.9252951145172119, 961, 257, 981, 290
out0008.jpg, person, 0.8734593987464905, 422, 210, 441, 245
out0008.jpg, person, 0.38565120100975037, 1106, 278, 1132, 305
out0008.jpg, car, 0.9767716526985168, 480, 265, 566, 312
out0008.jpg, car, 0.9240865111351013, 321, 323, 411, 370
out0008.jpg, car, 0.9187337756156921, 683, 298, 787, 377
out0008.jpg, car, 0.9344292879104614, 81, 353, 136, 389
out0008.jpg, car, 0.9904810786247253, 511, 184, 538, 210
out0008.jpg, car, 0.7262971997261047, 859, 312, 930, 376
out0008.jpg, car, 0.9757063388824463, 676, 435, 768, 522
out0008.jpg, car, 0.7767150402069092, 116, 382, 184, 427
out0008.jpg, car, 0.9739562273025513, 583, 112, 613, 146
out0008.jpg, car, 0.966493546962738, 554, 151, 586, 180
out0008.jpg, car, 0.9748357534408569, 596, 152, 627, 181
out0008.jpg, car, 0.9070543050765991, 621, 135, 650, 166
out0008.jpg, truck, 0.7265397906303406, 211, 370, 306, 422
out0008.jpg, traffic light, 0.7584165334701538, 1143, 311, 1160, 336
out0008.jpg, traffic light, 0.8157626390457153, 1071, 237, 1084, 259
out0009.jpg, person, 0.7338777780532837, 424, 210, 440, 240
out0009.jpg, person, 0.6955944895744324, 972, 273, 991, 311
out0009.jpg, person, 0.8031473159790039, 274, 256, 296, 287
out0009.jpg, car, 0.916690468788147, 486, 356, 591, 422
out0009.jpg, car, 0.9016057252883911, 564, 262, 660, 314
out0009.jpg, car, 0.9764618277549744, 355, 265, 435, 315
out0009.jpg, car, 0.7524034976959229, 208, 371, 312, 424
out0009.jpg, car, 0.9248906970024109, 556, 159, 586, 189
out0009.jpg, car, 0.8356060981750488, 188, 332, 262, 373
out0009.jpg, car, 0.9853498935699463, 511, 186, 538, 210
out0009.jpg, car, 0.955687940120697, 583, 112, 613, 145
out0009.jpg, car, 0.7871312499046326, 114, 381, 188, 425
out0009.jpg, car, 0.8673992156982422, 804, 245, 852, 284
out0009.jpg, car, 0.849894642829895, 621, 136, 649, 166
out0009.jpg, truck, 0.6912989020347595, 951, 424, 1033, 512
out0009.jpg, traffic light, 0.6236951947212219, 1144, 313, 1159, 337
out0010.jpg, person, 0.8096838593482971, 423, 212, 442, 246
out0010.jpg, person, 0.9840365052223206, 267, 260, 297, 295
out0010.jpg, car, 0.990678608417511, 441, 251, 531, 291
out0010.jpg, car, 0.8211037516593933, 859, 310, 932, 378
out0010.jpg, car, 0.7526288032531738, 210, 370, 308, 423
out0010.jpg, car, 0.949324905872345, 556, 164, 586, 193
out0010.jpg, car, 0.9471599459648132, 349, 319, 432, 375
out0010.jpg, car, 0.6360657215118408, 833, 412, 946, 522
out0010.jpg, car, 0.9858657121658325, 513, 186, 538, 209
out0010.jpg, car, 0.9287888407707214, 584, 113, 614, 145
out0010.jpg, car, 0.6032654047012329, 90, 356, 143, 388
out0010.jpg, car, 0.9808897972106934, 763, 503, 895, 641
out0010.jpg, car, 0.9783491492271423, 601, 155, 637, 183
out0010.jpg, car, 0.9834021329879761, 640, 157, 671, 183
out0010.jpg, car, 0.7764838337898254, 114, 381, 187, 426
out0010.jpg, truck, 0.5626554489135742, 816, 402, 940, 527
out0011.jpg, person, 0.9508997797966003, 423, 207, 441, 242
out0011.jpg, car, 0.9806427359580994, 597, 402, 751, 505
out0011.jpg, car, 0.9853286147117615, 311, 262, 389, 301
out0011.jpg, car, 0.6536422371864319, 666, 313, 797, 398
out0011.jpg, car, 0.7772539258003235, 211, 368, 309, 422
out0011.jpg, car, 0.991398811340332, 512, 184, 539, 209
out0011.jpg, car, 0.9415077567100525, 558, 167, 586, 196
out0011.jpg, car, 0.6153615713119507, 583, 109, 617, 146
out0011.jpg, car, 0.5683156847953796, 794, 234, 840, 269
out0011.jpg, car, 0.9364875555038452, 601, 153, 637, 182
out0011.jpg, car, 0.8433458805084229, 226, 333, 293, 360
out0011.jpg, car, 0.7544366717338562, 113, 381, 191, 425
out0011.jpg, motorbike, 0.5019382238388062, 148, 314, 187, 343
out0011.jpg, motorbike, 0.7739166021347046, 20, 374, 52, 404
out0012.jpg, person, 0.4280606508255005, 273, 260, 298, 290
out0012.jpg, car, 0.7714428901672363, 521, 274, 631, 330
out0012.jpg, car, 0.9568405747413635, 441, 334, 571, 408
out0012.jpg, car, 0.9936571717262268, 195, 282, 270, 319
out0012.jpg, car, 0.9130435585975647, 806, 540, 943, 686
out0012.jpg, car, 0.8272625207901001, 211, 370, 308, 422
out0012.jpg, car, 0.9501714706420898, 558, 179, 590, 206
out0012.jpg, car, 0.9347004890441895, 114, 378, 188, 427
out0012.jpg, car, 0.7351823449134827, 110, 356, 159, 383
out0012.jpg, car, 0.8594839572906494, 585, 112, 615, 146
out0012.jpg, car, 0.9732062816619873, 513, 185, 538, 209
out0012.jpg, car, 0.945793867111206, 599, 154, 636, 184
out0012.jpg, car, 0.9612177610397339, 641, 156, 673, 182
out0012.jpg, traffic light, 0.4581816494464874, 424, 211, 443, 244
out0013.jpg, person, 0.4061393141746521, 274, 257, 298, 287
out0013.jpg, person, 0.5841453075408936, 1107, 278, 1129, 306
out0013.jpg, car, 0.9799443483352661, 656, 425, 801, 544
out0013.jpg, car, 0.9567452073097229, 296, 320, 398, 375
out0013.jpg, car, 0.9344884753227234, 379, 259, 469, 304
out0013.jpg, car, 0.97999107837677, 558, 178, 590, 207
out0013.jpg, car, 0.989774227142334, 118, 301, 170, 335
out0013.jpg, car, 0.8646899461746216, 211, 371, 307, 422
out0013.jpg, car, 0.8872699737548828, 583, 111, 616, 146
out0013.jpg, car, 0.9038122892379761, 114, 381, 188, 425
out0013.jpg, car, 0.9792790412902832, 511, 185, 539, 210
out0013.jpg, car, 0.9743520617485046, 641, 157, 671, 182
out0013.jpg, car, 0.9777395129203796, 597, 153, 628, 180
out0013.jpg, car, 0.9260729551315308, 620, 135, 648, 165
out0013.jpg, motorbike, 0.9018051028251648, 40, 375, 68, 407
out0013.jpg, truck, 0.7824493050575256, 900, 355, 982, 432
out0013.jpg, traffic light, 0.9834344983100891, 424, 209, 441, 237
out0014.jpg, car, 0.9824506640434265, 503, 357, 644, 440
out0014.jpg, car, 0.9776554107666016, 558, 177, 589, 207
out0014.jpg, car, 0.9881766438484192, 55, 315, 102, 349
out0014.jpg, car, 0.8977441191673279, 253, 277, 330, 316
out0014.jpg, car, 0.9937931299209595, 510, 186, 538, 211
out0014.jpg, car, 0.8805970549583435, 584, 112, 616, 146
out0014.jpg, car, 0.7798177599906921, 169, 329, 244, 381
out0014.jpg, car, 0.9037488698959351, 204, 373, 314, 420
out0014.jpg, car, 0.9322813749313354, 670, 114, 699, 137
out0014.jpg, car, 0.9834303855895996, 597, 153, 627, 180
out0014.jpg, car, 0.9867783784866333, 641, 156, 671, 180
out0014.jpg, truck, 0.694645345211029, 953, 429, 1033, 516
out0014.jpg, traffic light, 0.5809347033500671, 424, 209, 442, 242
out0014.jpg, traffic light, 0.9606389999389648, 885, 173, 900, 192
out0014.jpg, traffic light, 0.7818357348442078, 869, 191, 882, 216
out0015.jpg, person, 0.9330875277519226, 913, 211, 926, 241
out0015.jpg, person, 0.5156911611557007, 424, 211, 441, 242
out0015.jpg, person, 0.4401099681854248, 1107, 280, 1130, 305
out0015.jpg, car, 0.6285980343818665, 208, 369, 309, 422
out0015.jpg, car, 0.9773461818695068, 558, 178, 589, 207
out0015.jpg, car, 0.9648109674453735, 152, 296, 219, 329
out0015.jpg, car, 0.9878922700881958, 513, 185, 539, 209
out0015.jpg, car, 0.8601214289665222, 373, 321, 480, 381
out0015.jpg, car, 0.8019929528236389, 583, 113, 615, 145
out0015.jpg, car, 0.9754306674003601, 596, 154, 627, 180
out0015.jpg, car, 0.9647506475448608, 558, 167, 585, 194
out0015.jpg, car, 0.9062554836273193, 621, 136, 647, 162
out0015.jpg, car, 0.97342449426651, 641, 157, 671, 182
out0015.jpg, traffic light, 0.3677144944667816, 779, 209, 809, 240
out0016.jpg, person, 0.9302599430084229, 423, 210, 445, 244
out0016.jpg, person, 0.7301656603813171, 274, 256, 299, 290
out0016.jpg, person, 0.8866705894470215, 912, 210, 928, 239
out0016.jpg, person, 0.8879597187042236, 1073, 236, 1086, 255
out0016.jpg, car, 0.9460077285766602, 246, 321, 331, 370
out0016.jpg, car, 0.9474377036094666, 88, 313, 139, 343
out0016.jpg, car, 0.9656331539154053, 729, 162, 759, 184
out0016.jpg, car, 0.9524407982826233, 557, 178, 589, 207
out0016.jpg, car, 0.7165716290473938, 583, 112, 616, 145
out0016.jpg, car, 0.8719285130500793, 211, 371, 306, 422
out0016.jpg, car, 0.9889604449272156, 512, 185, 540, 209
out0016.jpg, car, 0.514458179473877, 15, 374, 47, 408
out0016.jpg, car, 0.963354766368866, 597, 154, 627, 179
out0016.jpg, car, 0.788880467414856, 622, 136, 647, 162
out0016.jpg, car, 0.9573962092399597, 641, 156, 671, 181
out0016.jpg, car, 0.6783613562583923, 997, 474, 1090, 608
out0017.jpg, person, 0.9884948134422302, 893, 211, 909, 241
out0017.jpg, person, 0.767453670501709, 423, 211, 443, 244
out0017.jpg, person, 0.560498058795929, 275, 257, 298, 288
out0017.jpg, person, 0.9837613701820374, 1072, 236, 1085, 257
out0017.jpg, person, 0.9748090505599976, 922, 203, 935, 232
out0017.jpg, car, 0.8650937080383301, 208, 368, 309, 424
out0017.jpg, car, 0.9754227995872498, 558, 178, 589, 207
out0017.jpg, car, 0.8202310800552368, 583, 111, 616, 144
out0017.jpg, car, 0.6207317113876343, 901, 355, 980, 432
out0017.jpg, car, 0.969841480255127, 31, 329, 74, 356
out0017.jpg, car, 0.824356734752655, 617, 67, 639, 85
out0017.jpg, car, 0.7929355502128601, 691, 132, 718, 152
out0017.jpg, car, 0.48339319229125977, 759, 192, 785, 215
out0017.jpg, car, 0.9813294410705566, 597, 154, 628, 179
out0017.jpg, car, 0.975864589214325, 643, 156, 673, 181
out0017.jpg, car, 0.9142531156539917, 513, 186, 536, 213
out0017.jpg, car, 0.9718270301818848, 134, 336, 203, 376
out0017.jpg, car, 0.9151800274848938, 622, 135, 648, 162
out0017.jpg, car, 0.952165961265564, 116, 374, 188, 427
out0018.jpg, person, 0.7504222989082336, 424, 211, 444, 243
out0018.jpg, car, 0.978598952293396, 559, 177, 590, 209
out0018.jpg, car, 0.7947689294815063, 208, 370, 308, 421
out0018.jpg, car, 0.9793210029602051, 116, 380, 185, 426
out0018.jpg, car, 0.8892725706100464, 584, 110, 616, 144
out0018.jpg, car, 0.6401225924491882, 915, 332, 996, 420
out0018.jpg, car, 0.9812352061271667, 50, 358, 100, 399
out0018.jpg, car, 0.9432557225227356, 810, 251, 876, 308
out0018.jpg, car, 0.9216299653053284, 668, 106, 694, 125
out0018.jpg, car, 0.9865432977676392, 598, 153, 627, 181
out0018.jpg, car, 0.9912426471710205, 641, 158, 670, 182
out0018.jpg, car, 0.96019047498703, 2, 334, 29, 370
out0018.jpg, car, 0.918253481388092, 706, 151, 738, 170
out0018.jpg, car, 0.9883024096488953, 685, 159, 719, 181
out0018.jpg, car, 0.9518544673919678, 621, 135, 645, 163
out0018.jpg, traffic light, 0.4345671236515045, 1106, 278, 1129, 305
out0019.jpg, person, 0.9487695097923279, 898, 204, 910, 228
out0019.jpg, person, 0.9724611043930054, 1072, 237, 1085, 256
out0019.jpg, person, 0.529975950717926, 273, 259, 299, 289
out0019.jpg, person, 0.7775296568870544, 427, 211, 446, 247
out0019.jpg, car, 0.9646539092063904, 584, 114, 615, 146
out0019.jpg, car, 0.9800553321838379, 606, 158, 639, 186
out0019.jpg, car, 0.7862956523895264, 113, 381, 188, 426
out0019.jpg, car, 0.8412395119667053, 676, 121, 707, 141
out0019.jpg, car, 0.9215301871299744, 622, 133, 650, 161
out0019.jpg, car, 0.7753258943557739, 827, 224, 878, 266
out0019.jpg, car, 0.9635798335075378, 643, 156, 670, 181
out0019.jpg, car, 0.8693997859954834, 651, 88, 673, 110
out0019.jpg, truck, 0.6097442507743835, 208, 369, 308, 421
out0020.jpg, person, 0.9899709820747375, 914, 191, 925, 218
out0020.jpg, car, 0.6505154967308044, 209, 370, 307, 420
out0020.jpg, car, 0.9760848879814148, 610, 176, 646, 208
out0020.jpg, car, 0.843191921710968, 113, 382, 186, 426
out0020.jpg, car, 0.9270389080047607, 584, 114, 609, 145
out0020.jpg, car, 0.9518088102340698, 623, 131, 650, 158
out0020.jpg, car, 0.9619623422622681, 753, 154, 789, 178
out0020.jpg, car, 0.8054831027984619, 645, 88, 665, 103
out0020.jpg, car, 0.9669957756996155, 645, 158, 672, 181
out0020.jpg, car, 0.9425105452537537, 589, 128, 616, 157
out0020.jpg, car, 0.9872552156448364, 683, 161, 717, 185
out0020.jpg, traffic light, 0.9562085270881653, 427, 212, 442, 245
out0021.jpg, person, 0.9781227707862854, 913, 190, 928, 217
out0021.jpg, person, 0.44351068139076233, 1107, 279, 1130, 305
out0021.jpg, person, 0.9261211156845093, 1071, 238, 1085, 257
out0021.jpg, car, 0.9828835129737854, 594, 144, 620, 170
out0021.jpg, car, 0.6707972288131714, 618, 197, 669, 252
out0021.jpg, car, 0.7032092809677124, 572, 262, 623, 335
out0021.jpg, car, 0.9899839162826538, 642, 156, 675, 182
out0021.jpg, car, 0.7883145213127136, 113, 381, 187, 426
out0021.jpg, car, 0.8449285626411438, 861, 309, 943, 381
out0021.jpg, car, 0.9519713521003723, 584, 111, 610, 132
out0021.jpg, car, 0.97322016954422, 623, 133, 649, 159
out0021.jpg, car, 0.6360524296760559, 641, 90, 659, 107
out0021.jpg, car, 0.6209282875061035, 1018, 266, 1064, 297
out0021.jpg, truck, 0.6526263952255249, 210, 369, 306, 421
out0022.jpg, car, 0.5839220881462097, 637, 245, 704, 320
out0022.jpg, car, 0.9095613956451416, 965, 440, 1034, 515
out0022.jpg, car, 0.8117067217826843, 592, 365, 654, 471
out0022.jpg, car, 0.793797492980957, 663, 92, 692, 121
out0022.jpg, car, 0.8124437928199768, 113, 382, 188, 426
out0022.jpg, car, 0.9925899505615234, 585, 116, 615, 143
out0022.jpg, car, 0.989385724067688, 622, 132, 652, 160
out0022.jpg, car, 0.9782229661941528, 603, 164, 633, 194
out0022.jpg, car, 0.8476292490959167, 790, 223, 848, 272
out0022.jpg, truck, 0.6140336990356445, 643, 249, 708, 330
out0022.jpg, truck, 0.6426598429679871, 209, 370, 307, 420
out0023.jpg, car, 0.8693852424621582, 679, 332, 779, 471
out0023.jpg, car, 0.9347173571586609, 867, 313, 925, 370
out0023.jpg, car, 0.6620603203773499, 209, 369, 309, 422
out0023.jpg, car, 0.9725210666656494, 638, 561, 726, 696
out0023.jpg, car, 0.903946578502655, 113, 381, 187, 425
out0023.jpg, car, 0.9861714243888855, 641, 155, 677, 182
out0023.jpg, car, 0.9702765345573425, 590, 135, 616, 159
out0023.jpg, car, 0.9749817848205566, 623, 132, 648, 157
out0023.jpg, car, 0.7913030982017517, 1017, 266, 1065, 294
out0023.jpg, car, 0.809556782245636, 649, 86, 674, 109
out0023.jpg, car, 0.307149738073349, 1106, 279, 1130, 305
out0023.jpg, car, 0.9468380212783813, 741, 177, 778, 200
out0023.jpg, traffic light, 0.9537569284439087, 1032, 377, 1057, 421
out0024.jpg, person, 0.9747356176376343, 938, 191, 951, 219
out0024.jpg, person, 0.3834407925605774, 1105, 279, 1131, 306
out0024.jpg, car, 0.6613446474075317, 207, 370, 308, 422
out0024.jpg, car, 0.8875443935394287, 1057, 336, 1098, 376
out0024.jpg, car, 0.9721747040748596, 700, 140, 736, 162
out0024.jpg, car, 0.916670560836792, 622, 131, 650, 158
out0024.jpg, car, 0.9534486532211304, 800, 229, 835, 266
out0024.jpg, car, 0.7910106182098389, 113, 383, 188, 426
out0024.jpg, car, 0.9350907802581787, 594, 156, 627, 181
out0024.jpg, car, 0.9362025260925293, 511, 188, 536, 217
out0024.jpg, car, 0.8290945887565613, 1018, 266, 1064, 295
out0024.jpg, car, 0.9492937326431274, 643, 156, 674, 183
out0025.jpg, person, 0.5107117295265198, 512, 185, 534, 217
out0025.jpg, car, 0.9851092100143433, 704, 394, 767, 490
out0025.jpg, car, 0.7028464078903198, 207, 369, 309, 421
out0025.jpg, car, 0.8528660535812378, 113, 382, 188, 426
out0025.jpg, car, 0.9644166827201843, 622, 129, 651, 157
out0025.jpg, car, 0.9389808773994446, 672, 111, 701, 133
out0025.jpg, car, 0.9682337641716003, 640, 158, 674, 183
out0025.jpg, car, 0.8473143577575684, 616, 65, 644, 85
out0025.jpg, car, 0.9836445450782776, 898, 347, 939, 386
out0026.jpg, car, 0.7224684953689575, 210, 370, 307, 421
out0026.jpg, car, 0.9206556081771851, 114, 381, 186, 426
out0026.jpg, car, 0.9867122173309326, 622, 132, 651, 156
out0026.jpg, car, 0.8082130551338196, 509, 183, 534, 222
out0026.jpg, car, 0.8921825289726257, 610, 62, 640, 84
out0026.jpg, car, 0.71865314245224, 634, 246, 687, 309
out0027.jpg, car, 0.9911890029907227, 685, 368, 759, 466
out0027.jpg, car, 0.8296884298324585, 211, 369, 307, 421
out0027.jpg, car, 0.9034191370010376, 113, 381, 188, 426
out0027.jpg, car, 0.9574208855628967, 641, 88, 669, 108
out0027.jpg, car, 0.7249470353126526, 788, 187, 826, 214
out0027.jpg, car, 0.9924742579460144, 622, 132, 651, 156
out0027.jpg, car, 0.9891840219497681, 639, 157, 675, 183
out0027.jpg, car, 0.9823957085609436, 503, 202, 537, 226
out0027.jpg, car, 0.9494717121124268, 1028, 300, 1076, 331
out0027.jpg, car, 0.44503146409988403, 1104, 278, 1133, 306
out0027.jpg, car, 0.9746792316436768, 671, 113, 702, 136
out0027.jpg, car, 0.9617940187454224, 611, 61, 637, 78
out0027.jpg, truck, 0.5339747667312622, 926, 385, 1008, 474
out0027.jpg, truck, 0.5895557999610901, 897, 282, 967, 345
out0027.jpg, traffic light, 0.3703573942184448, 1143, 315, 1160, 338
out0028.jpg, person, 0.6164965629577637, 1106, 279, 1129, 306
out0028.jpg, car, 0.7939801216125488, 210, 369, 307, 422
out0028.jpg, car, 0.9938854575157166, 621, 132, 651, 157
out0028.jpg, car, 0.8752198219299316, 115, 381, 187, 427
out0028.jpg, car, 0.37023404240608215, 826, 217, 866, 246
out0028.jpg, car, 0.988538384437561, 640, 158, 672, 184
out0028.jpg, traffic light, 0.411670058965683, 511, 179, 530, 226
out0029.jpg, car, 0.9899703860282898, 621, 131, 650, 156
out0029.jpg, car, 0.8655857443809509, 114, 382, 187, 426
out0029.jpg, car, 0.9472187161445618, 771, 168, 811, 197
out0029.jpg, car, 0.9822882413864136, 496, 206, 532, 233
out0029.jpg, car, 0.5421290993690491, 776, 212, 816, 247
out0029.jpg, car, 0.7129690647125244, 46, 87, 1246, 607
out0029.jpg, truck, 0.6734254956245422, 211, 369, 305, 422
out0030.jpg, person, 0.8639410734176636, 1073, 235, 1086, 256
out0030.jpg, car, 0.8207043409347534, 113, 383, 186, 426
out0030.jpg, car, 0.9914414882659912, 620, 130, 651, 157
out0030.jpg, car, 0.9764832258224487, 732, 170, 765, 191
out0030.jpg, car, 0.9162963628768921, 491, 213, 528, 242
out0030.jpg, truck, 0.6503463387489319, 210, 370, 306, 420
out0030.jpg, truck, 0.7530942559242249, 1089, 480, 1135, 555
out0030.jpg, traffic light, 0.876993715763092, 378, 263, 390, 291
out0031.jpg, car, 0.693616509437561, 211, 369, 307, 422
out0031.jpg, car, 0.7841607928276062, 113, 381, 188, 426
out0031.jpg, car, 0.989180326461792, 621, 132, 650, 156
out0031.jpg, traffic light, 0.9934304356575012, 722, 11, 734, 43
out0032.jpg, person, 0.9010236859321594, 1071, 237, 1085, 257
out0032.jpg, car, 0.7502809166908264, 113, 382, 188, 426
out0032.jpg, car, 0.9898914098739624, 621, 131, 651, 157
out0032.jpg, car, 0.97940993309021, 641, 157, 674, 184
out0032.jpg, car, 0.8728334903717041, 422, 226, 495, 283
out0032.jpg, car, 0.8701318502426147, 977, 456, 1058, 539
out0032.jpg, car, 0.6145551800727844, 508, 179, 537, 211
out0032.jpg, truck, 0.6293025016784668, 211, 370, 307, 419
out0033.jpg, person, 0.6577885746955872, 1106, 277, 1127, 304
out0033.jpg, person, 0.6684674620628357, 366, 237, 380, 262
out0033.jpg, person, 0.9832679629325867, 1071, 237, 1085, 259
out0033.jpg, car, 0.9867391586303711, 332, 270, 413, 320
out0033.jpg, car, 0.6750591993331909, 212, 370, 306, 419
out0033.jpg, car, 0.8461413979530334, 113, 382, 187, 426
out0033.jpg, car, 0.9937100410461426, 596, 86, 624, 103
out0033.jpg, car, 0.8028081059455872, 838, 295, 917, 358
out0033.jpg, car, 0.9349579215049744, 490, 204, 527, 227
out0033.jpg, car, 0.987234890460968, 621, 132, 649, 155
out0033.jpg, car, 0.8810164928436279, 660, 99, 689, 116
out0033.jpg, car, 0.9717743396759033, 639, 158, 675, 184
out0033.jpg, car, 0.7551045417785645, 712, 157, 739, 176
out0033.jpg, car, 0.4954230487346649, 1022, 267, 1060, 295
out0034.jpg, person, 0.8695054650306702, 372, 459, 392, 487
out0034.jpg, person, 0.7319246530532837, 390, 412, 415, 444
out0034.jpg, person, 0.9338749051094055, 272, 258, 297, 288
out0034.jpg, person, 0.40742385387420654, 1105, 278, 1130, 305
out0034.jpg, car, 0.7356249690055847, 928, 379, 1002, 459
out0034.jpg, car, 0.8701415061950684, 209, 370, 309, 422
out0034.jpg, car, 0.9791479110717773, 228, 303, 300, 348
out0034.jpg, car, 0.9835526943206787, 614, 94, 638, 110
out0034.jpg, car, 0.9933333992958069, 622, 132, 650, 156
out0034.jpg, car, 0.8004838228225708, 113, 382, 189, 426
out0034.jpg, car, 0.7326295375823975, 1020, 267, 1065, 293
out0035.jpg, person, 0.6720755696296692, 1054, 235, 1080, 256
out0035.jpg, person, 0.48268985748291016, 1105, 279, 1129, 306
out0035.jpg, person, 0.6465895175933838, 1143, 315, 1160, 337
out0035.jpg, car, 0.7228171825408936, 209, 369, 309, 420
out0035.jpg, car, 0.9559729099273682, 137, 325, 199, 359
out0035.jpg, car, 0.9152863025665283, 826, 242, 886, 290
out0035.jpg, car, 0.9493240714073181, 115, 380, 185, 426
out0035.jpg, car, 0.922452449798584, 727, 173, 759, 193
out0035.jpg, car, 0.8536735773086548, 1019, 266, 1063, 294
out0035.jpg, car, 0.8123905062675476, 404, 227, 476, 282
out0035.jpg, car, 0.971492350101471, 640, 157, 674, 180
out0035.jpg, car, 0.9813593626022339, 622, 134, 650, 156
out0035.jpg, traffic light, 0.5387288928031921, 396, 440, 422, 469
out0036.jpg, person, 0.3782818019390106, 1143, 314, 1162, 335
out0036.jpg, person, 0.9809746146202087, 1071, 234, 1086, 256
out0036.jpg, person, 0.6390312910079956, 389, 473, 415, 509
out0036.jpg, person, 0.6260161995887756, 367, 527, 391, 552
out0036.jpg, car, 0.7512396574020386, 210, 369, 308, 421
out0036.jpg, car, 0.5614272356033325, 73, 339, 114, 370
out0036.jpg, car, 0.9355177283287048, 1097, 341, 1137, 384
out0036.jpg, car, 0.9422974586486816, 328, 257, 396, 306
out0036.jpg, car, 0.9828692078590393, 639, 112, 667, 132
out0036.jpg, car, 0.885704755783081, 113, 383, 187, 425
out0036.jpg, car, 0.4597897231578827, 934, 330, 1011, 402
out0036.jpg, car, 0.7388033866882324, 1021, 266, 1062, 292
out0036.jpg, car, 0.9707330465316772, 1030, 300, 1074, 331
out0036.jpg, car, 0.4152279496192932, 1105, 280, 1133, 305
out0036.jpg, car, 0.9253194332122803, 998, 233, 1034, 253
out0036.jpg, car, 0.9187010526657104, 773, 177, 814, 203
out0037.jpg, person, 0.5487081408500671, 1106, 280, 1127, 303
out0037.jpg, person, 0.9403319358825684, 388, 500, 409, 541
out0037.jpg, person, 0.8397582769393921, 371, 504, 395, 538
out0037.jpg, person, 0.9688575267791748, 367, 562, 390, 590
out0037.jpg, person, 0.9558073878288269, 1070, 235, 1083, 255
out0037.jpg, car, 0.7865424156188965, 211, 369, 309, 422
out0037.jpg, car, 0.8309865593910217, 240, 282, 309, 316
out0037.jpg, car, 0.8176416754722595, 114, 381, 188, 426
out0037.jpg, car, 0.6463395953178406, 1022, 267, 1064, 293
out0037.jpg, car, 0.8696430325508118, 955, 228, 994, 249
out0037.jpg, car, 0.9515666365623474, 663, 121, 690, 141
out0037.jpg, motorbike, 0.7331037521362305, 23, 352, 49, 383
out0037.jpg, motorbike, 0.6550285816192627, 1135, 327, 1167, 357
out0037.jpg, traffic light, 0.8351427316665649, 845, 237, 887, 272
out0038.jpg, car, 0.8704630732536316, 209, 368, 309, 422
out0038.jpg, car, 0.9526782035827637, 114, 381, 186, 426
out0038.jpg, car, 0.3829028606414795, 1106, 280, 1134, 306
out0038.jpg, car, 0.8446199893951416, 861, 307, 944, 381
out0038.jpg, car, 0.7372190952301025, 1020, 267, 1065, 293
out0038.jpg, car, 0.524193525314331, 776, 169, 809, 197
out0038.jpg, car, 0.9699971675872803, 1031, 301, 1073, 331
out0038.jpg, car, 0.9878703951835632, 622, 134, 649, 157
out0038.jpg, car, 0.9758284687995911, 935, 227, 978, 249
out0038.jpg, car, 0.9666001796722412, 640, 160, 673, 183
out0038.jpg, traffic light, 0.5267142057418823, 1143, 314, 1162, 338
out0038.jpg, fire hydrant, 0.7033457159996033, 273, 257, 299, 287
out0039.jpg, person, 0.5344145894050598, 1107, 280, 1127, 304
out0039.jpg, person, 0.5562056303024292, 273, 257, 299, 287
out0039.jpg, car, 0.834705114364624, 209, 368, 308, 421
out0039.jpg, car, 0.9830374121665955, 921, 219, 979, 247
out0039.jpg, car, 0.9010775685310364, 113, 380, 188, 427
out0039.jpg, car, 0.7876822352409363, 1019, 266, 1065, 293
out0039.jpg, car, 0.9499398469924927, 640, 159, 674, 183
out0039.jpg, traffic light, 0.7948900461196899, 849, 248, 902, 286
out0040.jpg, person, 0.5838190317153931, 1106, 279, 1130, 306
out0040.jpg, person, 0.4732459485530853, 273, 259, 299, 287
out0040.jpg, person, 0.9775235056877136, 1072, 235, 1085, 257
out0040.jpg, car, 0.94254469871521, 209, 368, 309, 421
out0040.jpg, car, 0.7389769554138184, 133, 497, 227, 558
out0040.jpg, car, 0.9788084626197815, 919, 217, 980, 248
out0040.jpg, car, 0.980038046836853, 113, 380, 187, 426
out0040.jpg, car, 0.7581998109817505, 1019, 267, 1065, 293
out0040.jpg, car, 0.9209926128387451, 730, 172, 766, 194
out0040.jpg, traffic light, 0.5796807408332825, 1141, 314, 1159, 336
out0041.jpg, person, 0.7084915637969971, 273, 258, 300, 288
out0041.jpg, person, 0.4345516562461853, 1105, 279, 1131, 306
out0041.jpg, person, 0.355444073677063, 1140, 314, 1159, 335
out0041.jpg, person, 0.9865858554840088, 1071, 236, 1084, 258
out0041.jpg, car, 0.6557990908622742, 198, 500, 318, 577
out0041.jpg, car, 0.9572578072547913, 209, 367, 310, 422
out0041.jpg, car, 0.9780976176261902, 113, 380, 187, 426
out0041.jpg, car, 0.9776039123535156, 918, 218, 980, 248
out0041.jpg, car, 0.6488593816757202, 866, 311, 943, 382
out0041.jpg, car, 0.794218897819519, 1019, 267, 1064, 293
out0041.jpg, traffic light, 0.7897693514823914, 734, 147, 763, 167
out0042.jpg, person, 0.5299254655838013, 1106, 280, 1126, 303
out0042.jpg, person, 0.9835161566734314, 1071, 237, 1085, 257
out0042.jpg, person, 0.42220157384872437, 1140, 313, 1159, 335
out0042.jpg, person, 0.5845568180084229, 273, 257, 299, 287
out0042.jpg, car, 0.9241661429405212, 209, 368, 308, 422
out0042.jpg, car, 0.959039568901062, 115, 380, 185, 427
out0042.jpg, car, 0.565085768699646, 250, 495, 379, 563
out0042.jpg, car, 0.970527708530426, 919, 219, 982, 247
out0042.jpg, car, 0.43258389830589294, 795, 230, 836, 265
out0042.jpg, car, 0.7259674072265625, 1018, 267, 1063, 294
out0042.jpg, car, 0.9421981573104858, 663, 117, 693, 139
out0042.jpg, car, 0.9316189289093018, 1031, 303, 1072, 330
out0042.jpg, truck, 0.586713433265686, 248, 495, 382, 582
out0042.jpg, traffic light, 0.5340337157249451, 785, 226, 832, 259
out0043.jpg, person, 0.950872004032135, 1071, 238, 1085, 259
out0043.jpg, person, 0.787539005279541, 1156, 478, 1178, 507
out0043.jpg, car, 0.9009314775466919, 209, 369, 309, 422
out0043.jpg, car, 0.9579769968986511, 113, 381, 186, 427
out0043.jpg, car, 0.922972559928894, 731, 173, 766, 194
out0043.jpg, car, 0.9787409901618958, 659, 132, 690, 152
out0043.jpg, car, 0.5793682336807251, 1118, 361, 1154, 394
out0043.jpg, car, 0.9809142351150513, 640, 159, 674, 182
out0043.jpg, car, 0.9911608099937439, 589, 85, 617, 103
out0043.jpg, car, 0.7157298922538757, 1021, 267, 1064, 294
out0043.jpg, car, 0.9766026735305786, 622, 134, 649, 156
out0043.jpg, truck, 0.7497849464416504, 257, 498, 393, 579
out0044.jpg, person, 0.9746367931365967, 1071, 239, 1085, 258
out0044.jpg, person, 0.3320600092411041, 1140, 311, 1161, 332
out0044.jpg, car, 0.8604238033294678, 208, 369, 309, 420
out0044.jpg, car, 0.9177208542823792, 113, 380, 187, 427
out0044.jpg, car, 0.7055612802505493, 1017, 267, 1064, 295
out0044.jpg, car, 0.9889931082725525, 928, 228, 970, 251
out0044.jpg, car, 0.9920033812522888, 588, 85, 614, 103
out0044.jpg, car, 0.9724427461624146, 640, 159, 674, 183
out0044.jpg, car, 0.3156895339488983, 1104, 279, 1131, 305
out0044.jpg, car, 0.988723874092102, 621, 133, 651, 157
out0044.jpg, car, 0.7426742315292358, 659, 86, 682, 103
out0044.jpg, truck, 0.6672468781471252, 910, 375, 984, 468
out0044.jpg, truck, 0.8087020516395569, 259, 498, 392, 580
out0045.jpg, person, 0.4057658016681671, 1106, 277, 1127, 304
out0045.jpg, person, 0.7500755786895752, 273, 258, 300, 288
out0045.jpg, person, 0.9685930013656616, 1072, 237, 1086, 258
out0045.jpg, car, 0.861237108707428, 210, 369, 307, 421
out0045.jpg, car, 0.9271030426025391, 114, 381, 186, 426
out0045.jpg, car, 0.9910153746604919, 588, 90, 616, 109
out0045.jpg, car, 0.9864791035652161, 622, 133, 650, 157
out0045.jpg, car, 0.9757704734802246, 640, 158, 675, 182
out0045.jpg, car, 0.9115477204322815, 814, 256, 872, 311
out0045.jpg, car, 0.6023826003074646, 1018, 267, 1065, 295
out0045.jpg, car, 0.9146499633789062, 917, 222, 961, 243
out0045.jpg, truck, 0.7756105661392212, 289, 501, 427, 577
out0045.jpg, traffic light, 0.5803480744361877, 1141, 313, 1158, 335
out0046.jpg, person, 0.9912638664245605, 1072, 238, 1085, 258
out0046.jpg, car, 0.9927024841308594, 591, 92, 620, 113
out0046.jpg, car, 0.6660543084144592, 210, 368, 309, 420
out0046.jpg, car, 0.7737583518028259, 113, 381, 187, 426
out0046.jpg, car, 0.6796295642852783, 1020, 265, 1065, 294
out0046.jpg, car, 0.9871503114700317, 623, 133, 650, 156
out0046.jpg, car, 0.5451032519340515, 1110, 357, 1145, 390
out0046.jpg, car, 0.9265735149383545, 899, 220, 952, 244
out0046.jpg, car, 0.9653078317642212, 658, 132, 691, 152
out0046.jpg, car, 0.9688324928283691, 640, 158, 674, 183
out0046.jpg, truck, 0.69086092710495, 390, 513, 522, 591
out0047.jpg, person, 0.7222582101821899, 1088, 382, 1111, 416
out0047.jpg, person, 0.9592064619064331, 1071, 238, 1085, 259
out0047.jpg, person, 0.45580363273620605, 1105, 278, 1126, 304
out0047.jpg, person, 0.8458681702613831, 968, 191, 984, 217
out0047.jpg, person, 0.7812239527702332, 1099, 376, 1123, 417
out0047.jpg, car, 0.7884485721588135, 210, 369, 310, 421
out0047.jpg, car, 0.981620192527771, 595, 95, 623, 116
out0047.jpg, car, 0.9418169260025024, 544, 573, 698, 691
out0047.jpg, car, 0.9741593599319458, 504, 168, 540, 200
out0047.jpg, car, 0.8172006011009216, 112, 381, 188, 425
out0047.jpg, car, 0.8876586556434631, 898, 220, 951, 242
out0047.jpg, car, 0.6340523362159729, 1022, 267, 1065, 293
out0047.jpg, car, 0.9750245213508606, 641, 160, 675, 183
out0047.jpg, car, 0.9271818995475769, 13, 406, 56, 439
out0047.jpg, car, 0.9879361987113953, 621, 133, 651, 155
out0047.jpg, fire hydrant, 0.7028126120567322, 274, 258, 299, 288
out0048.jpg, person, 0.9294995665550232, 1071, 237, 1086, 257
out0048.jpg, car, 0.9846439361572266, 596, 97, 624, 119
out0048.jpg, car, 0.8330086469650269, 212, 369, 308, 421
out0048.jpg, car, 0.9226875305175781, 114, 381, 186, 426
out0048.jpg, car, 0.9670708775520325, 896, 219, 952, 245
out0048.jpg, car, 0.9783998131752014, 33, 403, 86, 437
out0048.jpg, car, 0.7292103171348572, 1020, 267, 1066, 294
out0048.jpg, car, 0.9912092685699463, 621, 135, 650, 158
out0048.jpg, car, 0.8384514451026917, 920, 312, 992, 378
out0048.jpg, car, 0.3254570960998535, 1103, 277, 1129, 305
out0048.jpg, car, 0.9787499904632568, 641, 159, 674, 183
out0048.jpg, car, 0.8349717259407043, 616, 65, 640, 84
out0048.jpg, motorbike, 0.8739652633666992, 1111, 355, 1140, 385
out0048.jpg, traffic light, 0.7934460639953613, 1140, 308, 1158, 333
out0048.jpg, fire hydrant, 0.5685393214225769, 273, 257, 298, 287
out0049.jpg, person, 0.9759789109230042, 1071, 236, 1085, 257
out0049.jpg, person, 0.28208351135253906, 850, 237, 879, 270
out0049.jpg, person, 0.5376937985420227, 274, 258, 299, 287
out0049.jpg, person, 0.2616187036037445, 1103, 277, 1130, 306
out0049.jpg, car, 0.870608925819397, 212, 370, 307, 420
out0049.jpg, car, 0.9902781844139099, 598, 99, 626, 118
out0049.jpg, car, 0.9281148314476013, 114, 380, 186, 427
out0049.jpg, car, 0.9910529255867004, 418, 217, 491, 268
out0049.jpg, car, 0.6769112944602966, 874, 337, 958, 414
out0049.jpg, car, 0.9915584325790405, 621, 134, 650, 157
out0049.jpg, car, 0.9768310785293579, 641, 158, 675, 183
out0049.jpg, car, 0.4137161076068878, 1021, 267, 1062, 295
out0049.jpg, car, 0.8401131629943848, 55, 401, 104, 437
out0049.jpg, car, 0.9490444660186768, 897, 221, 949, 242
out0050.jpg, person, 0.30340278148651123, 776, 166, 808, 195
out0050.jpg, person, 0.8996986150741577, 1072, 235, 1086, 254
out0050.jpg, person, 0.8130857348442078, 941, 186, 955, 208
out0050.jpg, car, 0.988146185874939, 329, 258, 400, 301
out0050.jpg, car, 0.8175449371337891, 210, 370, 308, 420
out0050.jpg, car, 0.7295665740966797, 60, 398, 110, 435
out0050.jpg, car, 0.9789474010467529, 599, 99, 626, 120
out0050.jpg, car, 0.789654552936554, 1020, 266, 1067, 293
out0050.jpg, car, 0.962526261806488, 642, 160, 674, 183
out0050.jpg, car, 0.8051204085350037, 113, 383, 189, 426
out0050.jpg, car, 0.9824320673942566, 620, 136, 650, 157
out0050.jpg, truck, 0.49447014927864075, 962, 354, 1036, 426
out0050.jpg, traffic light, 0.45624539256095886, 1105, 278, 1128, 305
out0051.jpg, person, 0.9849216341972351, 1070, 237, 1083, 258
out0051.jpg, person, 0.490928590297699, 1141, 311, 1158, 335
out0051.jpg, person, 0.9130533337593079, 936, 186, 950, 209
out0051.jpg, person, 0.5402812361717224, 1105, 278, 1127, 305
out0051.jpg, car, 0.9595431089401245, 210, 368, 309, 424
out0051.jpg, car, 0.995383083820343, 218, 286, 294, 320
out0051.jpg, car, 0.9474900364875793, 57, 397, 112, 435
out0051.jpg, car, 0.9338889718055725, 109, 438, 194, 496
out0051.jpg, car, 0.9676150679588318, 111, 382, 189, 424
out0051.jpg, car, 0.4780261814594269, 750, 190, 785, 217
out0051.jpg, car, 0.46575087308883667, 1022, 267, 1064, 294
out0051.jpg, car, 0.9743388295173645, 640, 159, 673, 184
out0051.jpg, car, 0.9819635152816772, 598, 99, 626, 120
out0052.jpg, person, 0.4641714096069336, 783, 168, 809, 197
out0052.jpg, person, 0.5931153893470764, 274, 258, 298, 287
out0052.jpg, person, 0.48216715455055237, 1105, 276, 1127, 305
out0052.jpg, person, 0.40437811613082886, 1141, 313, 1159, 334
out0052.jpg, person, 0.8532000780105591, 919, 185, 937, 209
out0052.jpg, person, 0.9599384069442749, 1071, 237, 1085, 255
out0052.jpg, car, 0.9623497128486633, 132, 309, 184, 342
out0052.jpg, car, 0.9314360618591309, 209, 370, 309, 420
out0052.jpg, car, 0.9399008750915527, 131, 435, 233, 499
out0052.jpg, car, 0.5465551018714905, 1022, 267, 1062, 293
out0052.jpg, car, 0.9493765830993652, 59, 397, 114, 435
out0052.jpg, car, 0.9871866703033447, 640, 160, 673, 183
out0052.jpg, car, 0.9817059636116028, 606, 109, 631, 130
out0052.jpg, car, 0.9853517413139343, 621, 136, 649, 158
out0052.jpg, car, 0.9651488065719604, 112, 381, 190, 425
out0052.jpg, car, 0.7926583886146545, 900, 221, 949, 243
out0053.jpg, person, 0.5663260221481323, 1106, 278, 1127, 305
out0053.jpg, person, 0.6258319616317749, 273, 258, 298, 287
out0053.jpg, person, 0.9680342078208923, 1070, 237, 1084, 256
out0053.jpg, car, 0.9405491948127747, 209, 371, 309, 419
out0053.jpg, car, 0.8600962162017822, 132, 493, 237, 560
out0053.jpg, car, 0.9861621856689453, 59, 331, 99, 362
out0053.jpg, car, 0.8549556136131287, 152, 435, 253, 498
out0053.jpg, car, 0.9491461515426636, 57, 399, 114, 435
out0053.jpg, car, 0.9827015995979309, 606, 110, 632, 135
out0053.jpg, car, 0.4474964737892151, 1021, 267, 1064, 294
out0053.jpg, car, 0.8350672721862793, 901, 222, 952, 242
out0053.jpg, car, 0.942280113697052, 113, 383, 188, 425
out0053.jpg, car, 0.977681040763855, 622, 135, 649, 159
out0053.jpg, car, 0.9764221906661987, 640, 157, 674, 183
out0053.jpg, car, 0.957146167755127, 0, 454, 43, 545
out0053.jpg, traffic light, 0.7801644802093506, 915, 188, 929, 209
out0053.jpg, traffic light, 0.43504491448402405, 1142, 312, 1159, 335
out0054.jpg, person, 0.4553835690021515, 1105, 278, 1126, 304
out0054.jpg, person, 0.6883109211921692, 273, 257, 299, 288
out0054.jpg, person, 0.9648652672767639, 1070, 237, 1084, 257
out0054.jpg, car, 0.9363281726837158, 169, 500, 284, 572
out0054.jpg, car, 0.9753133654594421, 203, 370, 311, 420
out0054.jpg, car, 0.9673221707344055, 170, 435, 266, 499
out0054.jpg, car, 0.958544909954071, 58, 397, 113, 435
out0054.jpg, car, 0.9760380983352661, 112, 383, 188, 425
out0054.jpg, car, 0.962956964969635, 606, 109, 632, 132
out0054.jpg, car, 0.8900810480117798, 893, 218, 945, 244
out0054.jpg, car, 0.9768732786178589, 4, 349, 35, 380
out0054.jpg, car, 0.48236456513404846, 1021, 267, 1062, 293
out0054.jpg, car, 0.9809674620628357, 641, 158, 674, 182
out0054.jpg, car, 0.9799116253852844, 623, 139, 648, 160
out0054.jpg, car, 0.9650374054908752, 658, 134, 691, 156
out0054.jpg, car, 0.9734034538269043, 679, 158, 718, 183
out0054.jpg, traffic light, 0.7016132473945618, 659, 108, 679, 130
out0054.jpg, traffic light, 0.7983580231666565, 906, 186, 921, 207
out0054.jpg, traffic light, 0.3429054915904999, 1140, 312, 1159, 335
out0055.jpg, person, 0.6646623015403748, 274, 258, 299, 288
out0055.jpg, person, 0.9609972238540649, 1071, 240, 1085, 259
out0055.jpg, person, 0.34347856044769287, 1106, 276, 1127, 303
out0055.jpg, car, 0.965294599533081, 205, 370, 310, 420
out0055.jpg, car, 0.8885878920555115, 194, 501, 307, 576
out0055.jpg, car, 0.9513310790061951, 175, 432, 282, 498
out0055.jpg, car, 0.9511666893959045, 607, 111, 631, 133
out0055.jpg, car, 0.9776043891906738, 570, 89, 589, 104
out0055.jpg, car, 0.9435506463050842, 643, 157, 673, 182
out0055.jpg, car, 0.9695167541503906, 658, 132, 688, 155
out0055.jpg, car, 0.963381826877594, 58, 397, 112, 436
out0055.jpg, car, 0.48720645904541016, 1020, 267, 1063, 294
out0055.jpg, car, 0.9503113031387329, 112, 382, 190, 424
out0055.jpg, car, 0.8516638875007629, 867, 217, 919, 239
out0055.jpg, car, 0.7828387022018433, 62, 99, 1214, 604
out0055.jpg, traffic light, 0.8897704482078552, 893, 183, 908, 203
out0055.jpg, traffic light, 0.5560455918312073, 1141, 312, 1158, 336
out0056.jpg, person, 0.9761345982551575, 1071, 237, 1085, 257
out0056.jpg, person, 0.7735804915428162, 273, 258, 298, 288
out0056.jpg, person, 0.40009745955467224, 1105, 277, 1127, 305
out0056.jpg, person, 0.441647469997406, 1140, 313, 1157, 335
out0056.jpg, car, 0.9185841679573059, 189, 500, 309, 577
out0056.jpg, car, 0.9757466316223145, 204, 370, 311, 420
out0056.jpg, car, 0.9322471618652344, 176, 433, 283, 499
out0056.jpg, car, 0.9650511741638184, 845, 214, 901, 238
out0056.jpg, car, 0.9789946675300598, 608, 111, 634, 134
out0056.jpg, car, 0.989030659198761, 573, 110, 597, 128
out0056.jpg, car, 0.9840977787971497, 662, 137, 690, 161
out0056.jpg, car, 0.8379444479942322, 60, 396, 111, 436
out0056.jpg, car, 0.8853961825370789, 2, 426, 35, 476
out0056.jpg, car, 0.9419122338294983, 112, 382, 190, 426
out0056.jpg, car, 0.5162124633789062, 1021, 267, 1064, 294
out0056.jpg, car, 0.9666659235954285, 643, 162, 674, 187
out0057.jpg, person, 0.3253822326660156, 1105, 278, 1127, 303
out0057.jpg, person, 0.9596156477928162, 1071, 237, 1084, 257
out0057.jpg, person, 0.6700172424316406, 273, 258, 298, 288
out0057.jpg, person, 0.43487101793289185, 1140, 313, 1157, 335
out0057.jpg, car, 0.9941798448562622, 815, 252, 900, 302
out0057.jpg, car, 0.947748064994812, 189, 500, 310, 577
out0057.jpg, car, 0.9773164391517639, 204, 370, 311, 421
out0057.jpg, car, 0.9471469521522522, 176, 432, 283, 499
out0057.jpg, car, 0.8380360007286072, 609, 108, 631, 129
out0057.jpg, car, 0.7935294508934021, 62, 397, 110, 435
out0057.jpg, car, 0.934152364730835, 658, 183, 692, 208
out0057.jpg, car, 0.9736559987068176, 571, 97, 591, 115
out0057.jpg, car, 0.95794278383255, 672, 155, 718, 182
out0057.jpg, car, 0.9601467251777649, 112, 382, 189, 426
out0057.jpg, car, 0.5000069737434387, 1021, 267, 1064, 294
out0057.jpg, car, 0.9927365779876709, 588, 147, 622, 171
out0057.jpg, car, 0.9765161871910095, 624, 141, 663, 168
out0057.jpg, car, 0.7901937365531921, 0, 462, 43, 538
out0058.jpg, person, 0.9694622159004211, 1070, 237, 1084, 256
out0058.jpg, car, 0.986284613609314, 206, 369, 309, 420
out0058.jpg, car, 0.9031320810317993, 190, 500, 308, 576
out0058.jpg, car, 0.9713257551193237, 177, 432, 282, 499
out0058.jpg, car, 0.984653890132904, 608, 109, 635, 131
out0058.jpg, car, 0.9912843704223633, 634, 153, 669, 183
out0058.jpg, car, 0.9819700717926025, 58, 397, 113, 434
out0058.jpg, car, 0.9678405523300171, 111, 382, 189, 426
out0058.jpg, car, 0.5613622665405273, 1019, 266, 1066, 294
out0058.jpg, traffic light, 0.4834422171115875, 1141, 312, 1158, 334
out0058.jpg, traffic light, 0.46444618701934814, 1105, 277, 1128, 304
out0059.jpg, person, 0.7182620167732239, 273, 258, 298, 288
out0059.jpg, person, 0.9636724591255188, 1071, 240, 1084, 258
out0059.jpg, person, 0.352908730506897, 1103, 277, 1130, 305
out0059.jpg, car, 0.9971690773963928, 693, 430, 791, 563
out0059.jpg, car, 0.9423642754554749, 188, 498, 311, 577
out0059.jpg, car, 0.9474100470542908, 711, 252, 782, 303
out0059.jpg, car, 0.9806643724441528, 205, 370, 311, 418
out0059.jpg, car, 0.9688419103622437, 1043, 325, 1112, 361
out0059.jpg, car, 0.9701310992240906, 176, 432, 282, 499
out0059.jpg, car, 0.9810050129890442, 614, 116, 639, 140
out0059.jpg, car, 0.9749960899353027, 595, 163, 627, 189
out0059.jpg, car, 0.4712678790092468, 1017, 267, 1063, 295
out0059.jpg, car, 0.9565410017967224, 111, 382, 191, 427
out0059.jpg, car, 0.9249395728111267, 48, 437, 109, 488
out0059.jpg, car, 0.9213892817497253, 58, 397, 112, 432
out0059.jpg, car, 0.88736891746521, 723, 201, 786, 250
out0059.jpg, traffic light, 0.47675710916519165, 1141, 312, 1159, 334
out0060.jpg, person, 0.9776320457458496, 1070, 237, 1084, 256
out0060.jpg, person, 0.956151008605957, 219, 239, 238, 268
out0060.jpg, person, 0.49379655718803406, 1105, 277, 1127, 306
out0060.jpg, person, 0.6576208472251892, 274, 257, 298, 287
out0060.jpg, car, 0.9836982488632202, 807, 247, 878, 303
out0060.jpg, car, 0.9452109336853027, 812, 310, 897, 368
out0060.jpg, car, 0.9372612237930298, 189, 498, 308, 576
out0060.jpg, car, 0.9781386256217957, 206, 369, 309, 420
out0060.jpg, car, 0.9555007815361023, 177, 431, 282, 499
out0060.jpg, car, 0.9650745987892151, 112, 382, 188, 426
out0060.jpg, car, 0.6028102040290833, 1020, 267, 1063, 294
out0060.jpg, car, 0.4155222773551941, 632, 253, 671, 294
out0060.jpg, car, 0.985824465751648, 615, 119, 643, 146
out0060.jpg, car, 0.900457501411438, 59, 397, 111, 432
out0060.jpg, car, 0.8377436399459839, 1120, 322, 1159, 353
out0061.jpg, person, 0.9690535068511963, 1071, 236, 1086, 256
out0061.jpg, person, 0.7265862226486206, 273, 257, 299, 288
out0061.jpg, car, 0.9592515826225281, 936, 361, 1018, 414
out0061.jpg, car, 0.9579369425773621, 188, 497, 310, 577
out0061.jpg, car, 0.960018515586853, 919, 294, 993, 343
out0061.jpg, car, 0.9743455052375793, 205, 369, 309, 420
out0061.jpg, car, 0.9801129102706909, 630, 141, 663, 167
out0061.jpg, car, 0.9745693802833557, 177, 431, 282, 500
out0061.jpg, car, 0.9504134058952332, 701, 235, 770, 298
out0061.jpg, car, 0.9931786060333252, 708, 449, 790, 592
out0061.jpg, car, 0.7469501495361328, 1020, 267, 1066, 294
out0061.jpg, car, 0.970186173915863, 1030, 303, 1070, 329
out0061.jpg, traffic light, 0.2659474015235901, 1105, 277, 1127, 304
out0062.jpg, person, 0.9847846031188965, 1071, 235, 1085, 255
out0062.jpg, person, 0.3671298325061798, 1103, 278, 1128, 305
out0062.jpg, car, 0.9599975347518921, 770, 285, 868, 359
out0062.jpg, car, 0.958358645439148, 189, 499, 310, 577
out0062.jpg, car, 0.9810762405395508, 204, 369, 309, 420
out0062.jpg, car, 0.9699384570121765, 176, 432, 284, 499
out0062.jpg, car, 0.9654837250709534, 1046, 377, 1098, 414
out0062.jpg, car, 0.9746909141540527, 1016, 323, 1074, 356
out0062.jpg, car, 0.8377842307090759, 637, 158, 676, 192
out0062.jpg, car, 0.5604776740074158, 1020, 266, 1065, 296
out0062.jpg, traffic light, 0.4265432357788086, 1141, 312, 1160, 335
out0062.jpg, fire hydrant, 0.8035520911216736, 272, 258, 299, 288
out0063.jpg, person, 0.4848741590976715, 1105, 278, 1128, 305
out0063.jpg, person, 0.6446104049682617, 273, 257, 297, 287
out0063.jpg, person, 0.511906623840332, 1140, 312, 1158, 334
out0063.jpg, car, 0.9712679386138916, 874, 336, 977, 404
out0063.jpg, car, 0.9254807829856873, 189, 499, 310, 574
out0063.jpg, car, 0.9805110096931458, 205, 369, 310, 421
out0063.jpg, car, 0.9630823135375977, 175, 431, 284, 501
out0063.jpg, car, 0.9067554473876953, 1019, 266, 1067, 294
out0063.jpg, car, 0.9782534241676331, 1075, 320, 1129, 353
out0063.jpg, car, 0.9598236083984375, 1105, 360, 1151, 404
out0063.jpg, car, 0.9657402634620667, 1029, 301, 1069, 330
out0064.jpg, car, 0.9516212344169617, 686, 218, 753, 272
out0064.jpg, car, 0.9853288531303406, 206, 368, 309, 420
out0064.jpg, car, 0.8742827773094177, 189, 499, 311, 577
out0064.jpg, car, 0.9507607817649841, 175, 430, 284, 500
out0064.jpg, car, 0.8268427848815918, 996, 366, 1064, 417
out0064.jpg, car, 0.9923288226127625, 618, 89, 640, 106
out0064.jpg, car, 0.8136574625968933, 1018, 266, 1064, 294
out0064.jpg, car, 0.9713578820228577, 1030, 302, 1073, 330
out0064.jpg, car, 0.7259766459465027, 1133, 309, 1162, 334
out0064.jpg, car, 0.9633183479309082, 547, 87, 565, 104
out0064.jpg, car, 0.4867575466632843, 1102, 278, 1133, 306
out0064.jpg, car, 0.8783146739006042, 66, 435, 142, 490
out0065.jpg, person, 0.41251659393310547, 1105, 278, 1126, 303
out0065.jpg, person, 0.9760648608207703, 1072, 236, 1085, 256
out0065.jpg, car, 0.9818230867385864, 749, 257, 849, 332
out0065.jpg, car, 0.9086562395095825, 188, 498, 311, 575
out0065.jpg, car, 0.9813743233680725, 205, 369, 310, 421
out0065.jpg, car, 0.9952936768531799, 636, 109, 663, 131
out0065.jpg, car, 0.9682489633560181, 547, 106, 574, 130
out0065.jpg, car, 0.7447466850280762, 1020, 266, 1066, 293
out0065.jpg, car, 0.9328808188438416, 176, 431, 283, 501
out0065.jpg, car, 0.8405954241752625, 1076, 367, 1128, 406
out0065.jpg, traffic light, 0.46358737349510193, 1141, 311, 1159, 334
out0066.jpg, person, 0.843166708946228, 272, 258, 297, 288
out0066.jpg, car, 0.8714208006858826, 867, 312, 971, 380
out0066.jpg, car, 0.933738112449646, 187, 497, 311, 576
out0066.jpg, car, 0.9462797045707703, 553, 138, 585, 171
out0066.jpg, car, 0.9855383634567261, 206, 369, 309, 419
out0066.jpg, car, 0.9844845533370972, 660, 135, 688, 157
out0066.jpg, car, 0.9483787417411804, 176, 431, 283, 501
out0066.jpg, car, 0.653484582901001, 1020, 266, 1064, 293
out0066.jpg, car, 0.9670335650444031, 111, 381, 189, 425
out0067.jpg, person, 0.3352247476577759, 1105, 278, 1128, 305
out0067.jpg, car, 0.986232340335846, 679, 162, 723, 196
out0067.jpg, car, 0.8947458267211914, 189, 497, 310, 577
out0067.jpg, car, 0.9785709977149963, 205, 369, 309, 421
out0067.jpg, car, 0.9410528540611267, 177, 431, 282, 500
out0067.jpg, car, 0.934809684753418, 983, 351, 1062, 394
out0067.jpg, car, 0.9875789284706116, 590, 85, 613, 101
out0067.jpg, car, 0.6437582969665527, 1019, 265, 1066, 296
out0067.jpg, car, 0.5362599492073059, 566, 197, 608, 265
out0068.jpg, person, 0.4850999414920807, 855, 187, 876, 210
out0068.jpg, person, 0.9621664881706238, 1071, 237, 1085, 257
out0068.jpg, person, 0.45275208353996277, 1105, 278, 1128, 303
out0068.jpg, person, 0.7452788352966309, 272, 258, 299, 288
out0068.jpg, car, 0.9550424814224243, 598, 360, 676, 507
out0068.jpg, car, 0.9148809909820557, 190, 500, 311, 579
out0068.jpg, car, 0.8484755754470825, 1070, 352, 1122, 391
out0068.jpg, car, 0.9676282405853271, 205, 369, 310, 421
out0068.jpg, car, 0.9499582052230835, 175, 431, 283, 498
out0068.jpg, car, 0.7725029587745667, 1018, 267, 1064, 294
out0068.jpg, car, 0.9759355187416077, 598, 97, 625, 117
out0068.jpg, car, 0.901448667049408, 724, 200, 788, 240
out0068.jpg, car, 0.9598280191421509, 1030, 303, 1071, 329
out0068.jpg, traffic light, 0.38931459188461304, 1140, 312, 1158, 335
out0069.jpg, person, 0.670823872089386, 856, 187, 876, 211
out0069.jpg, person, 0.7387233376502991, 274, 258, 298, 287
out0069.jpg, person, 0.9707075357437134, 1071, 237, 1084, 256
out0069.jpg, car, 0.9221867322921753, 188, 498, 310, 578
out0069.jpg, car, 0.8924647569656372, 801, 238, 876, 295
out0069.jpg, car, 0.9755379557609558, 204, 369, 309, 422
out0069.jpg, car, 0.9550318121910095, 175, 431, 283, 499
out0069.jpg, car, 0.9846035838127136, 613, 119, 639, 145
out0069.jpg, car, 0.8377931118011475, 1121, 344, 1158, 386
out0069.jpg, car, 0.4989214539527893, 1022, 267, 1063, 294
out0069.jpg, car, 0.9619122743606567, 112, 382, 189, 425
out0070.jpg, person, 0.5594375729560852, 858, 186, 875, 210
out0070.jpg, person, 0.9755212664604187, 1071, 235, 1084, 256
out0070.jpg, person, 0.7521112561225891, 273, 257, 297, 287
out0070.jpg, car, 0.933620810508728, 188, 498, 310, 577
out0070.jpg, car, 0.9812761545181274, 206, 370, 308, 422
out0070.jpg, car, 0.9577103853225708, 175, 432, 282, 498
out0070.jpg, car, 0.6718339920043945, 905, 282, 976, 334
out0070.jpg, truck, 0.647351861000061, 906, 287, 980, 342
out0070.jpg, truck, 0.5672703385353088, 1021, 266, 1066, 295
out0071.jpg, person, 0.7634545564651489, 860, 184, 875, 209
out0071.jpg, car, 0.9198908805847168, 188, 498, 310, 577
out0071.jpg, car, 0.9819360375404358, 204, 369, 310, 419
out0071.jpg, car, 0.9543691277503967, 175, 431, 283, 499
out0071.jpg, car, 0.9230178594589233, 1007, 325, 1075, 361
out0071.jpg, car, 0.9617227911949158, 112, 380, 189, 426
out0071.jpg, car, 0.9803873896598816, 621, 108, 647, 126
out0072.jpg, person, 0.5841992497444153, 859, 186, 876, 209
out0072.jpg, person, 0.9914110898971558, 1072, 236, 1084, 255
out0072.jpg, car, 0.8525162935256958, 188, 498, 312, 576
out0072.jpg, car, 0.9689612984657288, 205, 369, 311, 419
out0072.jpg, car, 0.7701259851455688, 1071, 324, 1123, 362
out0072.jpg, car, 0.9131024479866028, 176, 432, 283, 499
out0072.jpg, car, 0.7535721063613892, 701, 235, 771, 292
out0072.jpg, car, 0.9578022360801697, 644, 130, 674, 152
out0072.jpg, car, 0.6454148888587952, 1020, 265, 1066, 296
out0072.jpg, car, 0.9412389993667603, 112, 381, 189, 425
out0073.jpg, person, 0.9632484316825867, 940, 192, 953, 218
out0073.jpg, person, 0.9886781573295593, 1071, 236, 1084, 255
out0073.jpg, person, 0.4193963408470154, 1104, 277, 1128, 305
out0073.jpg, car, 0.9240326881408691, 790, 295, 890, 368
out0073.jpg, car, 0.8214941620826721, 187, 498, 312, 576
out0073.jpg, car, 0.9958857893943787, 589, 89, 619, 111
out0073.jpg, car, 0.9631284475326538, 205, 369, 311, 419
out0073.jpg, car, 0.8955731391906738, 176, 432, 283, 499
out0073.jpg, car, 0.9033754467964172, 1122, 314, 1159, 345
out0073.jpg, car, 0.6617652773857117, 1019, 266, 1066, 295
out0073.jpg, car, 0.9435276389122009, 112, 381, 189, 425
out0073.jpg, traffic light, 0.5901246666908264, 859, 186, 876, 209
out0074.jpg, person, 0.9590809345245361, 933, 192, 947, 218
out0074.jpg, person, 0.8201829195022583, 858, 186, 875, 211
out0074.jpg, person, 0.41901087760925293, 1106, 279, 1125, 305
out0074.jpg, person, 0.7229326367378235, 273, 256, 298, 288
out0074.jpg, car, 0.9547238945960999, 185, 498, 313, 577
out0074.jpg, car, 0.9721011519432068, 203, 369, 311, 422
out0074.jpg, car, 0.9933786392211914, 605, 106, 631, 129
out0074.jpg, car, 0.9742971658706665, 572, 98, 595, 118
out0074.jpg, car, 0.9511286020278931, 178, 431, 283, 500
out0074.jpg, car, 0.6205578446388245, 1019, 266, 1066, 294
out0074.jpg, truck, 0.7291193604469299, 933, 358, 1018, 416
out0075.jpg, person, 0.788392186164856, 274, 258, 299, 287
out0075.jpg, person, 0.9352467656135559, 858, 186, 875, 211
out0075.jpg, person, 0.2963319420814514, 1105, 278, 1127, 304
out0075.jpg, car, 0.9186245203018188, 188, 497, 310, 578
out0075.jpg, car, 0.9569399356842041, 205, 369, 310, 420
out0075.jpg, car, 0.9478461146354675, 177, 432, 282, 499
out0075.jpg, car, 0.7443702816963196, 1039, 373, 1099, 413
out0075.jpg, car, 0.9760153293609619, 619, 129, 652, 157
out0075.jpg, car, 0.5273817181587219, 1021, 266, 1066, 294
out0076.jpg, person, 0.67722487449646, 860, 186, 875, 210
out0076.jpg, person, 0.8565837740898132, 273, 259, 299, 288
out0076.jpg, person, 0.9364718794822693, 916, 193, 927, 214
out0076.jpg, car, 0.9739519357681274, 205, 370, 311, 420
out0076.jpg, car, 0.8575180172920227, 189, 498, 310, 577
out0076.jpg, car, 0.9813641905784607, 877, 275, 948, 326
out0076.jpg, car, 0.920340359210968, 175, 430, 283, 501
out0076.jpg, car, 0.5283288955688477, 1101, 361, 1149, 401
out0076.jpg, car, 0.4700291156768799, 1022, 265, 1064, 294
out0076.jpg, car, 0.5492985844612122, 68, 435, 141, 489
out0077.jpg, person, 0.9598663449287415, 860, 186, 876, 211
out0077.jpg, person, 0.6352361440658569, 272, 259, 298, 288
out0077.jpg, car, 0.9738122820854187, 657, 304, 725, 407
out0077.jpg, car, 0.9660666584968567, 699, 216, 766, 276
out0077.jpg, car, 0.8853341937065125, 189, 498, 309, 576
out0077.jpg, car, 0.9675614833831787, 205, 370, 309, 420
out0077.jpg, car, 0.9390556812286377, 174, 432, 284, 499
out0077.jpg, car, 0.6774893999099731, 1020, 264, 1067, 295
out0078.jpg, person, 0.9161254167556763, 860, 186, 876, 210
out0078.jpg, person, 0.3355232775211334, 1103, 277, 1129, 306
out0078.jpg, person, 0.9433823823928833, 896, 188, 910, 210
out0078.jpg, car, 0.7451885342597961, 790, 277, 896, 357
out0078.jpg, car, 0.8460294008255005, 189, 498, 310, 578
out0078.jpg, car, 0.9826349020004272, 207, 370, 310, 421
out0078.jpg, car, 0.75872403383255, 1074, 329, 1118, 360
out0078.jpg, car, 0.9324472546577454, 177, 431, 283, 499
out0078.jpg, car, 0.9746675491333008, 511, 159, 539, 188
out0078.jpg, car, 0.8149128556251526, 1017, 266, 1064, 294
out0078.jpg, car, 0.8766815662384033, 1053, 238, 1085, 258
out0078.jpg, car, 0.938510537147522, 1029, 302, 1070, 329
out0078.jpg, car, 0.971253514289856, 111, 381, 189, 425
out0079.jpg, person, 0.9664976596832275, 1071, 238, 1086, 258
out0079.jpg, person, 0.6279174089431763, 1136, 312, 1161, 340
out0079.jpg, car, 0.8925718665122986, 189, 499, 310, 576
out0079.jpg, car, 0.954734206199646, 203, 370, 313, 420
out0079.jpg, car, 0.9800467491149902, 1000, 233, 1039, 253
out0079.jpg, car, 0.784015953540802, 925, 335, 1021, 397
out0079.jpg, car, 0.9472201466560364, 1016, 265, 1065, 293
out0079.jpg, car, 0.9128788709640503, 175, 431, 284, 500
out0079.jpg, car, 0.9846316576004028, 1030, 300, 1072, 330
out0079.jpg, car, 0.3762483596801758, 1104, 278, 1130, 305
out0079.jpg, car, 0.9005609154701233, 548, 87, 564, 102
out0079.jpg, car, 0.9752148389816284, 507, 174, 539, 204
out0079.jpg, motorbike, 0.5469760298728943, 1131, 325, 1162, 351
out0080.jpg, person, 0.3668779134750366, 1104, 278, 1129, 306
out0080.jpg, person, 0.9332396984100342, 865, 187, 879, 209
out0080.jpg, person, 0.9657436609268188, 1070, 240, 1084, 259
out0080.jpg, person, 0.641060471534729, 1142, 311, 1159, 335
out0080.jpg, person, 0.897637665271759, 887, 187, 902, 211
out0080.jpg, person, 0.8149632215499878, 272, 257, 298, 287
out0080.jpg, car, 0.8018911480903625, 189, 498, 309, 577
out0080.jpg, car, 0.9212397933006287, 1043, 356, 1098, 396
out0080.jpg, car, 0.967460036277771, 949, 224, 993, 253
out0080.jpg, car, 0.965691864490509, 227, 368, 337, 422
out0080.jpg, car, 0.7066709995269775, 1019, 264, 1065, 294
out0080.jpg, car, 0.8902961611747742, 175, 432, 284, 501
out0080.jpg, car, 0.9653151631355286, 114, 381, 192, 426
out0080.jpg, car, 0.9459965229034424, 550, 98, 571, 118
out0080.jpg, car, 0.9288362264633179, 1030, 300, 1075, 328
out0080.jpg, car, 0.9283923506736755, 505, 175, 538, 206
out0081.jpg, person, 0.8579602241516113, 863, 187, 877, 209
out0081.jpg, person, 0.9576996564865112, 892, 189, 905, 213
out0081.jpg, person, 0.8431854248046875, 1107, 277, 1127, 306
out0081.jpg, person, 0.9349290728569031, 1069, 240, 1084, 260
out0081.jpg, car, 0.9200388789176941, 298, 353, 407, 407
out0081.jpg, car, 0.9920714497566223, 896, 217, 961, 246
out0081.jpg, car, 0.8532787561416626, 133, 381, 218, 428
out0081.jpg, car, 0.5544611215591431, 188, 499, 310, 576
out0081.jpg, car, 0.7953116297721863, 175, 431, 283, 498
out0081.jpg, car, 0.9712315201759338, 61, 397, 119, 432
out0081.jpg, car, 0.9116267561912537, 553, 108, 573, 129
out0081.jpg, car, 0.7121059894561768, 1019, 266, 1067, 294
out0081.jpg, car, 0.9405495524406433, 70, 436, 139, 488
out0081.jpg, car, 0.8348473310470581, 1103, 349, 1152, 394
out0081.jpg, car, 0.9523468017578125, 505, 179, 536, 208
out0082.jpg, person, 0.9845339059829712, 1070, 240, 1084, 258
out0082.jpg, car, 0.9949374198913574, 424, 315, 536, 372
out0082.jpg, car, 0.8805055618286133, 188, 500, 310, 577
out0082.jpg, car, 0.8644289374351501, 179, 376, 268, 423
out0082.jpg, car, 0.9358772039413452, 173, 432, 282, 497
out0082.jpg, car, 0.9502050876617432, 1018, 264, 1067, 294
out0082.jpg, car, 0.8905296921730042, 83, 397, 134, 434
out0082.jpg, car, 0.9693237543106079, 1057, 286, 1101, 317
out0082.jpg, car, 0.9091467261314392, 69, 437, 140, 488
out0082.jpg, car, 0.8893947601318359, 858, 211, 923, 241
out0082.jpg, fire hydrant, 0.6277398467063904, 273, 256, 297, 287
out0083.jpg, person, 0.4311644434928894, 1107, 277, 1131, 309
out0083.jpg, person, 0.578535258769989, 273, 255, 296, 288
out0083.jpg, car, 0.9877511262893677, 561, 270, 656, 328
out0083.jpg, car, 0.9399915933609009, 268, 366, 379, 418
out0083.jpg, car, 0.717983067035675, 190, 499, 311, 577
out0083.jpg, car, 0.7726494669914246, 174, 431, 282, 498
out0083.jpg, car, 0.9459134936332703, 557, 140, 582, 166
out0083.jpg, car, 0.8731843829154968, 69, 435, 140, 488
out0083.jpg, car, 0.9685038328170776, 822, 208, 891, 233
out0083.jpg, car, 0.9348861575126648, 106, 392, 173, 431
out0083.jpg, car, 0.8583397269248962, 928, 322, 986, 374
out0084.jpg, car, 0.9144437909126282, 397, 337, 521, 394
out0084.jpg, car, 0.843583345413208, 190, 500, 307, 575
out0084.jpg, car, 0.8494532108306885, 165, 379, 251, 432
out0084.jpg, car, 0.8100738525390625, 172, 432, 282, 498
out0084.jpg, car, 0.914998471736908, 821, 204, 882, 232
out0084.jpg, car, 0.8761582374572754, 1020, 266, 1065, 294
out0084.jpg, car, 0.8578217625617981, 559, 154, 584, 181
out0084.jpg, car, 0.7011466026306152, 68, 435, 139, 490
out0084.jpg, car, 0.86149001121521, 659, 235, 708, 273
out0084.jpg, car, 0.9699183106422424, 982, 299, 1047, 335
out0084.jpg, truck, 0.774848461151123, 885, 381, 944, 456
out0085.jpg, person, 0.9538885951042175, 864, 188, 881, 215
out0085.jpg, person, 0.6207805871963501, 274, 256, 299, 287
out0085.jpg, car, 0.9837381839752197, 526, 293, 641, 356
out0085.jpg, car, 0.9483391642570496, 270, 369, 373, 419
out0085.jpg, car, 0.7741213440895081, 188, 499, 310, 578
out0085.jpg, car, 0.8870937824249268, 562, 162, 587, 191
out0085.jpg, car, 0.6350374817848206, 926, 320, 986, 377
out0085.jpg, car, 0.911112368106842, 174, 431, 283, 500
out0085.jpg, car, 0.9513792991638184, 68, 435, 140, 489
out0085.jpg, car, 0.9380629062652588, 819, 205, 881, 233
out0085.jpg, car, 0.7941190004348755, 854, 473, 928, 611
out0085.jpg, car, 0.9823921322822571, 1, 403, 40, 438
out0085.jpg, car, 0.9437658190727234, 492, 202, 528, 230
out0085.jpg, truck, 0.5933538675308228, 924, 317, 990, 379
out0086.jpg, car, 0.979363203048706, 636, 256, 720, 309
out0086.jpg, car, 0.9923570156097412, 411, 337, 530, 391
out0086.jpg, car, 0.7244278788566589, 190, 499, 308, 575
out0086.jpg, car, 0.7797638773918152, 881, 355, 950, 448
out0086.jpg, car, 0.9761935472488403, 815, 204, 883, 232
out0086.jpg, car, 0.7980921864509583, 173, 432, 285, 499
out0086.jpg, car, 0.9086775779724121, 1019, 263, 1068, 296
out0086.jpg, car, 0.8140759468078613, 69, 435, 140, 489
out0086.jpg, car, 0.7353772521018982, 66, 394, 113, 430
out0086.jpg, car, 0.916317880153656, 563, 164, 589, 195
out0086.jpg, car, 0.9502109885215759, 715, 165, 750, 188
out0087.jpg, car, 0.9769004583358765, 557, 286, 657, 350
out0087.jpg, car, 0.9152519106864929, 843, 448, 921, 572
out0087.jpg, car, 0.7809315919876099, 189, 500, 309, 576
out0087.jpg, car, 0.9672654867172241, 1018, 264, 1067, 297
out0087.jpg, car, 0.8418089747428894, 175, 432, 282, 499
out0087.jpg, car, 0.9592181444168091, 816, 206, 885, 233
out0087.jpg, car, 0.9393892884254456, 702, 222, 747, 261
out0087.jpg, car, 0.7671520113945007, 142, 383, 224, 427
out0087.jpg, car, 0.9526230692863464, 563, 167, 590, 197
out0087.jpg, car, 0.8514962196350098, 900, 320, 976, 376
out0087.jpg, car, 0.8169905543327332, 68, 437, 141, 490
out0087.jpg, car, 0.9008456468582153, 400, 227, 472, 285
out0087.jpg, car, 0.7811920046806335, 518, 159, 537, 178
out0087.jpg, traffic light, 0.7064656019210815, 699, 132, 723, 151
out0088.jpg, person, 0.6005887389183044, 1106, 271, 1122, 295
out0088.jpg, person, 0.8720747232437134, 884, 186, 901, 213
out0088.jpg, car, 0.5592455863952637, 189, 499, 309, 576
out0088.jpg, car, 0.9698800444602966, 1017, 264, 1067, 297
out0088.jpg, car, 0.708284318447113, 173, 431, 282, 497
out0088.jpg, car, 0.9241743683815002, 820, 207, 882, 232
out0088.jpg, car, 0.9821544885635376, 841, 371, 920, 436
out0088.jpg, car, 0.9148966670036316, 309, 267, 383, 311
out0088.jpg, car, 0.9218416810035706, 565, 166, 590, 198
out0088.jpg, car, 0.9126651287078857, 515, 161, 538, 186
out0088.jpg, car, 0.9156025648117065, 666, 242, 739, 295
out0088.jpg, car, 0.6667600870132446, 69, 435, 140, 490
out0088.jpg, truck, 0.6043893694877625, 258, 367, 351, 415
out0089.jpg, person, 0.845594584941864, 883, 185, 901, 212
out0089.jpg, car, 0.6223115921020508, 188, 499, 310, 577
out0089.jpg, car, 0.915283203125, 410, 326, 510, 384
out0089.jpg, car, 0.8414413332939148, 173, 433, 284, 497
out0089.jpg, car, 0.9576399326324463, 1018, 264, 1067, 297
out0089.jpg, car, 0.9890553951263428, 786, 473, 868, 576
out0089.jpg, car, 0.9263535141944885, 820, 206, 883, 233
out0089.jpg, car, 0.9193439483642578, 516, 120, 540, 145
out0089.jpg, car, 0.9731845855712891, 564, 177, 591, 205
out0089.jpg, car, 0.932631254196167, 512, 178, 539, 202
out0089.jpg, car, 0.7198615074157715, 69, 436, 140, 490
out0089.jpg, car, 0.9922980666160583, 206, 294, 278, 335
out0089.jpg, traffic light, 0.44000929594039917, 720, 210, 742, 242
out0090.jpg, car, 0.8070225715637207, 188, 498, 311, 578
out0090.jpg, car, 0.9590144753456116, 1019, 264, 1067, 297
out0090.jpg, car, 0.8038480877876282, 174, 432, 283, 498
out0090.jpg, car, 0.986806333065033, 564, 274, 656, 333
out0090.jpg, car, 0.9708074331283569, 133, 314, 180, 349
out0090.jpg, car, 0.9299500584602356, 819, 205, 882, 233
out0090.jpg, car, 0.9614027142524719, 564, 178, 591, 205
out0090.jpg, car, 0.8391499519348145, 68, 436, 140, 489
out0090.jpg, car, 0.700568437576294, 725, 170, 755, 197
out0090.jpg, car, 0.9365190267562866, 516, 132, 541, 158
out0091.jpg, person, 0.5873304605484009, 276, 256, 298, 285
out0091.jpg, person, 0.8579981327056885, 883, 187, 901, 213
out0091.jpg, car, 0.8013238906860352, 190, 499, 309, 576
out0091.jpg, car, 0.9763319492340088, 1015, 260, 1064, 295
out0091.jpg, car, 0.9546638131141663, 63, 332, 102, 368
out0091.jpg, car, 0.8825216293334961, 174, 433, 283, 497
out0091.jpg, car, 0.9527238607406616, 817, 205, 884, 232
out0091.jpg, car, 0.9302919507026672, 516, 140, 540, 168
out0091.jpg, car, 0.9332234859466553, 616, 87, 635, 101
out0091.jpg, car, 0.9059216380119324, 69, 437, 140, 489
out0091.jpg, car, 0.9483202695846558, 669, 231, 729, 272
out0091.jpg, car, 0.938948392868042, 563, 177, 591, 206
out0091.jpg, car, 0.46615517139434814, 491, 209, 519, 236
out0092.jpg, person, 0.6911193132400513, 1106, 273, 1121, 294
out0092.jpg, person, 0.5832113027572632, 1146, 260, 1163, 287
out0092.jpg, person, 0.6537818312644958, 1142, 309, 1158, 335
out0092.jpg, person, 0.603430449962616, 273, 259, 299, 286
out0092.jpg, car, 0.9914058446884155, 974, 246, 1021, 268
out0092.jpg, car, 0.7358912825584412, 189, 499, 310, 576
out0092.jpg, car, 0.9747854471206665, 1020, 266, 1066, 295
out0092.jpg, car, 0.8853180408477783, 819, 205, 878, 231
out0092.jpg, car, 0.8347238898277283, 174, 432, 284, 498
out0092.jpg, car, 0.8187711238861084, 68, 435, 140, 490
out0092.jpg, car, 0.9626255631446838, 562, 167, 588, 196
out0093.jpg, person, 0.9015749096870422, 1070, 239, 1083, 256
out0093.jpg, person, 0.7352782487869263, 272, 259, 297, 287
out0093.jpg, car, 0.9689083695411682, 1020, 265, 1067, 295
out0093.jpg, car, 0.9876082539558411, 362, 248, 438, 294
out0093.jpg, car, 0.5473877787590027, 187, 499, 311, 577
out0093.jpg, car, 0.9886595010757446, 951, 244, 1004, 267
out0093.jpg, car, 0.9838438630104065, 510, 168, 541, 196
out0093.jpg, car, 0.9714903235435486, 727, 159, 756, 182
out0093.jpg, car, 0.950356125831604, 792, 192, 858, 221
out0093.jpg, car, 0.9861359596252441, 564, 177, 590, 204
out0093.jpg, car, 0.9301453828811646, 638, 107, 661, 124
out0093.jpg, car, 0.8567518591880798, 173, 432, 284, 498
out0093.jpg, car, 0.6763052940368652, 65, 434, 140, 490
out0093.jpg, car, 0.6788036227226257, 647, 98, 664, 117
out0094.jpg, person, 0.8883613348007202, 884, 186, 898, 212
out0094.jpg, person, 0.801352322101593, 865, 187, 882, 208
out0094.jpg, car, 0.7968416810035706, 188, 500, 313, 576
out0094.jpg, car, 0.9275475144386292, 1018, 263, 1066, 295
out0094.jpg, car, 0.9754564166069031, 642, 117, 665, 137
out0094.jpg, car, 0.9916119575500488, 952, 245, 1000, 268
out0094.jpg, car, 0.9166461825370789, 174, 432, 283, 497
out0094.jpg, car, 0.8700518012046814, 773, 180, 824, 210
out0094.jpg, car, 0.8673661947250366, 275, 273, 353, 308
out0094.jpg, car, 0.9785239696502686, 564, 177, 591, 206
out0094.jpg, car, 0.8845930099487305, 69, 435, 139, 489
out0094.jpg, car, 0.9164485335350037, 501, 173, 537, 213
out0095.jpg, person, 0.7433632016181946, 863, 188, 882, 210
out0095.jpg, car, 0.9575355648994446, 196, 498, 325, 577
out0095.jpg, car, 0.9592399597167969, 179, 430, 290, 497
out0095.jpg, car, 0.9432501196861267, 1020, 266, 1063, 296
out0095.jpg, car, 0.9827461242675781, 203, 285, 264, 317
out0095.jpg, car, 0.9793279767036438, 953, 245, 1000, 268
out0095.jpg, car, 0.6303789615631104, 758, 172, 786, 189
out0095.jpg, car, 0.8684964776039124, 69, 435, 140, 489
out0095.jpg, car, 0.8568515777587891, 659, 133, 682, 150
out0095.jpg, car, 0.9591169953346252, 569, 74, 587, 86
out0095.jpg, car, 0.9613257050514221, 563, 167, 589, 197
out0096.jpg, person, 0.8764089941978455, 883, 186, 898, 211
out0096.jpg, car, 0.9106230735778809, 203, 431, 315, 499
out0096.jpg, car, 0.968543529510498, 1023, 260, 1069, 292
out0096.jpg, car, 0.9720683693885803, 662, 139, 690, 162
out0096.jpg, car, 0.9911271929740906, 954, 245, 1002, 268
out0096.jpg, car, 0.9591275453567505, 139, 301, 183, 329
out0096.jpg, car, 0.9462606310844421, 730, 141, 764, 166
out0096.jpg, car, 0.9483634829521179, 564, 178, 590, 205
out0096.jpg, car, 0.9524356126785278, 572, 77, 588, 91
out0096.jpg, truck, 0.7270755171775818, 234, 501, 368, 578
out0097.jpg, person, 0.832700252532959, 884, 189, 899, 214
out0097.jpg, person, 0.8552225828170776, 865, 187, 880, 208
out0097.jpg, car, 0.9623967409133911, 1019, 258, 1065, 293
out0097.jpg, car, 0.8544626235961914, 256, 423, 393, 499
out0097.jpg, car, 0.9891219735145569, 951, 245, 1002, 268
out0097.jpg, car, 0.8647342324256897, 574, 92, 590, 107
out0097.jpg, car, 0.9710150957107544, 565, 178, 591, 204
out0097.jpg, car, 0.6423259377479553, 87, 309, 123, 340
out0097.jpg, car, 0.4828299880027771, 664, 141, 688, 168
out0097.jpg, car, 0.7115691900253296, 710, 120, 738, 142
out0098.jpg, person, 0.9178938269615173, 1073, 233, 1084, 253
out0098.jpg, person, 0.7662928700447083, 884, 190, 899, 214
out0098.jpg, person, 0.7675667405128479, 864, 188, 879, 210
out0098.jpg, car, 0.927125871181488, 468, 470, 629, 555
out0098.jpg, car, 0.9156291484832764, 356, 409, 500, 483
out0098.jpg, car, 0.9741697907447815, 1018, 256, 1062, 293
out0098.jpg, car, 0.9908477067947388, 952, 245, 1002, 268
out0098.jpg, car, 0.9503009915351868, 573, 95, 597, 117
out0098.jpg, car, 0.9717136025428772, 1055, 284, 1106, 321
out0098.jpg, car, 0.9690855741500854, 564, 179, 590, 205
out0098.jpg, truck, 0.8505897521972656, 147, 502, 266, 574
out0098.jpg, traffic light, 0.7083036303520203, 453, 204, 465, 232
out0099.jpg, person, 0.7211818099021912, 860, 189, 884, 213
out0099.jpg, person, 0.8622480630874634, 1074, 236, 1085, 256
out0099.jpg, car, 0.9563434720039368, 508, 392, 660, 464
out0099.jpg, car, 0.9778768420219421, 665, 453, 801, 523
out0099.jpg, car, 0.9876641631126404, 953, 246, 999, 268
out0099.jpg, car, 0.9630734920501709, 1038, 289, 1093, 323
out0099.jpg, car, 0.9635996222496033, 1012, 251, 1062, 286
out0099.jpg, car, 0.9655760526657104, 587, 97, 614, 117
out0099.jpg, car, 0.8119991421699524, 167, 437, 263, 491
out0099.jpg, car, 0.9514378905296326, 575, 107, 602, 129
out0099.jpg, car, 0.973843514919281, 563, 178, 591, 204
out0099.jpg, car, 0.5916968584060669, 1082, 267, 1106, 290
out0099.jpg, car, 0.5997888445854187, 222, 497, 353, 562
out0099.jpg, truck, 0.674270510673523, 224, 501, 357, 575
out0100.jpg, person, 0.9230725169181824, 865, 188, 883, 214
out0100.jpg, person, 0.926650881767273, 1073, 235, 1084, 254
out0100.jpg, car, 0.9800288677215576, 839, 408, 950, 483
out0100.jpg, car, 0.9913767576217651, 698, 367, 832, 438
out0100.jpg, car, 0.9798675775527954, 587, 113, 617, 138
out0100.jpg, car, 0.8500593900680542, 250, 418, 374, 483
out0100.jpg, car, 0.9928688406944275, 950, 247, 999, 268
out0100.jpg, car, 0.9647554159164429, 1033, 291, 1091, 325
out0100.jpg, car, 0.9813117384910583, 994, 259, 1050, 292
out0100.jpg, car, 0.966820478439331, 564, 178, 591, 204
out0100.jpg, car, 0.6860322952270508, 1080, 265, 1107, 290
out0100.jpg, car, 0.6542227864265442, 85, 490, 176, 551
out0100.jpg, car, 0.9754143357276917, 1020, 248, 1055, 268
out0100.jpg, car, 0.9635645747184753, 597, 95, 623, 116
out0101.jpg, person, 0.8590409755706787, 860, 189, 879, 215
out0101.jpg, car, 0.8729575872421265, 865, 341, 969, 410
out0101.jpg, car, 0.9450838565826416, 524, 457, 711, 547
out0101.jpg, car, 0.8732883334159851, 953, 385, 1036, 448
out0101.jpg, car, 0.9776907563209534, 943, 255, 1008, 291
out0101.jpg, car, 0.9668575525283813, 592, 114, 622, 145
out0101.jpg, car, 0.9874497652053833, 1017, 248, 1058, 270
out0101.jpg, car, 0.6506187915802002, 403, 408, 538, 470
out0101.jpg, car, 0.9713700413703918, 1030, 290, 1093, 326
out0101.jpg, car, 0.964011549949646, 564, 178, 591, 205
out0101.jpg, car, 0.8856773376464844, 1077, 265, 1112, 291
out0101.jpg, car, 0.9719312191009521, 590, 130, 617, 155
out0101.jpg, truck, 0.8489423990249634, 150, 490, 261, 560
out0102.jpg, person, 0.5787219405174255, 768, 185, 779, 205
out0102.jpg, person, 0.6169255375862122, 1066, 269, 1085, 290
out0102.jpg, car, 0.9816392660140991, 612, 386, 746, 446
out0102.jpg, car, 0.9638373255729675, 719, 427, 890, 518
out0102.jpg, car, 0.5641787648200989, 266, 487, 407, 566
out0102.jpg, car, 0.9843193888664246, 592, 139, 622, 164
out0102.jpg, car, 0.9107910990715027, 881, 263, 949, 311
out0102.jpg, car, 0.9849271774291992, 1017, 249, 1058, 270
out0102.jpg, car, 0.9914132356643677, 951, 245, 999, 268
out0102.jpg, car, 0.9761091470718384, 563, 177, 591, 204
out0102.jpg, car, 0.9484602212905884, 611, 116, 636, 139
out0102.jpg, car, 0.9176934361457825, 994, 330, 1062, 380
out0102.jpg, car, 0.6937904357910156, 501, 179, 536, 218
out0102.jpg, car, 0.9518513679504395, 1036, 370, 1091, 415
out0102.jpg, truck, 0.5252741575241089, 269, 493, 406, 576
out0102.jpg, traffic light, 0.7870246171951294, 860, 187, 876, 215
out0103.jpg, person, 0.7660742402076721, 1074, 236, 1085, 257
out0103.jpg, car, 0.8225604295730591, 881, 408, 999, 480
out0103.jpg, car, 0.9495047926902771, 818, 350, 917, 407
out0103.jpg, car, 0.7918705940246582, 446, 467, 604, 552
out0103.jpg, car, 0.6638450026512146, 761, 273, 858, 318
out0103.jpg, car, 0.8972168564796448, 594, 138, 622, 170
out0103.jpg, car, 0.9423443675041199, 1089, 359, 1138, 400
out0103.jpg, car, 0.9843698740005493, 940, 246, 985, 268
out0103.jpg, car, 0.9543573260307312, 1030, 286, 1091, 320
out0103.jpg, car, 0.8736289739608765, 614, 133, 639, 158
out0103.jpg, car, 0.8838709592819214, 563, 179, 590, 204
out0103.jpg, car, 0.9602541327476501, 1015, 246, 1055, 270
out0104.jpg, person, 0.9076130390167236, 1073, 236, 1084, 255
out0104.jpg, car, 0.9954040050506592, 655, 447, 806, 524
out0104.jpg, car, 0.9637395739555359, 589, 276, 705, 335
out0104.jpg, car, 0.9672408103942871, 594, 140, 628, 170
out0104.jpg, car, 0.9471256136894226, 989, 258, 1044, 291
out0104.jpg, car, 0.9614054560661316, 1031, 290, 1091, 324
out0104.jpg, car, 0.6148289442062378, 991, 392, 1061, 446
out0104.jpg, car, 0.7475497126579285, 1132, 308, 1161, 338
out0104.jpg, car, 0.9501692056655884, 871, 239, 939, 271
out0104.jpg, car, 0.7977200150489807, 1135, 348, 1172, 379
out0104.jpg, car, 0.4782569706439972, 858, 187, 881, 208
out0104.jpg, fire hydrant, 0.6463810801506042, 273, 258, 298, 286
out0105.jpg, car, 0.93828284740448, 836, 408, 951, 484
out0105.jpg, car, 0.9907324314117432, 893, 274, 960, 306
out0105.jpg, car, 0.9343929290771484, 382, 299, 492, 354
out0105.jpg, car, 0.9661142826080322, 793, 240, 868, 277
out0105.jpg, car, 0.694327712059021, 1024, 294, 1102, 346
out0105.jpg, car, 0.9828299880027771, 986, 245, 1036, 273
out0105.jpg, car, 0.9129653573036194, 1067, 377, 1112, 414
out0105.jpg, car, 0.9637133479118347, 563, 180, 591, 204
out0105.jpg, car, 0.9657397866249084, 598, 155, 628, 180
out0105.jpg, car, 0.9315322637557983, 618, 137, 647, 159
out0105.jpg, car, 0.8851320743560791, 671, 160, 713, 182
out0105.jpg, car, 0.8576754331588745, 1075, 257, 1122, 288
out0105.jpg, car, 0.6312503218650818, 501, 176, 536, 214
out0106.jpg, person, 0.47778964042663574, 860, 189, 881, 211
out0106.jpg, person, 0.9356399178504944, 1072, 235, 1086, 255
out0106.jpg, person, 0.6951314210891724, 771, 192, 787, 212
out0106.jpg, car, 0.9892064332962036, 647, 247, 737, 286
out0106.jpg, car, 0.9709199070930481, 731, 277, 834, 318
out0106.jpg, car, 0.9709540605545044, 206, 326, 291, 376
out0106.jpg, car, 0.7367414832115173, 963, 385, 1045, 449
out0106.jpg, car, 0.9418374300003052, 1105, 360, 1151, 399
out0106.jpg, car, 0.9701067209243774, 942, 245, 993, 269
out0106.jpg, car, 0.7839077711105347, 1125, 312, 1155, 344
out0106.jpg, car, 0.9097437858581543, 675, 161, 713, 183
out0106.jpg, car, 0.689193844795227, 567, 183, 587, 211
out0107.jpg, person, 0.713530957698822, 1072, 237, 1085, 257
out0107.jpg, car, 0.9552909731864929, 483, 296, 590, 344
out0107.jpg, car, 0.711535632610321, 1050, 373, 1100, 414
out0107.jpg, car, 0.9499849081039429, 601, 156, 639, 184
out0107.jpg, car, 0.8801528215408325, 450, 258, 551, 301
out0107.jpg, car, 0.9618785381317139, 1141, 348, 1179, 380
out0107.jpg, car, 0.9587410092353821, 973, 261, 1032, 292
out0107.jpg, car, 0.4074571132659912, 93, 354, 144, 390
out0107.jpg, car, 0.9712409377098083, 630, 144, 663, 170
out0107.jpg, car, 0.9264054894447327, 564, 180, 591, 203
out0107.jpg, traffic light, 0.7937741875648499, 861, 192, 879, 215
out0108.jpg, person, 0.7333865761756897, 735, 191, 756, 215
out0108.jpg, car, 0.9621325731277466, 741, 245, 829, 281
out0108.jpg, car, 0.8348194360733032, 856, 265, 928, 312
out0108.jpg, car, 0.9283602833747864, 600, 155, 638, 184
out0108.jpg, car, 0.8538810610771179, 257, 323, 338, 372
out0108.jpg, car, 0.9483286738395691, 250, 302, 334, 345
out0108.jpg, car, 0.9224653244018555, 565, 179, 589, 205
out0108.jpg, car, 0.5912274122238159, 1099, 356, 1147, 401
out0108.jpg, motorbike, 0.6838934421539307, 21, 373, 51, 409
out0108.jpg, traffic light, 0.647984504699707, 863, 191, 883, 213
out0108.jpg, traffic light, 0.9412639141082764, 1072, 235, 1086, 256
out0109.jpg, person, 0.7324932813644409, 1072, 238, 1084, 258
out0109.jpg, person, 0.5103085041046143, 864, 190, 884, 213
out0109.jpg, car, 0.9561927318572998, 571, 253, 655, 293
out0109.jpg, car, 0.8975215554237366, 644, 279, 744, 332
out0109.jpg, car, 0.937524139881134, 599, 156, 638, 186
out0109.jpg, car, 0.9846766591072083, 974, 268, 1026, 295
out0109.jpg, car, 0.973506510257721, 564, 178, 591, 204
out0109.jpg, car, 0.9606654047966003, 113, 355, 164, 391
out0109.jpg, car, 0.9419162273406982, 112, 327, 171, 381
out0109.jpg, car, 0.9232087731361389, 1034, 290, 1094, 322
out0109.jpg, car, 0.808838963508606, 638, 154, 668, 177
out0110.jpg, car, 0.915645182132721, 845, 268, 921, 310
out0110.jpg, car, 0.9772676229476929, 358, 316, 455, 363
out0110.jpg, car, 0.9797431826591492, 600, 155, 637, 185
out0110.jpg, car, 0.9718671441078186, 564, 177, 590, 204
out0110.jpg, car, 0.9320564866065979, 635, 151, 670, 178
out0110.jpg, car, 0.8471565246582031, 367, 275, 452, 325
out0110.jpg, motorbike, 0.8980919122695923, 26, 373, 61, 408
out0110.jpg, truck, 0.761969268321991, 1026, 286, 1111, 327
out0110.jpg, traffic light, 0.6631349325180054, 867, 192, 885, 212
out0110.jpg, traffic light, 0.7308873534202576, 1072, 235, 1087, 256
out0111.jpg, person, 0.9455109238624573, 1073, 241, 1085, 258
out0111.jpg, car, 0.9890039563179016, 622, 279, 717, 326
out0111.jpg, car, 0.9587287306785583, 998, 262, 1047, 290
out0111.jpg, car, 0.9405816197395325, 163, 327, 247, 381
out0111.jpg, car, 0.9891281723976135, 204, 309, 275, 339
out0111.jpg, car, 0.9271995425224304, 601, 157, 638, 184
out0111.jpg, car, 0.94967120885849, 565, 180, 590, 205
out0111.jpg, car, 0.9193248152732849, 1033, 289, 1093, 324
out0111.jpg, traffic light, 0.4533684253692627, 865, 190, 884, 211
out0111.jpg, traffic light, 0.6575273871421814, 321, 204, 341, 228
out0112.jpg, car, 0.9820886254310608, 350, 319, 432, 359
out0112.jpg, car, 0.893954873085022, 885, 266, 956, 297
out0112.jpg, car, 0.9519912600517273, 599, 154, 638, 185
out0112.jpg, car, 0.9479765892028809, 565, 179, 588, 205
out0112.jpg, car, 0.7856423258781433, 640, 154, 670, 178
out0112.jpg, car, 0.5840200185775757, 95, 330, 142, 361
out0112.jpg, car, 0.7002143859863281, 1025, 289, 1118, 327
out0112.jpg, motorbike, 0.7242154479026794, 58, 356, 100, 395
out0112.jpg, traffic light, 0.8157510757446289, 867, 193, 885, 215
out0112.jpg, traffic light, 0.9164366126060486, 1072, 236, 1084, 259
out0113.jpg, car, 0.5686178803443909, 698, 268, 798, 318
out0113.jpg, car, 0.990952730178833, 153, 351, 223, 388
out0113.jpg, car, 0.9282148480415344, 600, 158, 637, 185
out0113.jpg, car, 0.9640641212463379, 565, 179, 592, 205
out0113.jpg, car, 0.9484473466873169, 24, 339, 65, 374
out0113.jpg, car, 0.6951422691345215, 639, 155, 669, 177
out0113.jpg, traffic light, 0.5910284519195557, 749, 196, 760, 218
out0113.jpg, traffic light, 0.8448917865753174, 1072, 237, 1085, 260
out0113.jpg, traffic light, 0.4131852388381958, 865, 190, 887, 213
out0114.jpg, person, 0.8815377950668335, 1073, 234, 1085, 260
out0114.jpg, person, 0.6745104193687439, 867, 190, 885, 214
out0114.jpg, person, 0.7471916079521179, 62, 363, 93, 396
out0114.jpg, person, 0.9140877723693848, 764, 192, 774, 218
out0114.jpg, car, 0.9576267004013062, 436, 294, 541, 343
out0114.jpg, car, 0.8856391906738281, 602, 158, 636, 186
out0114.jpg, car, 0.9383765459060669, 564, 179, 589, 204
out0114.jpg, car, 0.7155187726020813, 49, 375, 90, 402
out0114.jpg, car, 0.7568819522857666, 1026, 288, 1115, 328
out0115.jpg, person, 0.8382642269134521, 1073, 237, 1086, 260
out0115.jpg, car, 0.940136730670929, 222, 327, 297, 371
out0115.jpg, car, 0.9011591076850891, 601, 158, 637, 185
out0115.jpg, car, 0.9567509889602661, 565, 179, 593, 205
out0115.jpg, car, 0.8170746564865112, 1026, 289, 1115, 327
out0115.jpg, car, 0.5667806267738342, 85, 491, 175, 556
out0116.jpg, person, 0.40981370210647583, 569, 186, 588, 220
out0116.jpg, car, 0.8435540199279785, 1051, 233, 1091, 256
out0116.jpg, car, 0.9071232676506042, 599, 154, 638, 184
out0116.jpg, car, 0.5719729661941528, 237, 490, 372, 565
out0116.jpg, car, 0.6955219507217407, 91, 347, 147, 396
out0116.jpg, car, 0.8431156873703003, 638, 153, 668, 177
out0116.jpg, car, 0.7938951849937439, 1025, 289, 1116, 327
out0116.jpg, traffic light, 0.5209348797798157, 869, 191, 888, 214
out0117.jpg, person, 0.8943880796432495, 1073, 237, 1086, 260
out0117.jpg, person, 0.5929949283599854, 869, 191, 889, 213
out0117.jpg, person, 0.5271748304367065, 452, 212, 464, 237
out0117.jpg, person, 0.8944039940834045, 1085, 239, 1101, 263
out0117.jpg, car, 0.9715774059295654, 526, 466, 681, 539
out0117.jpg, car, 0.9911909699440002, 991, 230, 1036, 253
out0117.jpg, car, 0.9564329981803894, 600, 156, 637, 184
out0117.jpg, car, 0.9695146083831787, 564, 180, 590, 204
out0117.jpg, car, 0.8793712258338928, 1026, 290, 1114, 326
out0117.jpg, car, 0.8886826634407043, 871, 164, 918, 189
out0117.jpg, car, 0.8547908663749695, 637, 153, 669, 178
out0118.jpg, person, 0.7291966676712036, 1073, 237, 1086, 259
out0118.jpg, person, 0.5191158056259155, 868, 188, 888, 210
out0118.jpg, car, 0.9717532992362976, 833, 411, 948, 483
out0118.jpg, car, 0.9891056418418884, 944, 220, 988, 248
out0118.jpg, car, 0.9573124051094055, 601, 157, 638, 184
out0118.jpg, car, 0.9672431945800781, 566, 180, 591, 202
out0118.jpg, car, 0.8898342251777649, 636, 154, 668, 179
out0118.jpg, car, 0.9563273787498474, 601, 69, 623, 84
out0119.jpg, person, 0.5714412331581116, 865, 189, 890, 212
out0119.jpg, car, 0.9930069446563721, 900, 221, 950, 244
out0119.jpg, car, 0.9338129758834839, 601, 156, 638, 184
out0119.jpg, car, 0.9752156734466553, 565, 179, 590, 204
out0119.jpg, car, 0.9276342988014221, 551, 96, 568, 112
out0119.jpg, car, 0.939540684223175, 1009, 378, 1067, 428
out0119.jpg, car, 0.8724858164787292, 638, 154, 665, 177
out0119.jpg, car, 0.9009133577346802, 618, 85, 637, 102
out0119.jpg, traffic light, 0.8438160419464111, 1072, 235, 1085, 259
out0120.jpg, person, 0.8420644402503967, 815, 188, 827, 206
out0120.jpg, person, 0.6122440695762634, 494, 209, 509, 233
out0120.jpg, person, 0.6163067817687988, 863, 192, 884, 217
out0120.jpg, car, 0.945321798324585, 601, 159, 637, 185
out0120.jpg, car, 0.9223764538764954, 549, 98, 574, 118
out0120.jpg, car, 0.974131166934967, 564, 179, 590, 205
out0120.jpg, car, 0.9516482353210449, 880, 218, 930, 241
out0120.jpg, car, 0.9647243022918701, 619, 92, 644, 110
out0120.jpg, car, 0.8317562937736511, 1097, 354, 1147, 399
out0120.jpg, car, 0.899304211139679, 638, 157, 666, 178
out0120.jpg, car, 0.7121250629425049, 1025, 290, 1116, 326
out0120.jpg, traffic light, 0.7648766040802002, 1072, 237, 1085, 259
out0120.jpg, traffic light, 0.8830767869949341, 416, 213, 429, 235
out0121.jpg, person, 0.6617254018783569, 820, 186, 831, 206
out0121.jpg, person, 0.729884147644043, 870, 191, 890, 213
out0121.jpg, car, 0.9296656847000122, 853, 215, 907, 242
out0121.jpg, car, 0.9391847252845764, 600, 159, 638, 185
out0121.jpg, car, 0.9695083498954773, 565, 179, 590, 205
out0121.jpg, car, 0.9814866185188293, 635, 106, 660, 127
out0121.jpg, car, 0.8740742802619934, 639, 158, 665, 179
out0121.jpg, car, 0.7990134954452515, 552, 105, 574, 126
out0121.jpg, truck, 0.665840208530426, 1026, 289, 1116, 327
out0121.jpg, traffic light, 0.7856082916259766, 1072, 237, 1085, 259
out0122.jpg, car, 0.9709981083869934, 601, 159, 637, 185
out0122.jpg, car, 0.9842237830162048, 565, 179, 591, 204
out0122.jpg, car, 0.925687313079834, 550, 111, 577, 131
out0122.jpg, car, 0.9927330017089844, 639, 111, 671, 133
out0122.jpg, car, 0.9459219574928284, 818, 211, 886, 238
out0122.jpg, car, 0.9667046070098877, 639, 157, 667, 179
out0122.jpg, traffic light, 0.8427538275718689, 1072, 238, 1085, 260
out0123.jpg, person, 0.83913654088974, 1072, 236, 1085, 260
out0123.jpg, person, 0.9150464534759521, 888, 194, 903, 219
out0123.jpg, person, 0.5134235620498657, 807, 188, 833, 212
out0123.jpg, person, 0.8688520789146423, 298, 229, 315, 259
out0123.jpg, person, 0.8254080414772034, 449, 213, 464, 237
out0123.jpg, car, 0.9505822658538818, 601, 158, 637, 185
out0123.jpg, car, 0.9771963357925415, 565, 179, 590, 205
out0123.jpg, car, 0.9490496516227722, 551, 117, 576, 139
out0123.jpg, car, 0.9717952013015747, 644, 117, 674, 141
out0123.jpg, car, 0.946484386920929, 638, 157, 667, 179
out0123.jpg, car, 0.7930310368537903, 783, 187, 826, 212
out0123.jpg, car, 0.9689902663230896, 676, 160, 711, 180
out0124.jpg, person, 0.842251718044281, 872, 194, 887, 218
out0124.jpg, person, 0.7639332413673401, 1073, 236, 1084, 260
out0124.jpg, person, 0.6009935736656189, 447, 215, 460, 240
out0124.jpg, car, 0.9402645826339722, 600, 155, 638, 184
out0124.jpg, car, 0.9906033873558044, 564, 179, 592, 206
out0124.jpg, car, 0.976450502872467, 762, 165, 802, 189
out0124.jpg, car, 0.968151867389679, 549, 123, 577, 145
out0124.jpg, car, 0.9720104932785034, 647, 119, 674, 141
out0124.jpg, car, 0.9508393406867981, 639, 156, 666, 178
out0124.jpg, car, 0.7316347360610962, 1025, 288, 1119, 327
out0125.jpg, person, 0.8871660232543945, 1072, 236, 1085, 261
out0125.jpg, person, 0.838683009147644, 440, 213, 455, 238
out0125.jpg, person, 0.8421948552131653, 421, 212, 437, 240
out0125.jpg, car, 0.9871075749397278, 563, 180, 591, 205
out0125.jpg, car, 0.9170545339584351, 601, 158, 637, 185
out0125.jpg, car, 0.9589810371398926, 555, 132, 582, 153
out0125.jpg, car, 0.962406575679779, 731, 138, 763, 160
out0125.jpg, car, 0.9049045443534851, 637, 156, 668, 180
out0125.jpg, car, 0.9666540026664734, 677, 159, 715, 181
out0125.jpg, car, 0.966699481010437, 650, 122, 673, 141
out0125.jpg, traffic light, 0.7599858045578003, 873, 194, 887, 217
out0126.jpg, person, 0.688077986240387, 872, 195, 885, 218
out0126.jpg, person, 0.9168068170547485, 1072, 237, 1085, 259
out0126.jpg, person, 0.8305166959762573, 439, 211, 454, 236
out0126.jpg, person, 0.9118283987045288, 924, 191, 934, 216
out0126.jpg, car, 0.9815717339515686, 565, 180, 591, 206
out0126.jpg, car, 0.9484522938728333, 600, 156, 637, 184
out0126.jpg, car, 0.985360324382782, 555, 135, 583, 158
out0126.jpg, car, 0.9633190035820007, 637, 156, 667, 179
out0126.jpg, car, 0.799889326095581, 1024, 290, 1120, 326
out0126.jpg, car, 0.9649987816810608, 677, 158, 712, 180
out0126.jpg, car, 0.9076871871948242, 655, 137, 689, 163
out0127.jpg, person, 0.9518705606460571, 934, 186, 945, 217
out0127.jpg, person, 0.7280172109603882, 1072, 237, 1084, 260
out0127.jpg, person, 0.8341115117073059, 419, 213, 439, 240
out0127.jpg, car, 0.9834232330322266, 564, 181, 592, 205
out0127.jpg, car, 0.9701261520385742, 601, 157, 637, 184
out0127.jpg, car, 0.9846948981285095, 555, 140, 583, 163
out0127.jpg, car, 0.8433367013931274, 1024, 289, 1121, 327
out0127.jpg, car, 0.9675248861312866, 638, 156, 668, 178
out0127.jpg, traffic light, 0.6199887990951538, 439, 213, 454, 238
out0128.jpg, person, 0.8605547547340393, 1072, 237, 1084, 260
out0128.jpg, person, 0.7319782376289368, 439, 214, 454, 238
out0128.jpg, person, 0.8180542588233948, 937, 191, 948, 218
out0128.jpg, person, 0.8294849395751953, 420, 214, 440, 240
out0128.jpg, person, 0.7253046631813049, 874, 195, 888, 218
out0128.jpg, car, 0.9856351613998413, 564, 180, 591, 204
out0128.jpg, car, 0.9565370678901672, 600, 156, 637, 184
out0128.jpg, car, 0.7360802292823792, 1026, 288, 1119, 327
out0128.jpg, car, 0.9123196601867676, 653, 134, 689, 163
out0128.jpg, car, 0.9866711497306824, 554, 142, 583, 167
out0128.jpg, car, 0.9587900042533875, 637, 156, 668, 179
