367073,0.3250432014465332
234187,0.28612709045410156
314962,0.33680009841918945
327966,0.33379673957824707
306335,0.33040618896484375
238712,0.3159980773925781
309154,0.33338069915771484
246984,0.2964818477630615
337174,0.294935941696167
304358,0.2665741443634033
443612,0.2668025493621826
417818,0.2852447032928467
379498,0.276897668838501
209141,0.27822208404541016
225669,0.25803160667419434
289961,0.25866150856018066
289554,0.2558164596557617
220347,0.2564096450805664
222094,0.2532203197479248
236076,0.25559449195861816
245784,0.27614569664001465
241038,0.27698802947998047
234760,0.25298452377319336
234287,0.2551243305206299
417935,0.2879307270050049
351683,0.2945902347564697
252274,0.28197765350341797
239164,0.27710986137390137
425464,0.2932322025299072
242117,0.22614479064941406
239331,0.28096604347229004
347871,0.2850487232208252
309514,0.28461337089538574
302218,0.27634239196777344
289593,0.2775595188140869
354508,0.28127145767211914
263233,0.24443912506103516
471949,0.28811192512512207
381316,0.2788553237915039
277601,0.2947578430175781
224941,0.2791402339935303
231661,0.27313733100891113
283400,0.2778890132904053
295482,0.27297043800354004
411203,0.27831196784973145
346599,0.25812196731567383
384822,0.29587674140930176
246519,0.282085657119751
245989,0.2899012565612793
320087,0.28061699867248535
419396,0.2810521125793457
274301,0.2963385581970215
270060,0.2795577049255371
578185,0.3027992248535156
406265,0.3118460178375244
227272,0.2571425437927246
321222,0.25766444206237793
381096,0.2824363708496094
341695,0.2962608337402344
339329,0.28806591033935547
330101,0.27919745445251465
435264,0.280590295791626
428195,0.2852051258087158
236366,0.2797114849090576
337666,0.2634258270263672
495042,0.28722429275512695
463981,0.2832672595977783
441287,0.28977322578430176
243342,0.2882416248321533
372402,0.2749009132385254
322587,0.29370784759521484
258933,0.2953217029571533
344450,0.2830796241760254
316357,0.2383286952972412
341439,0.28989195823669434
