134351,0.16761374473571777
90092,0.14492249488830566
106892,0.16324782371520996
126199,0.14297866821289062
109719,0.1416020393371582
88544,0.15997600555419922
112281,0.15169715881347656
91898,0.16325950622558594
127978,0.1544802188873291
105897,0.13861536979675293
178607,0.14131593704223633
151727,0.14034605026245117
143776,0.1384751796722412
85475,0.13854146003723145
88362,0.13568735122680664
108307,0.13910913467407227
108914,0.13707208633422852
86724,0.14203357696533203
86842,0.1358659267425537
90376,0.13372159004211426
89998,0.1380782127380371
88894,0.13993000984191895
90063,0.13522911071777344
89721,0.13596725463867188
141710,0.14061856269836426
119891,0.13728785514831543
91096,0.15048527717590332
90368,0.13904547691345215
120697,0.14506816864013672
88859,0.1401205062866211
92940,0.1368544101715088
116345,0.13905954360961914
108291,0.14798498153686523
105671,0.13774967193603516
99895,0.14823102951049805
106020,0.14525198936462402
100610,0.15178275108337402
151526,0.13956546783447266
110955,0.13878178596496582
125789,0.13736915588378906
86502,0.14104437828063965
86916,0.13673901557922363
100924,0.14773774147033691
106883,0.1402122974395752
135708,0.1387498378753662
117738,0.13676166534423828
133295,0.13829898834228516
90734,0.14749455451965332
92396,0.13984990119934082
105881,0.14801859855651855
145968,0.13823628425598145
100962,0.14374446868896484
103349,0.1376354694366455
158065,0.1382584571838379
143144,0.13658547401428223
86838,0.13716864585876465
113238,0.1374514102935791
129722,0.13854718208312988
118163,0.13744401931762695
108379,0.14078259468078613
115344,0.13909530639648438
146731,0.13866710662841797
160276,0.14000201225280762
89019,0.1383056640625
129458,0.14304757118225098
152282,0.1449587345123291
171193,0.1399521827697754
147260,0.13773345947265625
90460,0.13382554054260254
144747,0.1409924030303955
113327,0.1264815330505371
90367,0.1407759189605713
115518,0.1400313377380371
125675,0.1389472484588623
124514,0.13735485076904297
