577740,0.6742727756500244
401047,0.5590565204620361
477600,0.6325621604919434
525129,0.6049432754516602
474641,0.6794464588165283
405907,0.6045818328857422
503295,0.6126327514648438
417850,0.6108567714691162
547942,0.6330289840698242
516389,0.5565347671508789
639610,0.561901330947876
621180,0.5533056259155273
546769,0.5589935779571533
361666,0.5349788665771484
381509,0.5564537048339844
476304,0.5588457584381104
486663,0.5296599864959717
373087,0.5428409576416016
364178,0.5637438297271729
394059,0.5397374629974365
407387,0.5368447303771973
407181,0.5385215282440186
399243,0.5788908004760742
401822,0.5343484878540039
552422,0.5441648960113525
560478,0.5576329231262207
432092,0.5467205047607422
404465,0.5405619144439697
627858,0.591463565826416
412561,0.5429954528808594
422654,0.5626304149627686
524375,0.5633072853088379
465048,0.5517599582672119
420857,0.5394554138183594
479057,0.5653398036956787
567237,0.564979076385498
462248,0.574345588684082
752312,0.5561263561248779
610252,0.5604214668273926
442324,0.5654923915863037
374684,0.5395092964172363
386395,0.5314414501190186
463038,0.5406286716461182
463553,0.5412578582763672
651662,0.5734665393829346
595338,0.5604362487792969
585072,0.5581920146942139
407570,0.536304235458374
414287,0.673206090927124
541203,0.5616490840911865
655242,0.5647408962249756
451537,0.5433559417724609
447004,0.5394344329833984
820670,0.5731844902038574
622171,0.5357961654663086
385435,0.5342953205108643
486945,0.5562317371368408
585994,0.5412561893463135
542785,0.5446274280548096
533114,0.54543137550354
535677,0.5634269714355469
666537,0.503697395324707
582955,0.5588352680206299
394055,0.5393807888031006
611978,0.5607450008392334
683771,0.5768389701843262
687927,0.5659661293029785
647367,0.545912504196167
405562,0.5122935771942139
590671,0.5412797927856445
502921,0.540597677230835
424196,0.553032398223877
550954,0.560861349105835
542106,0.5715498924255371
536484,0.5583047866821289
