145250,0.14550185203552246
99290,0.1493220329284668
120506,0.15358471870422363
133600,0.14917373657226562
116608,0.14760684967041016
97423,0.14504289627075195
115642,0.1424727439880371
101469,0.14438724517822266
140430,0.15414643287658691
109693,0.13522028923034668
185091,0.14003348350524902
159867,0.1419377326965332
149866,0.13969922065734863
92927,0.14572668075561523
96161,0.14071035385131836
114462,0.13907957077026367
121456,0.1378648281097412
94697,0.13838934898376465
94464,0.13673734664916992
98185,0.13159799575805664
98003,0.13600587844848633
97261,0.17135000228881836
98473,0.14020776748657227
97454,0.1374983787536621
158776,0.13974475860595703
132132,0.1466825008392334
98872,0.13528180122375488
97580,0.15069341659545898
130341,0.1375582218170166
96276,0.15600013732910156
101185,0.13919925689697266
128296,0.1401205062866211
119775,0.14797377586364746
116547,0.12581849098205566
108288,0.1313028335571289
116033,0.13716983795166016
108620,0.13978099822998047
162008,0.1457195281982422
118341,0.13991641998291016
128925,0.1375586986541748
93636,0.13724827766418457
94649,0.1267845630645752
109853,0.14081072807312012
115438,0.13893389701843262
150238,0.1398453712463379
129108,0.16367101669311523
143510,0.14201998710632324
97417,0.13892579078674316
99452,0.13811039924621582
117598,0.13764142990112305
156047,0.1511678695678711
106648,0.1404552459716797
112324,0.13991022109985352
173348,0.14600849151611328
155933,0.13830065727233887
93695,0.1376955509185791
125771,0.14443564414978027
141941,0.14072370529174805
129248,0.13504409790039062
117366,0.13730788230895996
118247,0.14420557022094727
163498,0.1538534164428711
174283,0.1458132266998291
96369,0.13702702522277832
140315,0.14145374298095703
170899,0.1400740146636963
189483,0.14043569564819336
158229,0.1456289291381836
97955,0.1392197608947754
157926,0.14156341552734375
114252,0.14094805717468262
97266,0.1373157501220703
128575,0.1476137638092041
134359,0.14159250259399414
136237,0.13911747932434082
