194202,0.15572094917297363
118513,0.15494799613952637
154956,0.16852760314941406
172205,0.14616942405700684
146793,0.1549663543701172
116178,0.1689770221710205
147516,0.16404485702514648
115264,0.16249799728393555
179593,0.1416006088256836
137408,0.13931560516357422
261195,0.1407625675201416
231667,0.14072966575622559
210572,0.14194893836975098
108158,0.14597725868225098
114947,0.13781118392944336
139042,0.13642191886901855
156409,0.14692902565002441
110194,0.14469075202941895
111023,0.1376786231994629
119314,0.14037847518920898
120777,0.13989567756652832
119502,0.13788580894470215
118378,0.14372992515563965
117931,0.13052868843078613
211747,0.14074444770812988
166218,0.1387805938720703
116525,0.1688861846923828
121036,0.14008641242980957
193584,0.1412045955657959
119455,0.13684415817260742
119151,0.10866117477416992
181182,0.13503289222717285
164021,0.13958454132080078
138909,0.1393139362335205
129331,0.13298940658569336
158342,0.14414286613464355
137340,0.13818144798278809
232250,0.15057921409606934
170993,0.13862109184265137
167299,0.13861727714538574
113168,0.14118576049804688
115725,0.1428511142730713
133137,0.13770532608032227
142621,0.14526009559631348
205370,0.14595317840576172
174216,0.1449267864227295
192128,0.12372517585754395
122232,0.14290285110473633
115704,0.13832688331604004
153713,0.13830184936523438
242161,0.14894604682922363
128525,0.13970565795898438
132210,0.14137840270996094
256914,0.13874268531799316
208421,0.13912200927734375
114153,0.1364448070526123
157028,0.1475977897644043
183656,0.14775896072387695
173594,0.1407451629638672
160027,0.14690852165222168
151910,0.13820457458496094
232765,0.14653944969177246
225137,0.13936305046081543
117434,0.14107179641723633
196251,0.14606785774230957
250456,0.14110064506530762
262964,0.15538454055786133
238701,0.14340782165527344
120578,0.13890790939331055
203169,0.13860201835632324
150214,0.14531183242797852
116360,0.13843774795532227
170869,0.14041852951049805
188506,0.14020609855651855
177477,0.14030885696411133
