107486,0.14822149276733398
80121,0.15043067932128906
93096,0.16539859771728516
102243,0.14456653594970703
92981,0.14811134338378906
78233,0.15256285667419434
92549,0.17332744598388672
79729,0.14725065231323242
102428,0.13503742218017578
91624,0.15233945846557617
142053,0.1423335075378418
117586,0.13359308242797852
113703,0.14393997192382812
75672,0.13391780853271484
77618,0.1403951644897461
94686,0.11730408668518066
92653,0.1315021514892578
76479,0.13570904731750488
76313,0.13833141326904297
77957,0.1381378173828125
78160,0.1372833251953125
77433,0.13451337814331055
77854,0.14415431022644043
78338,0.13510465621948242
111967,0.11144185066223145
102952,0.1438279151916504
78491,0.1360456943511963
78231,0.13839101791381836
102191,0.1424710750579834
77171,0.13656973838806152
80303,0.13491559028625488
100549,0.13861727714538574
93030,0.1370546817779541
88580,0.13832831382751465
84278,0.13612604141235352
92709,0.1529994010925293
83782,0.1375865936279297
112609,0.13778209686279297
96986,0.13910365104675293
102695,0.13560009002685547
75580,0.13132119178771973
76090,0.1370558738708496
84372,0.14528250694274902
87507,0.1500704288482666
109546,0.13573122024536133
104404,0.13725852966308594
105352,0.13859272003173828
78112,0.13785028457641602
79905,0.13439583778381348
97337,0.14052176475524902
113462,0.14456415176391602
85651,0.13973307609558105
87330,0.13843011856079102
122963,0.15283417701721191
114681,0.13848233222961426
75365,0.13789677619934082
103839,0.13731932640075684
112149,0.13905739784240723
100995,0.13862061500549316
93126,0.13686299324035645
95218,0.13755059242248535
113079,0.13784098625183105
127717,0.1395409107208252
77527,0.13882184028625488
103542,0.13839244842529297
117602,0.13432717323303223
132313,0.14501667022705078
114417,0.1449906826019287
78389,0.1474776268005371
117076,0.13796019554138184
94929,0.14177393913269043
77056,0.13650894165039062
108946,0.13793063163757324
106976,0.13950824737548828
100043,0.13715314865112305
