209679,0.170212984085083
120173,0.15025115013122559
173473,0.1550755500793457
187321,0.16926980018615723
161224,0.15077447891235352
120016,0.15935325622558594
163685,0.14887166023254395
125650,0.15471172332763672
187700,0.15638494491577148
160024,0.14756274223327637
274426,0.15253090858459473
251298,0.14612555503845215
234296,0.14428210258483887
116015,0.13938188552856445
122528,0.13970494270324707
149690,0.13929176330566406
167427,0.14200735092163086
118074,0.1378779411315918
118651,0.14189553260803223
117773,0.14621376991271973
118938,0.14043593406677246
117535,0.13861370086669922
117109,0.13247013092041016
115871,0.14308452606201172
229932,0.14701437950134277
180730,0.15819168090820312
122760,0.13914775848388672
116717,0.13946223258972168
211549,0.13955354690551758
117507,0.13678193092346191
123828,0.14301657676696777
191627,0.14668655395507812
167968,0.1460587978363037
150723,0.14092493057250977
138369,0.13713502883911133
169864,0.14360928535461426
150980,0.15553069114685059
283936,0.14531540870666504
180562,0.15042638778686523
177177,0.1401042938232422
117442,0.1416769027709961
120000,0.14233827590942383
137027,0.13878536224365234
146987,0.14155936241149902
219822,0.1438767910003662
184961,0.13959813117980957
204307,0.14095044136047363
126072,0.13946771621704102
119023,0.14261555671691895
166265,0.1508626937866211
252710,0.14899134635925293
135434,0.15346503257751465
136496,0.1396028995513916
317638,0.14817428588867188
225699,0.14513874053955078
117497,0.13712215423583984
165581,0.14451384544372559
202208,0.13741779327392578
183513,0.14218974113464355
166938,0.14098119735717773
166199,0.14223766326904297
248575,0.17613506317138672
248956,0.14111852645874023
121806,0.15300917625427246
202668,0.1461167335510254
266304,0.14100146293640137
269389,0.15359258651733398
246243,0.14367961883544922
117744,0.15294575691223145
215848,0.14098072052001953
157549,0.13778924942016602
123801,0.14293408393859863
179526,0.14524030685424805
197931,0.14143943786621094
186500,0.14356327056884766
