62384,0.10375642776489258
49870,0.10773777961730957
53327,0.10022521018981934
63167,0.10083222389221191
52916,0.09849286079406738
48648,0.08098530769348145
53424,0.0991663932800293
48954,0.09263277053833008
63890,0.1124258041381836
50414,0.0866384506225586
79539,0.08902907371520996
63921,0.09641385078430176
63282,0.09673929214477539
48247,0.08859992027282715
48957,0.0963742733001709
55603,0.09013962745666504
53059,0.0950307846069336
48689,0.09247851371765137
48166,0.08311963081359863
48910,0.09773945808410645
48972,0.08009552955627441
48663,0.09671568870544434
49261,0.09761357307434082
49387,0.09567975997924805
64188,0.08186721801757812
58405,0.09845900535583496
48970,0.08866667747497559
48872,0.09348797798156738
57045,0.08071589469909668
48595,0.07962632179260254
49397,0.09520554542541504
55277,0.09500885009765625
53008,0.08866524696350098
52650,0.08287167549133301
50479,0.09712839126586914
53654,0.09126710891723633
49338,0.0828711986541748
61417,0.08997797966003418
53290,0.09472084045410156
59585,0.10102391242980957
47929,0.09624934196472168
48083,0.0987703800201416
50653,0.08918499946594238
51988,0.08491969108581543
62127,0.09564089775085449
57363,0.09853219985961914
61162,0.0946040153503418
49002,0.10544109344482422
49686,0.10035967826843262
55130,0.09426164627075195
63584,0.08074617385864258
52286,0.0913686752319336
52857,0.09632039070129395
74854,0.09807467460632324
67589,0.10186457633972168
48207,0.09451031684875488
58193,0.09548807144165039
62753,0.10185694694519043
56276,0.09413385391235352
53611,0.08448457717895508
54913,0.0975196361541748
65285,0.10017561912536621
72705,0.0899190902709961
49364,0.08043909072875977
62025,0.09608578681945801
63845,0.09590697288513184
77926,0.09613537788391113
70618,0.09418320655822754
49510,0.08521556854248047
69959,0.09334731101989746
54888,0.09825873374938965
48126,0.08027791976928711
62372,0.09626007080078125
58696,0.08371734619140625
63965,0.08588290214538574
