98343,0.14178085327148438
75567,0.15978193283081055
85710,0.1815471649169922
99870,0.15890288352966309
84892,0.1527690887451172
74006,0.1639254093170166
85331,0.15963363647460938
75320,0.15625500679016113
105583,0.14430785179138184
83152,0.1393747329711914
128164,0.13930749893188477
103278,0.13869619369506836
105389,0.13721966743469238
72752,0.13182663917541504
73548,0.13343191146850586
88875,0.13603878021240234
86115,0.1392805576324463
73547,0.1375734806060791
73233,0.13481497764587402
74640,0.13555407524108887
74605,0.13797903060913086
74097,0.14545822143554688
75396,0.14212560653686523
75545,0.1381063461303711
102395,0.1443028450012207
94463,0.146697998046875
75209,0.14232373237609863
74720,0.1267683506011963
94289,0.13739442825317383
73922,0.16179704666137695
76751,0.13068652153015137
90889,0.14544081687927246
85406,0.16993284225463867
83113,0.1414802074432373
79561,0.14986014366149902
85914,0.13645052909851074
76831,0.12195873260498047
105056,0.13683533668518066
87510,0.13667702674865723
97175,0.13538098335266113
73134,0.13959002494812012
73574,0.15105271339416504
79715,0.13515377044677734
81978,0.13122224807739258
105096,0.13585448265075684
94985,0.13442444801330566
101273,0.13864970207214355
75160,0.14050722122192383
76630,0.13507390022277832
89539,0.1434621810913086
109349,0.13626360893249512
82027,0.1354837417602539
83188,0.13953113555908203
110602,0.13780498504638672
108027,0.14154720306396484
73708,0.13791441917419434
94647,0.14312958717346191
105741,0.1343555450439453
91911,0.12863922119140625
87870,0.13800382614135742
88591,0.1355910301208496
104738,0.1433706283569336
116294,0.14179301261901855
75856,0.1375291347503662
102435,0.1399974822998047
104930,0.141221284866333
120642,0.13901114463806152
107350,0.14119553565979004
76326,0.14006757736206055
110387,0.13753628730773926
88761,0.13655567169189453
74608,0.13776254653930664
100940,0.13563323020935059
96040,0.11041617393493652
103588,0.15537548065185547
