110960,0.16684865951538086
81334,0.15255308151245117
96744,0.16360068321228027
107936,0.15831279754638672
95119,0.1432194709777832
79821,0.1671619415283203
95246,0.1452786922454834
81715,0.16155099868774414
108611,0.1452474594116211
92274,0.13762426376342773
148253,0.13983893394470215
122225,0.13989758491516113
118483,0.13974404335021973
77831,0.12812590599060059
79300,0.151458740234375
96856,0.1380012035369873
95976,0.15172362327575684
78508,0.14241838455200195
78206,0.13335442543029785
79948,0.1288459300994873
80236,0.13874268531799316
79328,0.13690829277038574
80521,0.1368851661682129
80497,0.1357266902923584
114332,0.1515979766845703
105759,0.1386396884918213
80683,0.1451413631439209
80301,0.13579559326171875
106422,0.14035272598266602
79289,0.13561201095581055
82532,0.1366260051727295
105028,0.13783621788024902
97595,0.13753032684326172
91147,0.13661718368530273
85502,0.1373438835144043
94949,0.13947606086730957
84270,0.13585543632507324
118654,0.1362781524658203
99258,0.14029693603515625
110006,0.13786673545837402
77953,0.13669419288635254
78221,0.1373598575592041
87353,0.14365863800048828
89854,0.13505291938781738
111729,0.15480995178222656
107518,0.1369481086730957
109958,0.13996458053588867
81048,0.1074678897857666
82836,0.14356398582458496
98860,0.13980841636657715
121918,0.13791489601135254
91544,0.13890767097473145
89894,0.13727879524230957
130121,0.14132928848266602
118879,0.1436169147491455
78469,0.13789129257202148
106254,0.17645049095153809
110566,0.14874911308288574
100633,0.13861370086669922
96694,0.1382298469543457
98599,0.13782954216003418
119544,0.13756275177001953
132323,0.13716721534729004
80922,0.1346595287322998
107936,0.13714909553527832
120829,0.16071844100952148
140133,0.14130783081054688
123149,0.13928699493408203
81234,0.13741707801818848
124016,0.1399233341217041
97324,0.13535737991333008
80056,0.13701295852661133
101509,0.13762235641479492
112054,0.13737845420837402
104061,0.1390988826751709
