121372,0.15738534927368164
86340,0.16949152946472168
104831,0.15953803062438965
113926,0.14576983451843262
101871,0.16185688972473145
84515,0.1693744659423828
102078,0.15693354606628418
87047,0.1449730396270752
116088,0.14901137351989746
100712,0.13523125648498535
160198,0.14236211776733398
132456,0.1401805877685547
127917,0.13901424407958984
81179,0.13495206832885742
83276,0.14022421836853027
102872,0.13652944564819336
104501,0.13591670989990234
81762,0.1349804401397705
81370,0.13701295852661133
83663,0.13678836822509766
84041,0.13523077964782715
82855,0.13910579681396484
83756,0.13717246055603027
83305,0.1370868682861328
124217,0.1531965732574463
106849,0.13810205459594727
84695,0.1344130039215088
84114,0.13715291023254395
107007,0.14304709434509277
82859,0.1557021141052246
86348,0.13562464714050293
102804,0.1368880271911621
103344,0.15004849433898926
96333,0.1384730339050293
91231,0.1320812702178955
102293,0.1357421875
91253,0.13893699645996094
129180,0.13619637489318848
108182,0.13994383811950684
113420,0.13932490348815918
81072,0.13687586784362793
81400,0.14023375511169434
92135,0.13878607749938965
95578,0.13652729988098145
122992,0.13524746894836426
104296,0.14502358436584473
117491,0.1374359130859375
84550,0.14136314392089844
86168,0.15131640434265137
107482,0.1375744342803955
131118,0.13825345039367676
94119,0.1401844024658203
95104,0.13609027862548828
144104,0.13956356048583984
127147,0.13788676261901855
80954,0.1407465934753418
114640,0.13961124420166016
117592,0.13763689994812012
106220,0.13938617706298828
102970,0.1403191089630127
105206,0.1364889144897461
127763,0.1380767822265625
138868,0.13963103294372559
83248,0.1369478702545166
114708,0.1715714931488037
131595,0.13809585571289062
149432,0.13567423820495605
129578,0.14348244667053223
84528,0.1108243465423584
129219,0.1423482894897461
102949,0.15033292770385742
83548,0.13577008247375488
105839,0.17091131210327148
117404,0.13886308670043945
111178,0.1403946876525879
