161820,0.16577792167663574
103217,0.17902326583862305
129889,0.15364503860473633
146178,0.13219928741455078
124175,0.1420283317565918
100776,0.146834135055542
124959,0.14510250091552734
104843,0.15105056762695312
151499,0.1465449333190918
116159,0.1377277374267578
215893,0.14359354972839355
181026,0.1497788429260254
174769,0.13925528526306152
94914,0.14133262634277344
98801,0.1360330581665039
117654,0.13572144508361816
127945,0.14022016525268555
95712,0.1351931095123291
95848,0.14153385162353516
100076,0.10762214660644531
100628,0.1353747844696045
99070,0.1360468864440918
101181,0.13836932182312012
99334,0.136185884475708
170912,0.1381397247314453
135412,0.13562870025634766
101161,0.14293456077575684
100570,0.14229297637939453
147308,0.1405956745147705
98349,0.16554713249206543
104108,0.13687825202941895
137796,0.14919018745422363
130884,0.13953924179077148
112705,0.1384260654449463
115445,0.13834810256958008
122104,0.1428699493408203
108677,0.13819003105163574
188416,0.1450517177581787
131843,0.14006757736206055
139469,0.1402111053466797
94605,0.1362628936767578
96104,0.13518428802490234
113223,0.13944721221923828
120082,0.13709783554077148
158687,0.13757109642028809
136296,0.1544361114501953
147939,0.14235496520996094
100597,0.13632678985595703
102721,0.135392427444458
124297,0.1522068977355957
177457,0.14477109909057617
112698,0.1324460506439209
115624,0.13416504859924316
203625,0.14275836944580078
163690,0.13838481903076172
94737,0.1373293399810791
129422,0.1384139060974121
147409,0.1402580738067627
135380,0.1405792236328125
126133,0.14422225952148438
124205,0.14221692085266113
173613,0.14455604553222656
181202,0.1385340690612793
97242,0.13747525215148926
146281,0.14023160934448242
181902,0.1420421600341797
199449,0.14174723625183105
176349,0.13918495178222656
99647,0.13867831230163574
165172,0.14453959465026855
121183,0.14152121543884277
100177,0.14802122116088867
138649,0.15292882919311523
146811,0.14059877395629883
137661,0.1432507038116455
