66928,0.10157275199890137
55397,0.09770822525024414
58403,0.08403730392456055
67719,0.09678125381469727
58156,0.09559869766235352
54070,0.10316896438598633
58455,0.09497809410095215
54509,0.09198784828186035
70335,0.0985250473022461
57174,0.0971987247467041
80938,0.09635758399963379
67758,0.09680294990539551
67136,0.09938454627990723
53721,0.10039234161376953
54265,0.09828567504882812
61949,0.09789085388183594
57960,0.09910750389099121
54154,0.09142327308654785
53767,0.08507037162780762
54283,0.09853172302246094
54440,0.08709716796875
54133,0.09517621994018555
54782,0.08481717109680176
54836,0.08226990699768066
67517,0.0987710952758789
63570,0.10050153732299805
54332,0.09676408767700195
54383,0.09504246711730957
62892,0.09107208251953125
54021,0.09925246238708496
54943,0.0968770980834961
60309,0.09615826606750488
58541,0.08184170722961426
57841,0.09716320037841797
55733,0.08284974098205566
59218,0.09701156616210938
54696,0.0965576171875
67421,0.08174872398376465
60081,0.09583091735839844
63517,0.09622597694396973
53422,0.09857726097106934
53800,0.09454178810119629
56227,0.08857274055480957
58064,0.09539175033569336
67380,0.09221720695495605
62656,0.0981132984161377
65816,0.09598875045776367
54597,0.09121179580688477
55393,0.09255075454711914
60534,0.08623075485229492
66950,0.07990026473999023
57213,0.1034691333770752
58544,0.0981135368347168
81192,0.10103797912597656
73181,0.0977785587310791
53978,0.09237432479858398
64331,0.08849382400512695
68518,0.08645415306091309
60644,0.09845876693725586
59828,0.12301921844482422
60354,0.09804344177246094
69970,0.0870063304901123
77079,0.09946155548095703
55318,0.09451937675476074
66358,0.09382843971252441
67151,0.09883999824523926
81723,0.08327913284301758
75621,0.10198068618774414
55380,0.09150028228759766
74913,0.0906834602355957
61387,0.08200240135192871
54193,0.09685420989990234
68400,0.09422516822814941
62392,0.08100485801696777
69672,0.10003256797790527
