72800,0.0904695987701416
58198,0.09983634948730469
62008,0.10246920585632324
73608,0.09666919708251953
61872,0.10246419906616211
56719,0.10027575492858887
62156,0.0866539478302002
56981,0.09875607490539551
75569,0.09865808486938477
60208,0.09249496459960938
91238,0.0964508056640625
74339,0.08963274955749512
73887,0.09852218627929688
56110,0.09583115577697754
56678,0.09770965576171875
65629,0.08782601356506348
61938,0.09983539581298828
56553,0.07917213439941406
55862,0.08149313926696777
56819,0.0958409309387207
56727,0.08156514167785645
56457,0.09650969505310059
57120,0.09907746315002441
57321,0.09925103187561035
74046,0.0919802188873291
68472,0.08609890937805176
56823,0.09486961364746094
56721,0.0833733081817627
68392,0.09841346740722656
56182,0.09778046607971191
57080,0.0944058895111084
64986,0.09099745750427246
62484,0.08397626876831055
61221,0.08330011367797852
58842,0.10199856758117676
62650,0.09606122970581055
57205,0.09132885932922363
73387,0.09625577926635742
64670,0.08223700523376465
69772,0.09826898574829102
55835,0.09905123710632324
55820,0.09519529342651367
59147,0.0964508056640625
60531,0.09430265426635742
73586,0.09889578819274902
67010,0.10234642028808594
72192,0.09669637680053711
56875,0.08819818496704102
57603,0.0877530574798584
65079,0.09110331535339355
75336,0.09152579307556152
60120,0.0825498104095459
61549,0.09751605987548828
89461,0.09714913368225098
79347,0.09766817092895508
56009,0.10007143020629883
68842,0.09623265266418457
74098,0.09458518028259277
65988,0.09536480903625488
63142,0.0799870491027832
63437,0.0972297191619873
76758,0.09450674057006836
85732,0.09840035438537598
57421,0.09846973419189453
71986,0.08197689056396484
74582,0.09669971466064453
90557,0.09304022789001465
81687,0.09584307670593262
57480,0.09824371337890625
81199,0.0960683822631836
64428,0.09598803520202637
55995,0.09638810157775879
73305,0.09786701202392578
69233,0.08608078956604004
74482,0.08355903625488281
