168939,0.16003727912902832
109408,0.1540393829345703
136852,0.16259241104125977
153241,0.159956693649292
130760,0.15417861938476562
107290,0.15334463119506836
135015,0.14456701278686523
112738,0.15117406845092773
163725,0.1445760726928711
126567,0.13316082954406738
232596,0.13903522491455078
198381,0.14124202728271484
187968,0.14209485054016113
100741,0.14667248725891113
105045,0.13889265060424805
126684,0.14391231536865234
139834,0.13925981521606445
101915,0.14388632774353027
102453,0.14131784439086914
106826,0.136000394821167
106849,0.1357259750366211
105548,0.14214324951171875
106329,0.13618016242980957
105685,0.13898110389709473
188139,0.14628839492797852
149253,0.13794374465942383
107723,0.13525652885437012
106662,0.1388235092163086
161202,0.14251399040222168
104341,0.15974068641662598
110810,0.14888668060302734
147330,0.13815927505493164
135198,0.1380312442779541
121363,0.1423931121826172
115692,0.14115428924560547
130484,0.13758635520935059
119550,0.14235591888427734
202241,0.14089632034301758
140421,0.14751625061035156
147527,0.13708734512329102
101053,0.13952064514160156
102486,0.13719868659973145
122169,0.14279747009277344
121079,0.1376488208770752
176952,0.1413571834564209
144585,0.13593077659606934
166396,0.14264345169067383
108391,0.13857698440551758
110850,0.13723206520080566
136647,0.14001250267028809
200800,0.13792061805725098
122042,0.14083337783813477
125654,0.13550496101379395
231979,0.14665460586547852
185637,0.1401209831237793
102150,0.13742637634277344
143161,0.14008355140686035
166090,0.1416492462158203
150247,0.13930153846740723
137687,0.14099836349487305
136474,0.14134430885314941
195832,0.14071154594421387
204801,0.14281344413757324
105099,0.13727760314941406
164468,0.16016769409179688
206360,0.14034271240234375
222167,0.14170193672180176
198937,0.14099836349487305
107659,0.14011263847351074
183502,0.14064240455627441
132237,0.13846087455749512
108143,0.14514541625976562
153626,0.14029502868652344
161735,0.1527092456817627
152330,0.1418626308441162
