512149,0.6970922946929932
336122,0.6396536827087402
425748,0.6714150905609131
426188,0.6414744853973389
416855,0.627352237701416
345285,0.6321475505828857
425875,0.6538352966308594
360588,0.6286604404449463
467614,0.6693880558013916
434358,0.5882048606872559
551013,0.5302712917327881
525580,0.5723347663879395
485495,0.5855011940002441
313573,0.5650672912597656
321996,0.5750410556793213
401384,0.576535701751709
409329,0.5438251495361328
312436,0.5776722431182861
312918,0.5793144702911377
343043,0.5694608688354492
347713,0.5750026702880859
343761,0.5658237934112549
338796,0.5755879878997803
342829,0.570232629776001
552848,0.5681264400482178
473326,0.5744798183441162
365305,0.5788531303405762
344696,0.5654606819152832
591741,0.569995641708374
342363,0.5640442371368408
362045,0.5783629417419434
459128,0.5658957958221436
462600,0.5874147415161133
425840,0.5691330432891846
411722,0.5891826152801514
493018,0.5907542705535889
466988,0.5825366973876953
696990,0.5724449157714844
542454,0.5956883430480957
425223,0.5777533054351807
314790,0.5611879825592041
322530,0.5704715251922607
380756,0.5600149631500244
415528,0.5649142265319824
546297,0.5713508129119873
488868,0.5699396133422852
510745,0.5980768203735352
347204,0.5605103969573975
356095,0.6993453502655029
459960,0.6284847259521484
623287,0.5943326950073242
385595,0.5867965221405029
379674,0.6148812770843506
790254,0.6211137771606445
541173,0.5710453987121582
322612,0.56829833984375
420585,0.574296236038208
492097,0.5727431774139404
459136,0.5828983783721924
464544,0.580054759979248
438712,0.5728063583374023
566310,0.5683143138885498
531514,0.5991694927215576
331555,0.5679724216461182
511894,0.5924181938171387
594254,0.5731284618377686
581322,0.5852415561676025
559171,0.5735647678375244
342634,0.5722362995147705
495786,0.5726938247680664
426039,0.5511505603790283
359821,0.5738773345947266
435638,0.5664570331573486
472752,0.5704741477966309
443620,0.5356073379516602
