144252,0.1720876693725586
93743,0.15475249290466309
115800,0.15923428535461426
129356,0.14765644073486328
109965,0.15217947959899902
91464,0.16412067413330078
111524,0.15094423294067383
95684,0.1129603385925293
132911,0.1410219669342041
106576,0.14021849632263184
188732,0.15085387229919434
160065,0.13960742950439453
153251,0.11347317695617676
86668,0.14338946342468262
89727,0.1387772560119629
104329,0.13570761680603027
113960,0.14181065559387207
87007,0.13535118103027344
87750,0.13553714752197266
91152,0.13921666145324707
90982,0.13695025444030762
89849,0.11635541915893555
91215,0.13762354850769043
90876,0.13976526260375977
146007,0.13355064392089844
122619,0.13829970359802246
91236,0.1388704776763916
90645,0.13725733757019043
132931,0.13953900337219238
89407,0.15221548080444336
93574,0.13262724876403809
121478,0.13920211791992188
116237,0.13774490356445312
109287,0.1421804428100586
103407,0.13583970069885254
110669,0.14052391052246094
110760,0.1381053924560547
170010,0.13919281959533691
121656,0.1385338306427002
123224,0.13604974746704102
86142,0.136702299118042
87071,0.14969444274902344
101467,0.1316969394683838
108280,0.13760709762573242
141235,0.13867545127868652
122526,0.14024782180786133
135142,0.14183449745178223
91020,0.1367814540863037
92038,0.13873600959777832
110214,0.13559365272521973
158394,0.1381542682647705
102693,0.12378621101379395
104771,0.13551044464111328
183510,0.14101886749267578
148645,0.13788986206054688
86971,0.13194608688354492
116159,0.13438177108764648
132421,0.13682937622070312
121153,0.11193466186523438
112694,0.14113402366638184
112373,0.14153480529785156
155631,0.16617631912231445
164013,0.14281082153320312
88444,0.13911700248718262
135196,0.1403489112854004
165046,0.11017370223999023
176028,0.14126276969909668
157173,0.1414031982421875
90500,0.1396036148071289
145323,0.14443588256835938
108121,0.14784979820251465
90223,0.13694190979003906
122750,0.14552521705627441
130862,0.14029741287231445
126994,0.14450883865356445
