662622,3.0259742736816406
536968,2.9474329948425293
656516,2.941260576248169
648353,2.877795696258545
626858,2.9541175365448
623222,2.930896282196045
642409,2.938434362411499
659849,2.8328440189361572
619680,3.0259976387023926
582015,2.998204231262207
570870,2.9472711086273193
724329,2.951399564743042
753113,2.9421658515930176
718214,3.2051961421966553
801909,3.1818578243255615
645314,3.1893155574798584
666092,3.2348852157592773
758351,3.0938563346862793
651917,3.0489041805267334
652550,2.9694299697875977
627179,2.9497246742248535
594091,2.995364189147949
522678,2.9961421489715576
559472,2.9529635906219482
561410,2.948150396347046
569938,2.902557611465454
528440,2.8630731105804443
530748,2.980397939682007
581576,2.905996084213257
736911,2.9284348487854004
737869,3.0055437088012695
611889,2.971374273300171
638026,2.9965696334838867
577415,3.026116132736206
688208,3.001771926879883
665750,3.264385223388672
664748,2.6005892753601074
578118,1.3443987369537354
