472958,1.5218076705932617
433483,1.5394761562347412
478832,1.5125072002410889
481725,1.456122875213623
453585,1.5808298587799072
460495,1.512052297592163
475740,1.5061314105987549
492933,1.3991470336914062
461476,1.5313055515289307
436758,1.4835686683654785
422332,1.6406686305999756
527023,1.5103559494018555
538295,1.515228033065796
534904,1.6066770553588867
598583,1.5850939750671387
462955,1.5858359336853027
495225,1.6006543636322021
554782,1.7445878982543945
460011,1.5039417743682861
524111,1.5284233093261719
457314,1.5183818340301514
430620,1.5329625606536865
433477,1.5339577198028564
419388,1.5625967979431152
416274,1.4382820129394531
437329,1.5274293422698975
402828,1.5151097774505615
391846,1.4903717041015625
426314,1.4886603355407715
530360,1.5192780494689941
551849,1.5249474048614502
445665,1.519439935684204
486692,1.5439109802246094
458408,1.5360150337219238
489890,1.5529015064239502
484471,1.331890344619751
478329,1.340397596359253
425604,0.6967639923095703
