264065,0.7283594608306885
260523,0.7046082019805908
256182,0.7515006065368652
260711,0.6843693256378174
274759,0.720634937286377
266598,0.7019965648651123
257508,0.6981134414672852
265218,0.7884182929992676
239976,0.7324812412261963
254231,0.7274672985076904
263128,0.7320840358734131
255113,0.7175590991973877
252060,0.8400590419769287
251719,0.765284538269043
282478,0.7800841331481934
241819,0.8161711692810059
259302,0.7599592208862305
264673,0.6794579029083252
255616,0.6889376640319824
264574,0.7049171924591064
250538,0.703721284866333
243936,0.6987082958221436
261669,0.7602899074554443
260606,0.7122178077697754
260632,0.6844522953033447
259580,0.7275063991546631
285361,0.7083005905151367
274559,0.7132954597473145
260330,0.677060604095459
254262,0.7464327812194824
261945,0.7518148422241211
269492,0.7350599765777588
249031,0.7569425106048584
249892,0.7563447952270508
259884,0.757082462310791
265970,0.651369571685791
258430,0.6477091312408447
167225,0.32166028022766113
