272316,0.7007017135620117
299441,0.7308914661407471
285094,0.7191624641418457
259501,0.7469627857208252
265955,0.6909799575805664
301620,0.666893482208252
268431,0.7049267292022705
278580,0.7020385265350342
274885,0.7271525859832764
267847,0.7201921939849854
305700,0.7417469024658203
285082,0.7265558242797852
301054,0.756568193435669
285364,0.7816507816314697
257439,0.7756049633026123
268893,0.7707669734954834
274789,0.7700333595275879
277945,0.6885075569152832
260013,0.7103617191314697
295761,0.7073278427124023
266215,0.7195758819580078
276137,0.7330672740936279
299983,0.6946723461151123
281495,0.6901044845581055
267841,0.7259726524353027
283493,0.7191181182861328
283256,0.7118685245513916
282942,0.705085039138794
286960,0.7077300548553467
286050,0.7574710845947266
254437,0.7412083148956299
271826,0.7303683757781982
265967,0.7764801979064941
305005,0.7448208332061768
302612,0.7197701930999756
282550,0.6484627723693848
289292,0.6585438251495361
167851,0.31639647483825684
