321106,0.6887030601501465
299966,0.7079730033874512
317292,0.7000031471252441
320331,0.7117011547088623
314217,0.7228884696960449
311331,0.6783103942871094
326728,0.7125973701477051
329508,0.6887917518615723
309345,0.7586925029754639
296175,0.7091774940490723
299167,0.6787552833557129
331802,0.7176487445831299
337935,0.7737827301025391
341303,0.7902867794036865
364722,0.7963309288024902
309632,0.7905151844024658
324499,0.7715754508972168
349874,0.7095441818237305
307091,0.7076454162597656
329126,0.716465950012207
303255,0.7183940410614014
307285,0.7051074504852295
301331,0.7156805992126465
294331,0.7467331886291504
300047,0.7110130786895752
303274,0.6859755516052246
298157,0.6804935932159424
292850,0.7149393558502197
298671,0.715085506439209
331151,0.762253999710083
351929,0.7724618911743164
311555,0.7426621913909912
317555,0.7572360038757324
302106,0.7375214099884033
320794,0.7601816654205322
314373,0.6463601589202881
308663,0.6553194522857666
248149,0.29912328720092773
