257589,0.7336347103118896
257796,0.7117319107055664
251861,0.7078406810760498
263671,0.7444396018981934
259838,0.694854736328125
242115,0.6640381813049316
266438,0.7149319648742676
282481,0.7215917110443115
262950,0.7361855506896973
258092,0.7137248516082764
260480,0.6758644580841064
257628,0.6692821979522705
272073,0.7862019538879395
263716,0.7885475158691406
283143,0.7772984504699707
249176,0.7863471508026123
263200,0.7661557197570801
282277,0.7106802463531494
257207,0.7340312004089355
261546,0.7106814384460449
247475,0.69134521484375
269871,0.721649169921875
251012,0.7556192874908447
262497,0.7037608623504639
259880,0.7359373569488525
270747,0.6936182975769043
287087,0.6912088394165039
263107,0.6893255710601807
251291,0.6796226501464844
267901,0.7615172863006592
248824,0.7461655139923096
261498,0.7391955852508545
254307,0.7378582954406738
255049,0.7489345073699951
271554,0.7565677165985107
254247,0.636929988861084
252810,0.6357855796813965
169527,0.3158118724822998
