246994,0.713709831237793
252633,0.8065032958984375
253986,0.7242293357849121
257116,0.7535722255706787
259800,0.7154202461242676
257850,0.66658616065979
239263,0.7117674350738525
249805,0.7783522605895996
254865,0.7210743427276611
257050,0.7225964069366455
277164,0.7021663188934326
250897,0.6741175651550293
251178,0.7828977108001709
246979,0.7732908725738525
249431,0.7721970081329346
248714,0.777642011642456
251422,0.7972145080566406
243347,0.6849398612976074
252997,0.7303800582885742
249899,0.6946542263031006
248265,0.6876909732818604
256685,0.7172486782073975
260253,0.6995053291320801
259794,0.7120249271392822
274360,0.6826705932617188
247327,0.7077178955078125
277552,0.7288110256195068
269896,0.6751227378845215
253756,0.7116515636444092
230562,0.755915641784668
242177,0.755943775177002
278200,0.752396821975708
257764,0.7244703769683838
260412,0.7587645053863525
257900,0.7475225925445557
246622,0.6598601341247559
241088,0.6734826564788818
160712,0.28277111053466797
