294747,0.7436933517456055
272532,0.7772626876831055
280235,0.7825815677642822
250127,0.7573668956756592
262710,0.6908648014068604
276119,0.6791636943817139
254679,0.7119140625
258081,0.7392730712890625
295521,0.7063684463500977
275867,0.6715705394744873
281344,0.7377784252166748
262995,0.7024612426757812
245638,0.7817883491516113
245117,0.7834165096282959
253970,0.7440078258514404
271455,0.7817356586456299
247443,0.7699837684631348
255415,0.7005352973937988
278539,0.6994495391845703
260455,0.7193770408630371
278549,0.7136251926422119
281488,0.7153880596160889
259553,0.6922934055328369
263099,0.6912665367126465
261084,0.7401444911956787
293190,0.7056431770324707
278974,0.6815142631530762
272244,0.6902525424957275
276803,0.6873214244842529
245555,0.7508559226989746
246033,0.727954626083374
282489,0.7211024761199951
285930,0.75408935546875
282029,0.7642250061035156
284148,0.7646901607513428
282962,0.6317474842071533
275618,0.638995885848999
160942,0.3074226379394531
