person 0.9157875776290894 424 210 443 249
person 0.9351061582565308 274 256 298 288
person 0.7544256448745728 1071 235 1084 257
person 0.4169274866580963 1106 279 1128 303
person 0.6893070936203003 1101 405 1124 437
car 0.9362002611160278 200 368 315 428
car 0.9805477857589722 584 114 615 145
car 0.9943315982818604 593 152 630 181
car 0.9604507088661194 618 135 646 163
car 0.9847465753555298 590 136 623 162
car 0.9835813045501709 638 155 671 181
traffic_light 0.9385513663291931 1144 313 1160 338
