person 0.8600113391876221 424 210 442 248
person 0.929362416267395 274 255 298 288
car 0.9379420876502991 201 368 315 427
car 0.9895176291465759 583 115 614 145
car 0.9964579939842224 594 152 630 181
car 0.9892024397850037 638 156 670 181
car 0.9728207588195801 619 135 646 163
car 0.9925065636634827 688 415 816 510
car 0.9904417991638184 591 135 623 161
car 0.8301662802696228 1025 300 1069 330
traffic_light 0.9385766983032227 1144 314 1160 338
traffic_light 0.7954261302947998 1072 236 1084 257
traffic_light 0.43736955523490906 1106 280 1128 303
