person 0.780432939529419 424 210 441 245
person 0.8242331147193909 1070 236 1083 258
person 0.8565122485160828 275 256 298 288
person 0.38174283504486084 1106 280 1130 304
person 0.876145601272583 301 229 319 257
car 0.9236605167388916 207 370 311 425
car 0.9971816539764404 677 302 784 360
car 0.9856414198875427 483 264 571 316
car 0.9830270409584045 585 114 616 145
car 0.9855567812919617 509 183 538 210
car 0.9906125068664551 593 153 630 181
car 0.9620857834815979 109 378 193 429
car 0.9858485460281372 639 157 670 182
car 0.9787841439247131 591 137 622 163
car 0.9470429420471191 621 134 647 163
car 0.8410724997520447 518 142 538 164
traffic_light 0.8728829026222229 1143 313 1160 337
