person 0.8853466510772705 1069 236 1083 259
person 0.573638379573822 1106 281 1126 305
car 0.9412599205970764 210 366 311 423
car 0.9731935262680054 113 378 188 428
car 0.9772497415542603 585 112 613 145
car 0.9962658286094666 608 164 641 194
car 0.9896034002304077 644 157 671 181
car 0.9746955633163452 623 131 650 160
car 0.9901158213615417 679 157 719 183
car 0.995557963848114 611 177 648 206
car 0.989437460899353 590 131 617 157
car 0.9223531484603882 513 186 538 214
traffic_light 0.6774211525917053 1143 315 1160 338
traffic_light 0.7473717331886292 426 211 442 243
