person 0.8537793755531311 424 210 443 248
person 0.9328339099884033 274 255 298 288
person 0.37235745787620544 1106 279 1129 304
car 0.9402914643287659 201 368 314 426
car 0.9900057911872864 584 115 615 145
car 0.9896444082260132 843 401 938 494
car 0.9669410586357117 512 337 640 411
car 0.9898440837860107 928 403 1011 486
car 0.9963303208351135 593 152 630 182
car 0.847027063369751 811 548 944 686
car 0.9886852502822876 638 156 670 182
car 0.9910306930541992 591 135 624 162
car 0.9683085680007935 619 134 646 163
traffic_light 0.8574324250221252 1143 312 1160 337
traffic_light 0.7447941899299622 1072 235 1084 258
