person 0.6529688835144043 1142 312 1160 335
person 0.6165263652801514 1106 278 1125 304
person 0.9431169033050537 1069 238 1084 258
car 0.991256594657898 693 421 789 566
car 0.9864353537559509 202 368 310 423
car 0.926605224609375 178 498 303 576
car 0.98769611120224 611 114 638 140
car 0.9958475828170776 594 160 626 187
car 0.9687181711196899 710 249 780 305
car 0.9573295712471008 175 430 280 499
car 0.9780544638633728 112 382 188 428
car 0.6940372586250305 1020 267 1065 291
car 0.9824496507644653 57 399 113 437
