person 0.6505029201507568 887 188 902 209
person 0.3582974672317505 1143 318 1159 339
car 0.9180117845535278 257 417 388 492
car 0.9693575501441956 1018 259 1067 294
car 0.9899933934211731 949 244 1002 269
car 0.7959682941436768 315 488 459 566
car 0.9662590622901917 574 91 591 106
car 0.9919030070304871 562 166 590 196
car 0.7897714376449585 86 310 127 339
car 0.7958777546882629 665 142 692 168
car 0.9080823063850403 1084 283 1141 312
car 0.7634754180908203 93 435 171 487
truck 0.45349302887916565 317 499 458 574
