person 0.5158372521400452 1107 282 1126 305
car 0.9357002377510071 209 367 312 423
car 0.9603230357170105 113 378 191 429
car 0.9893185496330261 558 166 586 194
car 0.8991433382034302 584 110 617 144
car 0.9967285394668579 639 158 672 182
car 0.9933068156242371 512 186 541 209
car 0.9943231344223022 603 156 638 183
car 0.979804277420044 148 298 210 332
car 0.9193136096000671 375 322 481 380
car 0.9812712073326111 590 139 623 166
traffic_light 0.5032151341438293 1144 314 1159 337
traffic_light 0.7501452565193176 423 209 440 242
