person 0.6307318806648254 1107 279 1128 305
person 0.9799434542655945 1070 237 1084 258
car 0.9703953862190247 205 367 312 423
car 0.9550051093101501 127 435 233 498
car 0.9858531951904297 113 380 189 427
car 0.9816837310791016 53 400 114 435
car 0.9899114966392517 130 309 187 343
car 0.7499727606773376 1019 267 1065 292
car 0.9960362315177917 640 157 675 184
car 0.9954428672790527 620 134 650 157
car 0.9914673566818237 658 135 692 156
car 0.9757556915283203 596 97 621 114
traffic_light 0.5908192992210388 1142 313 1159 338
