person 0.9100514650344849 424 210 443 248
person 0.9305286407470703 274 255 298 288
car 0.9254604578018188 201 368 315 428
car 0.9860104322433472 583 115 614 145
car 0.995762050151825 594 152 630 181
car 0.8803724646568298 548 93 564 110
car 0.9639436602592468 619 135 646 163
car 0.9884563684463501 591 135 623 161
car 0.9844641089439392 639 155 670 181
traffic_light 0.9548145532608032 1144 314 1160 338
traffic_light 0.7648204565048218 1072 235 1084 257
traffic_light 0.4624170660972595 1106 279 1128 303
