person 0.5213956236839294 1108 282 1126 304
car 0.9768944382667542 209 367 312 422
car 0.9821851849555969 113 379 189 428
car 0.9880678653717041 558 166 585 194
car 0.8966836333274841 584 110 617 143
car 0.9912965297698975 559 179 589 204
car 0.9917842149734497 239 323 328 370
car 0.9962853193283081 640 157 671 180
car 0.9908488988876343 513 186 541 209
car 0.9936596751213074 603 156 637 182
car 0.9828832745552063 676 159 720 183
car 0.980281412601471 591 140 622 166
car 0.961693286895752 89 311 134 335
traffic_light 0.5864704251289368 1144 315 1159 337
traffic_light 0.6905069351196289 423 209 440 242
traffic_light 0.756176769733429 1072 235 1084 255
