person 0.5660979151725769 1142 313 1159 337
person 0.6980183124542236 1106 278 1125 305
person 0.8250818252563477 915 188 929 208
car 0.9489865899085999 201 369 311 425
car 0.9434689879417419 155 433 262 498
car 0.9877464771270752 607 111 634 134
car 0.9605737328529358 57 398 113 436
car 0.9820350408554077 56 330 100 364
car 0.590895414352417 1021 267 1065 291
car 0.9927434921264648 640 157 675 183
car 0.9655091166496277 113 380 189 428
car 0.9896456003189087 620 135 650 159
car 0.8820962309837341 129 495 245 559
car 0.9876390695571899 660 134 693 155
