person 0.8987439274787903 423 210 442 245
person 0.8966090679168701 274 255 297 287
person 0.7801221013069153 1071 236 1083 258
person 0.9401355981826782 300 229 319 258
person 0.41682830452919006 1105 279 1129 304
car 0.9751976132392883 580 262 665 316
car 0.9683131575584412 480 349 590 410
car 0.9123883247375488 209 369 310 424
car 0.9902043342590332 584 113 616 145
car 0.9907020330429077 509 183 539 208
car 0.7416675090789795 951 419 1034 512
car 0.9903225302696228 595 152 628 181
car 0.9894866943359375 640 158 670 181
car 0.9507003426551819 192 329 269 371
car 0.9862988591194153 557 160 584 186
car 0.949180006980896 517 144 538 166
car 0.9204575419425964 110 378 192 431
car 0.9573744535446167 620 135 646 163
car 0.9864880442619324 592 138 622 163
car 0.9827303886413574 676 159 718 184
traffic_light 0.8415313363075256 1143 313 1159 337
