person 0.7272114157676697 423 210 440 243
person 0.9082149863243103 898 212 911 239
person 0.7196272015571594 1071 236 1084 258
person 0.5155729651451111 1107 282 1127 305
car 0.9504978060722351 209 366 311 424
car 0.992846667766571 560 180 590 206
car 0.9775657653808594 114 377 188 428
car 0.8995116353034973 584 109 617 143
car 0.9942570328712463 605 157 637 184
car 0.9951956868171692 640 158 670 181
car 0.9867925643920898 513 186 541 210
car 0.9874191880226135 559 166 585 192
car 0.9233466386795044 905 337 990 406
car 0.9893772602081299 678 158 719 181
car 0.9661633372306824 620 135 646 161
traffic_light 0.660784125328064 1144 315 1160 337
