person 0.5888863801956177 1140 311 1159 334
car 0.9767167568206787 673 156 718 180
car 0.9887400269508362 204 368 311 419
car 0.9945354461669922 588 147 621 171
car 0.9811615943908691 177 431 282 498
car 0.9603558778762817 569 96 590 114
car 0.556435227394104 609 107 633 129
car 0.9744483828544617 625 141 664 167
car 0.8466912508010864 1018 267 1065 292
car 0.9293947219848633 658 184 693 208
car 0.993897020816803 62 399 111 434
car 0.9900807738304138 114 380 189 427
car 0.35961437225341797 1104 279 1128 305
car 0.9482893943786621 1029 303 1070 328
