car 0.9964904189109802 329 270 415 322
car 0.8994935750961304 1017 267 1064 292
car 0.9761161804199219 113 380 187 427
car 0.9724326133728027 210 368 310 420
car 0.9456248879432678 1121 351 1166 387
car 0.916922926902771 639 158 675 182
car 0.38136887550354004 1105 279 1129 304
car 0.9866794943809509 596 85 624 102
car 0.9515663981437683 621 131 650 155
car 0.8776112794876099 839 293 917 356
car 0.8680009841918945 662 101 687 116
car 0.9706025123596191 1029 301 1072 329
car 0.8652152419090271 683 158 718 180
traffic_light 0.6829875111579895 1143 311 1162 337
traffic_light 0.7363828420639038 712 157 739 175
