car 0.9593189358711243 1115 358 1156 395
car 0.8856072425842285 731 172 766 194
car 0.9781944155693054 210 369 311 423
car 0.9176274538040161 1018 267 1065 291
car 0.9850062727928162 112 379 189 427
car 0.9591453075408936 658 133 690 153
car 0.9716590046882629 621 133 650 156
car 0.9619290232658386 932 227 977 249
car 0.9522322416305542 640 159 673 182
car 0.9863187074661255 589 84 616 102
car 0.5624075531959534 259 500 392 578
car 0.9726541638374329 1028 302 1073 329
car 0.8582170009613037 647 94 666 111
car 0.5767656564712524 1104 280 1132 306
traffic_light 0.5996528267860413 1141 312 1159 335
