person 0.38726386427879333 1105 279 1128 305
car 0.9649794697761536 152 434 253 498
car 0.928056001663208 132 494 237 560
car 0.9891110062599182 205 369 310 420
car 0.8526650071144104 1019 267 1066 292
car 0.9611097574234009 605 110 634 134
car 0.9704763293266296 640 158 674 182
car 0.9631754755973816 620 136 649 160
car 0.9946940541267395 60 399 113 435
car 0.9893336892127991 58 331 100 362
car 0.9894885420799255 113 381 188 428
car 0.9021785855293274 903 223 952 242
car 0.9256691336631775 662 133 693 154
car 0.9574846029281616 678 157 719 180
traffic_light 0.8168289661407471 914 187 929 209
traffic_light 0.412055641412735 1142 312 1161 335
