car 0.9245350360870361 1018 266 1065 291
car 0.9217617511749268 1133 326 1167 357
car 0.9309454560279846 952 228 992 249
car 0.5409800410270691 1104 281 1130 304
car 0.973905086517334 620 132 650 157
car 0.968660295009613 113 379 188 428
car 0.9669297933578491 211 369 310 421
car 0.9674813747406006 1029 302 1071 329
car 0.9370649456977844 640 157 676 182
car 0.9781187772750854 240 284 309 315
car 0.8917590379714966 663 121 690 140
car 0.7340951561927795 878 170 915 193
motorbike 0.5833691358566284 20 350 49 384
traffic_light 0.6793113946914673 848 238 886 269
