person 0.6052679419517517 1142 310 1160 334
person 0.9079954028129578 1070 238 1086 257
person 0.8095266819000244 936 187 950 209
car 0.988587498664856 207 367 311 422
car 0.9963627457618713 221 286 290 320
car 0.8774446845054626 1018 267 1066 292
car 0.9767245054244995 110 437 195 494
car 0.9633128046989441 640 159 672 183
car 0.9908958077430725 112 380 190 428
car 0.9934341907501221 58 397 112 435
car 0.9456769227981567 660 134 691 153
car 0.9743183255195618 620 136 650 158
car 0.6892737150192261 751 190 786 215
car 0.5161504745483398 1103 280 1131 306
car 0.962852418422699 599 99 625 119
car 0.9350634813308716 680 158 720 182
car 0.9456969499588013 1030 304 1068 328
