car 0.9898799657821655 205 371 313 420
car 0.9814856648445129 557 178 589 206
car 0.9911280870437622 509 186 539 211
car 0.9506596326828003 640 156 674 182
car 0.9781404733657837 168 329 243 379
car 0.9533723592758179 49 73 1232 626
car 0.6860994696617126 668 114 701 137
car 0.9891980290412903 250 282 326 313
car 0.5778651237487793 584 111 618 144
car 0.9685922861099243 596 152 629 181
car 0.9886289834976196 113 377 191 428
car 0.9898989796638489 58 314 103 348
car 0.7471426129341125 1104 281 1135 306
car 0.9626848697662354 678 158 720 183
car 0.9850532412528992 1029 304 1068 329
traffic_light 0.8270342946052551 1074 236 1086 254
