person 0.633722722530365 1144 312 1160 336
car 0.9950915575027466 312 260 390 301
car 0.988899290561676 210 370 310 421
car 0.7872938513755798 653 411 743 490
car 0.9912706613540649 510 185 539 210
car 0.9454647898674011 599 391 670 450
car 0.9688164591789246 557 165 586 196
car 0.9887465834617615 114 379 187 427
car 0.9741370677947998 55 70 1221 633
car 0.5577921271324158 582 110 618 144
car 0.9077556133270264 706 337 797 401
car 0.9666686058044434 18 373 53 404
car 0.9726559519767761 639 158 673 182
car 0.9729328751564026 595 153 628 180
car 0.9692501425743103 680 159 719 182
car 0.9912302494049072 222 329 295 361
car 0.7669664621353149 658 100 689 119
car 0.8842941522598267 143 312 193 344
car 0.8579933047294617 792 233 844 268
car 0.9824917912483215 1025 300 1066 327
