person 0.5856411457061768 1141 312 1159 336
car 0.9481605887413025 561 161 588 192
car 0.9940954446792603 528 294 640 353
car 0.9643626809120178 925 321 986 374
car 0.9547648429870605 178 432 279 499
car 0.9858928322792053 268 369 359 418
car 0.5952591300010681 196 501 304 574
car 0.9365501999855042 821 206 880 233
car 0.8785887360572815 1018 267 1069 293
car 0.9674370288848877 70 434 141 489
car 0.9840877652168274 491 200 530 230
car 0.8293386101722717 709 193 745 223
traffic_light 0.7582922577857971 1069 239 1083 258
traffic_light 0.8107340931892395 1105 274 1119 295
