person 0.35708266496658325 1105 279 1127 305
car 0.8629182577133179 605 109 633 133
car 0.9904208183288574 203 368 311 419
car 0.9671170711517334 171 432 264 498
car 0.8546772599220276 1018 267 1064 292
car 0.9959917664527893 59 398 112 435
car 0.9886512756347656 113 380 188 427
car 0.9587645530700684 169 495 262 555
car 0.9715250730514526 679 160 719 182
car 0.9672887921333313 640 159 673 182
car 0.9200234413146973 897 219 943 244
car 0.9273786544799805 658 135 691 157
car 0.9372749328613281 622 139 649 161
traffic_light 0.8858813643455505 659 108 679 130
traffic_light 0.4350252151489258 1141 311 1160 335
