person 0.6434012055397034 1142 313 1159 336
car 0.9802756905555725 208 368 312 422
car 0.9799615144729614 589 89 616 108
car 0.9023509621620178 1016 268 1067 293
car 0.9827477335929871 112 378 189 428
car 0.9669339060783386 622 132 650 156
car 0.9206538200378418 1081 374 1121 410
car 0.8445184230804443 667 123 691 140
car 0.9455084800720215 640 159 674 182
car 0.39469486474990845 1105 279 1129 305
car 0.9386258125305176 659 133 690 154
car 0.9518280625343323 918 223 961 242
car 0.9560490846633911 1029 302 1071 328
