person 0.362934410572052 1104 279 1129 305
car 0.9739056825637817 595 95 622 115
car 0.9790933132171631 208 369 313 423
car 0.8926293849945068 1019 267 1066 292
car 0.9834747910499573 112 377 189 428
car 0.9819380044937134 621 132 651 156
car 0.9645311832427979 641 160 673 182
car 0.9173229932785034 706 149 735 169
car 0.9524459838867188 659 133 691 153
car 0.9221184253692627 903 220 948 241
car 0.5937047600746155 1084 380 1115 417
car 0.9618867039680481 506 167 540 199
traffic_light 0.7056344747543335 968 192 984 215
