person 0.8124244809150696 1141 311 1160 334
car 0.9880251288414001 1039 372 1100 413
car 0.9856711030006409 618 128 653 157
car 0.9706692099571228 178 431 283 497
car 0.9345308542251587 194 501 306 574
car 0.9850198030471802 203 367 311 422
car 0.8974508047103882 1020 267 1067 293
car 0.5229204297065735 1153 243 1175 261
car 0.3895307183265686 1104 279 1130 306
car 0.990646481513977 111 379 190 428
car 0.9894515872001648 583 128 615 152
car 0.9568560719490051 1028 303 1069 327
traffic_light 0.554206371307373 859 187 877 211
