221653,0.5975580215454102
219899,0.5592589378356934
231259,0.5870051383972168
231839,0.586338996887207
227297,0.5888302326202393
249376,0.48685407638549805
230571,0.5337738990783691
240916,0.4985771179199219
262012,0.5122785568237305
230827,0.5244543552398682
236457,0.5228345394134521
232041,0.5045797824859619
223548,0.5158803462982178
223299,0.520777702331543
223287,0.5228002071380615
321769,0.5076971054077148
293089,0.5225875377655029
224032,0.5186712741851807
246859,0.521491289138794
235055,0.5240204334259033
241098,0.518024206161499
221536,0.52597975730896
221460,0.5182571411132812
227760,0.5133569240570068
234219,0.5423471927642822
241550,0.5710501670837402
224082,0.5222494602203369
270966,0.5218956470489502
224396,0.5245692729949951
239846,0.5200190544128418
251119,0.5192513465881348
297964,0.5195338726043701
232242,0.5239710807800293
218798,0.5214078426361084
244747,0.5203671455383301
230333,0.5203120708465576
225548,0.5274868011474609
156361,0.24404215812683105
