310297,0.6402626037597656
256513,0.5827450752258301
285895,0.6060748100280762
308558,0.5872809886932373
291823,0.5624871253967285
289634,0.518984317779541
286908,0.5248150825500488
314699,0.521597146987915
404102,0.5153288841247559
280860,0.5182244777679443
318631,0.520967960357666
286904,0.5152270793914795
311034,0.5135273933410645
289269,0.5174994468688965
270857,0.516693115234375
545121,0.5232124328613281
393921,0.5238587856292725
332383,0.524787425994873
289214,0.5169785022735596
231713,0.5051889419555664
368538,0.52520751953125
346029,0.5275089740753174
282791,0.5262656211853027
361379,0.5422952175140381
244208,0.5261120796203613
364786,0.5246057510375977
287431,0.5280981063842773
409138,0.5202960968017578
344642,0.521653413772583
280076,0.5177912712097168
407652,0.5205881595611572
427842,0.546684741973877
356380,0.5228307247161865
313993,0.5239379405975342
330126,0.5257105827331543
359415,0.5261588096618652
277653,0.5215280055999756
256006,0.2536025047302246
