223352,0.6225316524505615
229566,0.5671594142913818
240640,0.5587258338928223
232420,0.6024839878082275
254050,0.5402700901031494
262450,0.516838788986206
241340,0.5184392929077148
227213,0.5262782573699951
228439,0.5205545425415039
239276,0.5183413028717041
236808,0.5166444778442383
239814,0.5221431255340576
225264,0.5184805393218994
225751,0.5186142921447754
233215,0.522742509841919
229479,0.5222337245941162
218060,0.5009269714355469
233151,0.5201187133789062
243090,0.5160725116729736
236349,0.5285589694976807
225589,0.5190365314483643
224107,0.52962327003479
237920,0.5191717147827148
248381,0.5155990123748779
228693,0.5239207744598389
217159,0.5193555355072021
225576,0.5382163524627686
231681,0.564483642578125
237108,0.5181453227996826
242379,0.5205512046813965
220687,0.5019571781158447
229440,0.5028321743011475
226091,0.49702978134155273
221516,0.5234308242797852
242344,0.5199463367462158
240849,0.517913818359375
254767,0.5396163463592529
144670,0.2316875457763672
