223586,0.564084529876709
232633,0.5823390483856201
222972,0.5703325271606445
226825,0.5682768821716309
240854,0.6166801452636719
252576,0.5127038955688477
223416,0.5195372104644775
233892,0.5190494060516357
235563,0.523343563079834
238339,0.5264241695404053
228378,0.5170297622680664
238401,0.5211262702941895
216993,0.49296140670776367
230543,0.5273714065551758
222221,0.5132834911346436
266634,0.5230965614318848
246016,0.5199058055877686
221743,0.5350911617279053
236028,0.521414041519165
241492,0.5032274723052979
228306,0.5202028751373291
220578,0.5283124446868896
230281,0.5218119621276855
219620,0.5157091617584229
235931,0.521106481552124
223610,0.521996021270752
224903,0.5368247032165527
246035,0.535496711730957
231250,0.5177218914031982
239262,0.5165524482727051
226528,0.5434603691101074
265288,0.5196051597595215
217930,0.5177757740020752
210040,0.5224161148071289
234758,0.528496265411377
233217,0.5184895992279053
252285,0.5229177474975586
152776,0.24051856994628906
