237240,0.6006758213043213
230091,0.5987787246704102
240349,0.5676500797271729
240036,0.628089189529419
231235,0.5554296970367432
243975,0.49250173568725586
233632,0.5158653259277344
263247,0.5183839797973633
308123,0.5155127048492432
234098,0.515519380569458
245356,0.5106770992279053
243319,0.5032820701599121
241200,0.5437436103820801
234374,0.503535270690918
228820,0.5182170867919922
391438,0.5193474292755127
344973,0.5304694175720215
240948,0.520068883895874
228633,0.5299618244171143
225720,0.5219097137451172
275671,0.5204730033874512
250522,0.5209009647369385
232299,0.5279343128204346
254999,0.5189247131347656
224926,0.5265777111053467
273062,0.5191125869750977
224061,0.528195858001709
310646,0.5198192596435547
245094,0.5279581546783447
233238,0.5290048122406006
294845,0.519921064376831
332533,0.518496036529541
259594,0.5207970142364502
236420,0.5234057903289795
266385,0.5242044925689697
264228,0.5077753067016602
235580,0.5238549709320068
178712,0.23895716667175293
