287261,0.6084480285644531
244485,0.5661134719848633
267620,0.5447738170623779
277063,0.6311712265014648
265663,0.5666007995605469
278392,0.5103037357330322
261635,0.49889659881591797
289260,0.515570878982544
390202,0.5356481075286865
261073,0.7145960330963135
277873,0.5154843330383301
272819,0.5158684253692627
283784,0.5018787384033203
261202,0.5236401557922363
265648,0.502483606338501
494946,0.5232665538787842
399733,0.5230839252471924
291729,0.5275099277496338
270383,0.5194745063781738
228429,0.5237953662872314
338176,0.5261626243591309
306017,0.5221195220947266
255558,0.5150573253631592
311749,0.5263690948486328
225178,0.5289633274078369
336737,0.5198812484741211
264592,0.5428674221038818
374004,0.519859790802002
303891,0.526496410369873
264933,0.5431766510009766
363724,0.5228092670440674
405362,0.5224602222442627
323706,0.525235652923584
279680,0.5257081985473633
307667,0.5177836418151855
321827,0.525439977645874
260729,0.5379178524017334
228809,0.24057531356811523
