573
555
375
290
566
279
112
193
241
312
172
361
445
458
121
425
300
80
280
500
479
597
68
171
558
12
94
477
64
213
622
262
392
15
63
33
557
57
233
461
488
510
376
162
160
434
481
185
10
216
247
552
470
537
637
410
55
448
147
136
469
482
76
116
208
534
150
206
492
220
5
204
304
452
19
489
529
157
175
577
107
244
256
574
544
367
556
332
433
528
366
348
219
460
305
444
493
515
125
302
26
141
84
232
634
560
385
540
85
394
386
522
349
255
144
306
155
541
36
138
40
91
532
402
288
28
54
530
531
380
274
590
629
390
217
335
343
378
465
11
533
259
287
223
174
110
360
48
7
226
588
628
536
397
202
252
137
323
325
65
292
624
62
428
315
603
615
307
59
81
143
584
301
329
313
427
396
30
626
631
576
289
50
388
472
468
389
593
242
607
41
113
454
168
261
115
253
79
159
251
587
417
101
379
17
523
130
61
621
381
342
393
526
18
82
408
275
518
535
471
563
411
546
142
542
46
31
122
627
38
52
600
134
165
421
413
51
314
126
436
334
238
589
146
391
545
350
98
124
221
496
467
404
195
294
384
297
371
318
108
321
120
328
319
409
602
212
485
24
395
200
182
383
453
60
601
228
21
102
114
71
426
197
549
310
398
277
83
105
339
369
507
89
504
598
451
569
269
58
227
331
311
186
13
422
516
222
153
336
636
490
632
240
511
225
633
198
363
456
595
581
354
211
486
196
374
179
104
572
135
625
498
123
258
420
299
338
39
543
565
218
613
272
284
37
431
178
183
508
27
281
440
358
42
333
525
562
503
553
243
154
582
264
273
585
414
478
520
270
271
352
506
415
148
547
66
370
67
457
617
405
364
73
606
32
265
441
443
1
224
377
611
245
580
605
502
188
20
308
56
127
462
235
517
43
583
6
401
438
407
8
356
234
180
295
203
93
594
609
166
591
139
614
53
316
303
74
283
466
298
586
9
266
550
551
480
327
450
201
87
177
22
296
169
285
35
278
322
474
571
524
439
97
4
106
475
119
570
117
133
237
320
539
34
599
464
152
181
419
446
187
109
254
317
561
90
412
199
494
267
459
49
400
418
351
509
75
355
403
173
362
487
151
164
210
449
86
45
92
499
158
341
29
406
559
514
473
512
372
620
131
399
340
483
47
623
214
538
579
604
373
69
118
132
519
619
578
190
44
260
359
429
612
635
491
592
447
495
156
463
77
176
149
16
346
276
501
387
215
161
368
353
630
103
432
618
14
248
111
596
291
455
170
347
70
231
3
424
2
236
326
430
88
163
513
286
282
205
344
435
527
23
100
309
268
207
95
239
184
554
293
497
505
610
442
96
616
567
192
78
249
250
191
128
229
167
484
324
548
99
423
437
194
246
568
345
230
365
337
608
330
357
521
564
189
140
209
263
575
257
72
382
129
416
476
145
25
