0
1
2
3
5
6
7
8
9
10
11
12
13
14
16
17
18
26
28
29
30
31
33
34
36
37
40
41
42
44
47
49
53
55
56
57
58
59
61
62
63
64
65
66
67
68
70
72
73
75
76
77
90
91
92
93
94
99
101
102
103
104
106
107
108
109
111
117
118
119
125
128
129
130
131
132
134
136
137
138
140
141
142
143
145
146
147
148
149
150
151
152
153
154
155
158
162
164
166
167
169
170
172
173
175
188
189
190
191
192
193
194
200
201
202
205
206
207
216
217
218
219
224
232
236
237
238
239
240
242
246
248
250
252
257
258
259
260
264
266
277
281
290
291
292
293
294
296
297
298
318
322
325
329
331
334
335
341
354
356
361
363
367
371
381
394
413
484
