3
49
69
80
81
85
88
89
92
96
97
99
100
106
107
108
109
111
115
116
117
118
120
123
139
140
142
143
150
151
153
156
161
167
168
169
170
171
172
173
174
175
176
177
178
186
192
198
224
225
231
233
234
240
241
242
243
246
249
262
295
313
314
315
316
317
318
319
320
321
322
323
324
326
327
328
329
330
331
332
333
334
335
337
338
339
357
364
365
370
371
373
376
385
386
387
388
389
390
391
395
396
399
401
402
404
407
408
410
411
412
413
415
416
417
418
420
421
422
424
425
426
427
428
429
430
431
432
433
434
435
436
437
438
439
440
441
442
444
445
446
447
448
449
450
451
455
456
457
459
460
461
462
463
465
466
469
472
474
477
478
479
480
481
482
483
484
490
492
493
494
495
496
497
498
499
501
505
506
507
508
510
511
512
513
514
517
521
522
523
524
526
527
528
529
532
533
534
535
538
539
542
544
545
546
547
548
549
550
551
552
554
555
558
559
560
561
563
564
565
566
572
573
574
575
216
217
218
219
222
225
226
228
230
231
232
233
234
238
