226803,0.27351951599121094
224873,0.27128100395202637
223579,0.2762725353240967
229743,0.2799036502838135
219761,0.2769927978515625
224267,0.28005242347717285
221539,0.2657616138458252
223583,0.27885985374450684
222219,0.2597188949584961
220482,0.30170536041259766
219382,0.2687506675720215
224885,0.29892516136169434
218506,0.264005184173584
208952,0.2741258144378662
228804,0.2704172134399414
208858,0.2753477096557617
218575,0.2674217224121094
227254,0.27263903617858887
175531,0.1914043426513672
